7.853926894212006626e-01,0.000000000000000000e+00,0.000000000000000000e+00,-9.999999999998898659e-05,-2.294907375886679757e-01,7.887841960642161254e-02
7.777725277347840027e-01,0.000000000000000000e+00,0.000000000000000000e+00,-9.984265468110375963e-05,-2.273134184431177263e-01,7.811449358093032480e-02
7.700747893394743748e-01,2.284836704701439285e-06,9.259580381938075352e-07,-9.949874232684902640e-05,-2.251037941736304393e-01,7.724868630122133650e-02
7.623291085177708037e-01,5.145043269222767143e-06,2.061958496822912962e-06,-9.886872348660871929e-05,-2.229282317485806464e-01,7.645363819481684753e-02
7.540602570141686778e-01,9.154832322459776405e-06,3.625078493814542503e-06,-9.798281874905506977e-05,-2.204289007768318043e-01,7.573442556149492799e-02
7.458571936151126014e-01,1.431673443824282175e-05,5.601231472926825644e-06,-9.683846317789983967e-05,-2.180409444856412637e-01,7.495355024206440397e-02
7.381315392442933110e-01,2.063214357593249305e-05,7.980323855978028593e-06,-9.543299324859097672e-05,-2.156860874007548445e-01,7.410287233451039179e-02
7.300261656165598634e-01,2.810603905975032237e-05,1.074026899435451153e-05,-9.376507707735738954e-05,-2.132445445766121550e-01,7.332867045308386067e-02
7.222833004804966039e-01,3.673752631606744029e-05,1.387600905419195865e-05,-9.183200883721184371e-05,-2.110437579660230378e-01,7.250646755800665977e-02
7.141903840340327880e-01,4.653253000128683024e-05,1.736090632880090879e-05,-8.963311064172536924e-05,-2.086497937262906388e-01,7.178028769418023924e-02
7.064015409117678779e-01,3.076446413393155856e-06,2.119441039400620717e-05,-1.001160563504428411e-04,-2.064821173390879172e-01,7.094559115446562314e-02
6.982653836437894279e-01,-3.899420097562428526e-05,2.534380887042116481e-05,-9.657520555621106637e-05,-2.039917483453807245e-01,7.014408770830736495e-02
6.900799511079209747e-01,-2.548739060215980687e-05,-2.439989258704475749e-05,-8.766109067497238603e-05,-2.015344991397174101e-01,6.941415871881158328e-02
6.821944871325820170e-01,-1.082110956708554960e-05,-1.953313995820937692e-05,-1.842323857978784738e-04,-1.992403089898451829e-01,6.870767871916308445e-02
6.743643479473380165e-01,5.011655967288314617e-06,-1.438181347179507885e-05,-1.805181709640283434e-04,-1.969241006022542373e-01,6.788264365025023506e-02
6.665882685359029169e-01,2.201237551069860804e-05,-8.958912344364693202e-06,-1.765241263510942797e-04,-1.946200701315610182e-01,6.703532423625245540e-02
6.587086973201782270e-01,-1.361136172527322974e-05,-3.285282224678902851e-06,-1.839209355783853674e-04,-1.922733499720605810e-01,6.632488061700526905e-02
6.508824878412988735e-01,5.839232487063689822e-06,2.631447426247735328e-06,-1.791691231913063501e-04,-1.900342393304130240e-01,6.555898286257182128e-02
6.430011647393577556e-01,-2.715873562536116602e-05,8.768122407594919126e-06,-1.735119372813772394e-04,-1.877921319509519571e-01,6.477194030721386553e-02
6.351478244884829483e-01,-5.263574845991650279e-06,1.511966270589972938e-05,-1.681839171821237057e-04,-1.854764228641432589e-01,6.400932739868724075e-02
6.273452458832600165e-01,1.780262899250659151e-05,2.167351213926630227e-05,-1.625687206159016191e-04,-1.831716072790743333e-01,6.322452239371273430e-02
6.195922509021907221e-01,-1.130798095675921420e-05,-2.493157655284082498e-05,-1.622951625282894824e-04,-1.809742246277955824e-01,6.238685266971391585e-02
6.117365574688404806e-01,1.421816117490719819e-05,-1.793908882335969393e-05,-2.559683567945800187e-04,-1.786038862651719294e-01,6.161725598258517567e-02
6.039517367151587823e-01,-1.227241233448404341e-05,-1.078793456978638879e-05,-2.487349710891453695e-04,-1.763596270920221032e-01,6.087870844431811368e-02
5.960862278121835667e-01,1.568425884121305505e-05,-3.507654193980441546e-06,-2.418156191719700310e-04,-1.739972797246915892e-01,6.006624139187083378e-02
5.882463920430541782e-01,-8.174005331541389546e-06,3.904025435229879934e-06,-2.444444045296723664e-04,-1.716569999182243345e-01,5.924452711675985694e-02
5.805588867410158560e-01,2.222770087722910327e-05,1.145584815196972772e-05,-2.367717964794545068e-04,-1.693680457571755948e-01,5.849634118909115277e-02
5.727050449952147959e-01,9.581406712378132094e-07,1.907151981064496808e-05,-2.281419833363690472e-04,-1.670645554583178038e-01,5.773004651378749186e-02
5.649810157786251397e-01,-1.895895960402260358e-05,-2.596030089023752235e-05,-2.246279665285147778e-04,-1.647935608370287019e-01,5.695283727520677325e-02
5.573007710181581142e-01,1.513428677412139144e-05,-1.806988213024737742e-05,-2.159809233142213057e-04,-1.625594391448513809e-01,5.625176805602055685e-02
5.495383548927771367e-01,-2.185445573154491511e-06,-1.013926105664711521e-05,-2.063184433371100912e-04,-1.602086855240071883e-01,5.547346071482640861e-02
5.418378871051328094e-01,-1.821644074231237344e-05,-2.156627047282552183e-06,-2.057245179432453785e-04,-1.578557995236429534e-01,5.466230180042017800e-02
5.342451539880119782e-01,1.958638604708272049e-05,5.898511023391371792e-06,-1.959861559899723127e-04,-1.555711871502372112e-01,5.394774615554177866e-02
5.266071941779401078e-01,6.134598907019933279e-06,1.395205232730740199e-05,-2.853336287736962231e-04,-1.533967728690955601e-01,5.327456382617595104e-02
5.189902557020900087e-01,-5.979050755059484841e-06,2.202179326542904022e-05,-2.831653746890684447e-04,-1.511168829123739621e-01,5.252071552232948082e-02
5.113942802853268521e-01,3.549319612220142636e-05,-2.215172796566364580e-05,-2.682935440785328926e-04,-1.488555232623332003e-01,5.175671948271357709e-02
5.038369008793424086e-01,-2.623033168308541065e-05,-1.401698327947833456e-05,-2.643737357970489792e-04,-1.465038154214935162e-01,5.099728397564375765e-02
4.962129574938592413e-01,1.769696242756673397e-05,-5.945454875012524203e-06,-2.528801820414304101e-04,-1.442729030227905551e-01,5.029251383000040571e-02
4.888341128234960364e-01,-4.131549325932617252e-05,2.179124958808533744e-06,-2.478213881302705562e-04,-1.421408419652325228e-01,4.944038013404490617e-02
4.813698088222292393e-01,5.094640602116936291e-06,1.021752052872773337e-05,-2.356299589348221225e-04,-1.399675487198217272e-01,4.880175474737920988e-02
4.739408193821826876e-01,7.348357349988293687e-07,1.820084629794108070e-05,-2.302016772396977260e-04,-1.377762852532544158e-01,4.804561146792964144e-02
4.665462568167770829e-01,-2.354001216311849579e-06,-2.574353649699959070e-05,-2.128228988348052130e-04,-1.355914837420170715e-01,4.727028322907866897e-02
4.591690100598950219e-01,4.767714917567555347e-05,-1.784499741215942321e-05,-1.994972641784839161e-04,-1.334233621313163365e-01,4.648512342299127020e-02
4.518090305407915785e-01,-4.575685774939092236e-06,-1.003702396773558968e-05,-2.918705776358795131e-04,-1.312716224471390247e-01,4.568975825568759308e-02
4.444973122618155470e-01,-3.826779054804719392e-06,-2.331585995583143604e-06,-2.843761910709344948e-04,-1.291382513439467972e-01,4.496535982320601366e-02
4.372016172023167058e-01,-1.768028477474667011e-06,5.260798587625020266e-06,-2.692395706664248156e-04,-1.270204175115313139e-01,4.423126437656596521e-02
4.299218826452018138e-01,1.601067942071825405e-06,1.272842362745892523e-05,-2.606506983363225997e-04,-1.249178560838618418e-01,4.348727869136168045e-02
4.227757795467007584e-01,6.213537248338686449e-06,2.012803144142314573e-05,-2.447359355881951809e-04,-1.228277973319940319e-01,4.272216450038803653e-02
4.155563137875815660e-01,1.206202764556863365e-05,-2.415215098146298369e-05,-2.319794478609332310e-04,-1.207564935061299083e-01,4.204076608402747967e-02
4.084684643246254132e-01,1.913911309533016669e-05,-1.699789015900728608e-05,-2.154806301959498308e-04,-1.186967238856228568e-01,4.133898427708212336e-02
4.013945062172661893e-01,-2.385588105126032428e-05,-1.000740002347095781e-05,-2.043012172093120816e-04,-1.166507598324964257e-01,4.062761406872045233e-02
3.943344217013629582e-01,3.718308707722552955e-05,-3.191984086888122275e-06,-2.878136638392544445e-04,-1.145393431802930045e-01,4.002472204648686860e-02
3.873148653639253425e-01,-3.283346249354529797e-06,3.437347726085226988e-06,-2.755834143964063301e-04,-1.125015680598965007e-01,3.927902983685539751e-02
3.802949231774488403e-01,8.941013506321916673e-06,9.869710520391594946e-06,-2.633785836855094152e-04,-1.104863728518433591e-01,3.853082369803002838e-02
3.733138868963444268e-01,2.228223054038377127e-05,1.609493965531553440e-05,-2.450463186548706767e-04,-1.084850820716176667e-01,3.785789972265383996e-02
3.663450544235228312e-01,-1.423127949078812810e-05,-2.903517241196735169e-05,-2.285485729997077079e-04,-1.063975265191547809e-01,3.719389305142322549e-02
3.593882301731990414e-01,1.718337973570121279e-06,-2.321417017040185998e-05,-2.147540523451453326e-04,-1.043043138384152219e-01,3.642068656422421669e-02
3.525576512938107254e-01,1.885276436220681436e-05,-1.753614824073848418e-05,-1.954635762060323188e-04,-1.023549027395149746e-01,3.580792816334250894e-02
3.457502523339184286e-01,-1.384645510040986450e-05,-1.210322255247702108e-05,-2.802325827219747821e-04,-1.002919010322225746e-01,3.509765279601121529e-02
3.390556189866366643e-01,5.777124113262408097e-06,-6.820230899147196438e-06,-2.652303090528625455e-04,-9.836176470880758638e-02,3.445654687048597953e-02
3.322811131316752986e-01,2.656514324976549466e-05,-1.905011253296968298e-06,-2.447520170512116158e-04,-9.633015115674915807e-02,3.381977988281478081e-02
3.255168599150126685e-01,-2.273595228626940520e-06,2.733841971054049891e-06,-2.281632746704934393e-04,-9.440859885992790301e-02,3.315672325352717054e-02
3.188754394008500581e-01,-2.988568015431740507e-05,7.201670556974963230e-06,-2.107980783736692590e-04,-9.237942678697629029e-02,3.239251867699502463e-02
3.122542615915094300e-01,-5.462365187864242566e-06,1.137963837199527878e-05,-1.939025208671482420e-04,-9.048402915237234445e-02,3.179572871070504569e-02
3.057437447209510051e-01,2.021688215347211784e-05,1.538030091587345866e-05,-2.718147478181644314e-04,-8.858754639578285406e-02,3.108746483717064052e-02
2.991407601537893757e-01,-3.601031591435260850e-06,-3.180273885580023655e-05,-2.508805627828986085e-04,-8.659782015192420135e-02,3.038806626075053752e-02
2.926580829106545933e-01,-2.622544647551581660e-05,-2.838971850140964328e-05,-2.319714689710305534e-04,-8.472877642863824166e-02,2.975549939059463772e-02
2.861935647274438943e-01,3.019099899741154868e-06,-2.530161689328781619e-05,-2.130655957581850744e-04,-8.286182881084697138e-02,2.910907497223226559e-02
2.797369933073114989e-01,3.350826725025718065e-05,-2.254767562818122886e-05,-1.896823555875419597e-04,-8.100431070526299682e-02,2.845365693075171606e-02
2.733895931219467168e-01,1.461467261679317076e-05,-1.999558214080740583e-05,-1.692931506344146845e-04,-7.915962483416240369e-02,2.778633636182062383e-02
2.670590323281522016e-01,-3.119218226088129938e-06,-1.779071945099232940e-05,-2.486656973784588730e-04,-7.733019553666145574e-02,2.720466784443564476e-02
2.607446295707732120e-01,-1.970749098101135362e-05,-1.594295824709616145e-05,-2.275296966017769360e-04,-7.550234899932037336e-02,2.661015831151657823e-02
2.544370982750138177e-01,-3.500822333601948561e-05,-1.446172013001917845e-05,-2.058876127306686146e-04,-7.368285513697288291e-02,2.600685815908619636e-02
2.482458521798784068e-01,-4.918236699275876445e-05,-1.319841039176110466e-05,-1.834273681786387580e-04,-7.195526546708150284e-02,2.527618489758047191e-02
2.420609375337994529e-01,3.890541635863677106e-05,-1.231314578688861948e-05,-1.584390012074026865e-04,-7.014898482934592283e-02,2.464901541359394016e-02
2.358822899938178563e-01,2.723543910090749258e-05,-1.181580776921226660e-05,-2.353656073517328107e-04,-6.845007931656189870e-02,2.400094425197750458e-02
2.298185622239531378e-01,1.667137866379235565e-05,-1.154456795295021869e-05,-2.121347653220358870e-04,-6.666761920484211290e-02,2.344989243546890048e-02
2.237605836925670166e-01,7.375053456389223978e-06,-1.167209033591612522e-05,-1.880695606514382707e-04,-6.498055535284436024e-02,2.277947671142067226e-02
2.177156824344950170e-01,-8.348040149677030475e-07,-1.220846297509611890e-05,-1.638609885623667248e-04,-6.330610565042410487e-02,2.219724377234129353e-02
2.117768441401783053e-01,-7.786958376091941125e-06,-1.297743984278495045e-05,-1.391765144245873161e-04,-6.164109993451673264e-02,2.160464737891549733e-02
2.060550382931050917e-01,-1.386267465324690727e-05,-1.378544307793611081e-05,-2.140195446378952474e-04,-5.998211041388737397e-02,2.099331065831208654e-02
2.003376754696992723e-01,-1.850551759118201813e-05,-1.500306134741740434e-05,-1.887721804670222409e-04,-5.843337223438325317e-02,2.046658527443765557e-02
1.946280221528701171e-01,-2.210118230118874975e-05,-1.663977035574793311e-05,-1.626648187749654164e-04,-5.678145673777926228e-02,1.984045849805639999e-02
1.890232013304966319e-01,-2.445963150515727012e-05,-1.850022835059098172e-05,-1.364919570683651297e-04,-5.524713862699159872e-02,1.929478738300206830e-02
1.834286984973336476e-01,-2.579120692365464073e-05,-2.078895843235908640e-05,-2.094398798468533995e-04,-5.370418086736850061e-02,1.863940943094048036e-02
1.778379641918746423e-01,-2.589602462799592226e-05,-2.351443187058522470e-05,-1.823378528521333154e-04,-5.217641689274116895e-02,1.807735137542227852e-02
1.723514894720119262e-01,-2.477447021065057453e-05,-2.646669977339271171e-05,-1.547834387261467191e-04,-5.065602313472300500e-02,1.750631796712579652e-02
1.668743054722416075e-01,-2.265164017348052775e-05,-2.986472617843334503e-05,-1.267698556405050280e-04,-4.913631938895915430e-02,1.692611056160652633e-02
1.614002080351312207e-01,-1.931307759473354201e-05,1.650052905092730537e-05,-1.995142839762315825e-04,-4.762202366566019307e-02,1.633875048809640615e-02
1.560326662869702397e-01,-1.499357700703043308e-05,1.240517259491731862e-05,-1.705505711307900123e-04,-4.601496029068834204e-02,1.574904620865067925e-02
1.506681905950529865e-01,-9.230045708324545686e-06,7.848530042186375872e-06,-1.411326422680539568e-04,-4.440845018163944169e-02,1.515375733112228791e-02
1.452088611125354478e-01,-2.496405906369859871e-06,2.577486264321501553e-06,-1.117424854063441225e-04,-4.281312937209436759e-02,1.465116979792047656e-02
1.397571440027814416e-01,5.191634633940648020e-06,-3.182976664855080084e-06,-1.814164835205548656e-04,-4.131137439023809671e-02,1.403212548301499552e-02
1.344037928355088229e-01,1.432780238586488579e-05,-9.186536803188659477e-06,-1.511534867121871355e-04,-3.972695095945648347e-02,1.351353559803656484e-02
1.290576226314476271e-01,-2.573054856339403935e-05,-1.568677006428533335e-05,-1.201719871799689532e-04,-3.814318309747668362e-02,1.298598992880525306e-02
1.237160436232363214e-01,-1.471296146944773260e-05,-2.269260632566500490e-05,-8.904959701767556552e-05,-3.666383757232333923e-02,1.244369457714974807e-02
1.184770260825470933e-01,-2.242544623757177472e-06,-2.994108962534678322e-05,-1.575025109839741657e-04,-3.508645991692749266e-02,1.189987237161541263e-02
1.132419078247677985e-01,1.114290285446179055e-05,1.240407362546699880e-05,-1.263725799511029044e-04,-3.361349143863559541e-02,1.134253603240403287e-02
1.081111658684015681e-01,2.542681177065204463e-05,4.395553126695959016e-06,-9.392415860513178550e-05,-3.214579428025337443e-02,1.077604594683964634e-02
1.029823057060342967e-01,-8.919076148452945952e-06,-4.130777019882085792e-06,-1.619931128495130245e-04,-3.057916069134238371e-02,1.020888016703411574e-02
9.785698088810511341e-02,7.717876054087805977e-06,-1.318346490442590238e-05,-1.286216125081801490e-04,-2.911677536117910844e-02,9.629351769662699428e-03
9.283350646811468210e-02,-2.454713774133874160e-05,-2.247108077202865514e-05,-9.521753363715651064e-05,-2.766391273192643843e-02,9.142126487305300697e-03
8.781435148723414075e-02,-5.871006546219150311e-06,1.777266633101057611e-05,-1.616731328872271912e-04,-2.620752668316417636e-02,8.547055510093010816e-03
8.289418995429066739e-02,1.427320182673637788e-05,7.716909075570175741e-06,-1.276254743609825674e-04,-2.476245329815779037e-02,8.046184234352615067e-03
7.787948062507091262e-02,3.495089227532536511e-05,-3.192360611142495585e-06,-9.253208841889686617e-05,-2.331381731564553805e-02,7.438527437939448060e-03
7.306610945305626326e-02,-4.299078191161913136e-05,-1.401141488823305944e-05,-1.581117064031259400e-04,-2.197152194864032335e-02,6.919033756287604371e-03
6.825274589233729094e-02,-1.967726341756761987e-05,-2.537087397885364308e-05,-1.227920273016254102e-04,-2.053475928334274822e-02,6.398128065133751145e-03
6.344245370730658418e-02,4.455000663707802845e-06,1.275199743220536234e-05,-8.821623042258107774e-05,-1.920232468672922188e-02,5.967274254131212444e-03
5.863345963784039050e-02,2.973030730044589465e-05,2.810206583555094315e-07,-1.527380850979593056e-04,-1.777266933863877463e-02,5.533211317648262413e-03
5.392726478050472588e-02,-4.424518243147951025e-05,-1.240695312965533635e-05,-1.164933930959917901e-04,-1.644173090917654123e-02,4.989810458450946382e-03
4.922007539667608289e-02,-1.668114658808370068e-05,-2.565499616160067930e-05,-8.020591656350003302e-05,-1.511801078813990173e-02,4.541612433149546171e-03
4.461498875817432319e-02,1.166335003596818758e-05,1.090372207326777445e-05,-1.438827127817303290e-04,-1.379564685065236621e-02,4.086131324488444586e-03
4.001087685852020015e-02,4.113723550758613910e-05,-3.119412754078618676e-06,-1.067957690700021775e-04,-1.247586398044057965e-02,3.626137271070173883e-03
3.550798603323053471e-02,-2.865076703060425237e-05,-1.734013821206735047e-05,-6.951114492709181767e-05,-1.115878365789869237e-02,3.160011695423904990e-03
3.100518140494270061e-02,3.080488561357834885e-06,1.787950165367103268e-05,-1.318762376847591722e-04,-9.843063880452950984e-03,2.688341303219358817e-03
2.650364907167457318e-02,3.555365514389128217e-05,2.516780565119656003e-06,-9.434994780735887060e-05,-8.531222510113779106e-03,2.312005267074682038e-03
2.210205673025901485e-02,-3.086319854949918796e-05,-1.303352590912246454e-05,-5.578470706397171665e-05,-7.221132594318481479e-03,1.830229420080342097e-03
1.770110796145967641e-02,3.842803523325916302e-06,2.084159157171238826e-05,-1.168557113668179550e-04,-6.011932923717618234e-03,1.341758526144559965e-03
1.340048517603557518e-02,3.966306676560216442e-05,4.538423621853857131e-06,-7.817511684100712788e-05,-4.706457997715113480e-03,9.499294386141310907e-04
9.100305164101546093e-03,-2.381338045257946494e-05,-1.234111240250028750e-05,-3.833631721434153217e-05,-3.502252587601668247e-03,4.526861198445350618e-04
0.000000000000000000e+00,0.000000000000000000e+00,0.000000000000000000e+00,-9.893745955957822247e-05,-2.300277040358068761e-03,4.444176330635778074e-05
0.000000000000000000e+00,0.000000000000000000e+00,0.000000000000000000e+00,-5.911190232421592583e-05,-1.099751395796155990e-03,-3.564534918044261333e-04
0.000000000000000000e+00,0.000000000000000000e+00,0.000000000000000000e+00,-1.180468893634545324e-04,9.705513441751029667e-05,-8.675695018685356625e-04
-7.600321987304576796e-03,3.327641880879083405e-05,1.643128743235114668e-05,-7.744650508512937763e-05,1.295175370006367748e-03,-1.282050715686985009e-03
-1.170044518995514218e-02,-2.470273733200800884e-05,-2.508060154309515424e-06,-3.640282003256398977e-05,2.490026531812775026e-03,-1.701033050005504744e-03
-1.570069789316998893e-02,1.795669127040990746e-05,-2.158300304539415387e-05,-9.415331607407131248e-05,3.682773747225465393e-03,-2.224779977693602372e-03
-1.980153621906924344e-02,-3.783884040469629302e-05,8.295508140029449551e-06,-5.219782098375589453e-05,4.774043931668708711e-03,-2.651240581328763793e-03
-2.370243753992833102e-02,6.991169011388816505e-06,-1.149003669518120398e-05,-1.102126355436170464e-05,5.965106757540102229e-03,-2.981878028131316159e-03
-2.760405982286126547e-02,-4.710357828809901980e-05,1.814492356060616688e-05,-6.822408976590890154e-05,7.053611897904517661e-03,-3.416081408908621005e-03
-3.150547090388840926e-02,-1.126666299646771182e-07,-2.811720755225110143e-06,-2.535613498777851917e-05,8.240618543823593697e-03,-3.854530073695698958e-03
-3.530819302508949459e-02,-2.540508311058471787e-06,2.613545149456883632e-05,-8.258413301914163467e-05,9.328086299627155742e-03,-4.195331053467598464e-03
-3.911145247592183460e-02,-3.906849936448679599e-06,4.489354902666442819e-06,-4.006566046829364611e-05,1.041353021492147021e-02,-4.539092415406745240e-03
-4.291449348332226910e-02,-4.212583801239468195e-06,-1.775162305865400685e-05,3.219016616128091011e-06,1.149893810444158754e-02,-4.885906366876125589e-03
-4.661838590999629189e-02,-2.943446431463043723e-06,9.937628184279515055e-06,-5.328861820908451896e-05,1.258233588183662981e-02,-5.237110479231121482e-03
-5.032296986642989522e-02,-1.123444379027476117e-06,-1.297823254511862220e-05,-9.255204141887685035e-06,1.366466892495822073e-02,-5.590220857856575618e-03
-5.392852110600788312e-02,1.754223252883222151e-06,1.406019837277468288e-05,-6.502303078862455650e-05,1.474613520924218830e-02,-5.947029094637570727e-03
-5.753400935247429682e-02,-4.433672240774772075e-05,-9.509330309322941788e-06,-2.040794512511077919e-05,1.582664546907255540e-02,-6.306093331413418004e-03
-6.104047473715570188e-02,1.067870089743542926e-05,1.690102155477107325e-05,-7.527169947370006232e-05,1.680641858163770333e-02,-6.665608813168708534e-03
-6.454683629266180778e-02,-3.330818305606536236e-05,-7.299151134947155114e-06,-3.103841041877419859e-05,1.788852354061486530e-02,-6.930174596889933196e-03
-6.805537615768851578e-02,2.326041003938001772e-05,1.794497798881298001e-05,1.482483011855183531e-05,1.886672190013281153e-02,-7.293824701712473685e-03
-7.146382722047447955e-02,-1.863528433029541611e-05,-6.869992369312655988e-06,-3.911669390233106486e-05,1.984229522587678193e-02,-7.661155765057968588e-03
-7.487342675700386918e-02,-1.002136952649691705e-05,1.777170539402525801e-05,8.010765547704800960e-06,2.081899469181917525e-02,-8.029328211579558200e-03
-7.818291402782091837e-02,2.140301394014653930e-07,-7.632868881763678440e-06,-4.571695552505708227e-05,2.179294831137318367e-02,-8.401091832958394387e-03
-8.149353673376218132e-02,1.090500983022997121e-05,1.643243804157966428e-05,2.202219698154311138e-06,2.276829586437987413e-02,-8.773500048258711312e-03
-8.480552946564737238e-02,2.262924562023085968e-05,-1.013802734074032356e-05,-5.205176130902115507e-05,2.374474613969271286e-02,-9.049911643222160323e-03
-8.801717022153206227e-02,-1.406458365896120176e-05,1.337037501013521495e-05,-3.613602072370109680e-06,2.471656207959040466e-02,-9.427249133913446696e-03
-9.133040806665347622e-02,-2.736601810513867872e-07,-1.437982441498063608e-05,4.483939835803198127e-05,2.568729654062157711e-02,-9.807682116582410251e-03
-9.444463464403206332e-02,1.454748540613933676e-05,8.591924180342317248e-06,-7.795922829659814832e-06,2.666235224033622689e-02,-1.008926666213635220e-02
-9.765962460669984357e-02,-1.967776858233109464e-05,3.036044502906899979e-05,4.050423058404686893e-05,2.753686726367433890e-02,-1.036867301029215094e-02
-1.007260750043071362e-01,-3.449257819467851595e-06,2.749783212193329766e-06,-1.122823614676089813e-05,2.851164088737580260e-02,-1.065486140906567701e-02
-1.037921231087903379e-01,-3.564293216110230359e-05,2.400151090655426537e-05,3.777793747140743608e-05,2.938512191629518225e-02,-1.093508625263176111e-02
-1.068080822126528384e-01,3.336184321899081460e-05,-4.757612015889173737e-06,-1.393294340522359536e-05,3.025879409710976325e-02,-1.121936258784825453e-02
-1.098252571674854933e-01,3.209578213573198843e-06,1.599959195455794941e-05,3.576611041458103193e-05,3.113216718675752837e-02,-1.150441669780464214e-02
-1.127421536258873536e-01,-2.592836826575109819e-05,-1.323903612674968152e-05,-1.495267797999743366e-05,3.210522407267330652e-02,-1.179683246117738810e-02
-1.156642026683626784e-01,-4.636114467603841773e-06,7.056338132420343000e-06,3.338526528858639308e-05,3.298050977745871359e-02,-1.198363601366620075e-02
-1.184828431682235922e-01,1.835879791254757412e-05,2.748267543907765667e-05,-1.553860298525880319e-05,3.375335414006284951e-02,-1.226681437838868412e-02
-1.213013188860416480e-01,-7.742390504801544785e-06,-2.761963874565190372e-06,3.469333152435775871e-05,3.462587727062198945e-02,-1.255632448075257382e-02
-1.240249600044879136e-01,-3.354986039819299321e-05,1.726302946325925940e-05,-1.387485624910367507e-05,3.549452456228271297e-02,-1.284632746114593160e-02
-1.267443986988067983e-01,-7.513008145460883446e-06,-1.338543555874760760e-05,3.737337455137276906e-05,3.626668610368698198e-02,-1.313128773947632930e-02
-1.294694356246430811e-01,1.880882893214094940e-05,5.540337297815151693e-06,-1.123205931277995323e-05,3.713453340089192117e-02,-1.342479031242671886e-02
-1.320904647145336175e-01,-3.267627212607160300e-06,2.465525164436807690e-05,3.975183767653439918e-05,3.791284906347024142e-02,-1.361107972631946453e-02
-1.346656336754265826e-01,-2.509071106215116813e-05,-6.162891027498677583e-06,-8.391251667051496778e-06,3.868113147809400243e-02,-1.390012847296735569e-02
-1.372376728060517026e-01,4.985350620630409111e-06,1.187265072717372682e-05,4.512765224914606812e-05,3.945179174933270694e-02,-1.418614996839348032e-02
-1.397623807199801782e-01,-1.485165392641272314e-05,3.013063076147297142e-05,-1.381110502003832591e-06,4.022281524678161108e-02,-1.447477600976546444e-02
-1.421866092796708891e-01,1.723752819460515096e-05,-1.527613664502717874e-06,4.914514899593559592e-05,4.099685014495529217e-02,-1.466266865066200194e-02
-1.446623181602936792e-01,-6.181224623523772629e-07,1.645230368348993310e-05,3.294717160113174162e-06,4.176829251480666111e-02,-1.495498315187708191e-02
-1.470382891282767113e-01,3.348051286518896824e-05,3.390950434003627630e-05,5.821899649441579624e-05,4.253397892547139403e-02,-1.524206060480569509e-02
-1.494641595091822650e-01,1.760191307391935291e-05,6.603446944721908809e-07,1.199971928997218170e-05,4.320443835125829801e-02,-1.552629542007216007e-02
-1.517910233528038388e-01,3.520552623456465203e-06,1.787250562056746976e-05,6.555348809543487922e-05,4.397789878307201139e-02,-1.571692690673583484e-02
-1.541184355858852273e-01,-1.039096814632376774e-05,3.456938945574999868e-05,2.106029661494886535e-05,4.454828838919489692e-02,-1.599322755126553891e-02
-1.563451592437846427e-01,-2.248808279506069949e-05,1.387846332298084459e-06,7.581339362280047902e-05,4.521396712614739882e-02,-1.627561188319663968e-02
-1.585732359280734582e-01,-3.443681647403972477e-05,1.789401897501220322e-05,3.031585194349667597e-05,4.579192075503980830e-02,-1.645123531084921945e-02
-1.607516767727272811e-01,5.654285039049054067e-06,3.475020039890100307e-05,8.732451434815050300e-05,4.635823719319727421e-02,-1.672833483693000195e-02
-1.629297126497497028e-01,-4.330286158373205938e-06,3.507653692311736545e-08,4.302883892409351896e-05,4.692717233587928582e-02,-1.700153205143520307e-02
-1.650616688044360125e-01,-1.334240795455116285e-05,1.589091541057132835e-05,1.002327294870368967e-04,4.749219983579962973e-02,-1.727631144931571217e-02
-1.670909358897567920e-01,-2.138289418328809247e-05,3.213575977537595150e-05,5.425912418028892582e-05,4.807829230144151228e-02,-1.734966344492665929e-02
-1.691700261777568937e-01,-2.755616490314490952e-05,-2.332033453355937628e-06,9.148043152413033762e-06,4.865222103082283978e-02,-1.752890642995885359e-02
-1.711500036069542319e-01,-3.364680479498997114e-05,1.294171087215586058e-05,6.729470788624035795e-05,4.922080271156291376e-02,-1.779738445910076725e-02
-1.731276054608483495e-01,1.239049491295232546e-05,2.864438801732617436e-05,2.316442748194391037e-05,4.969984758506373890e-02,-1.796613958364850355e-02
-1.750611239871569247e-01,-4.199724788241144695e-05,4.387753090319543634e-05,8.282236557569638412e-05,5.026398787045383704e-02,-1.823701660190268220e-02
-1.769380762425456222e-01,-4.423803063627952973e-05,8.382298840237309209e-06,3.889618091943937070e-05,5.074112912876581338e-02,-1.839882525901991028e-02
-1.788666608334959218e-01,4.764935409731844850e-06,2.265844368729296959e-05,9.701971802600342838e-05,5.121943887410630031e-02,-1.856296110831273660e-02
-1.807011151489034961e-01,3.541123640114234314e-06,3.741375706452457098e-05,5.302705416859120849e-05,5.180094448138303914e-02,-1.863473968994616703e-02
-1.824786966241450925e-01,4.248535150996822135e-06,2.404947014838633470e-06,1.099510672487499086e-04,5.228020743254143538e-02,-1.879793239312892855e-02
-1.842575888662815742e-01,5.938499882454883983e-06,1.623726498206363227e-05,6.843488572086103697e-05,5.275745031629242021e-02,-1.895804541864399076e-02
-1.859865637540172312e-01,8.610010260165473067e-06,3.059091161914364785e-05,2.723754339104640646e-05,5.323560695964114214e-02,-1.911957909060873345e-02
-1.877221991075490037e-01,1.126228115298171454e-05,4.449605080105977899e-05,8.431207171844906601e-05,5.371781476148057566e-02,-1.917863927638778845e-02
-1.894006360093872798e-01,1.588338624757030816e-05,8.667896069512934018e-06,4.237925583242120830e-05,5.419699477197822968e-02,-1.934189244459626894e-02
-1.910301100592342871e-01,2.148299459421350869e-05,2.269116306634716510e-05,1.020359974556517198e-04,5.467534639635088234e-02,-1.949912654611427043e-02
-1.926096060411709721e-01,2.806009987616767191e-05,3.627774203381490528e-05,6.200305887748778762e-05,5.505276450743218364e-02,-1.964464882364896220e-02
-1.941883921995245788e-01,3.561369608908240418e-05,1.634131918652152376e-07,1.209112313985958632e-04,5.553208587945428903e-02,-1.980336264741144534e-02
-1.957182128751147332e-01,4.414277754107289397e-05,1.392886813535173200e-05,7.938700461499235235e-05,5.592023248351244563e-02,-1.985051558225149615e-02
-1.971979506183970943e-01,3.332088057988404460e-06,2.727178762246634894e-05,4.106436941013069805e-05,5.639725927177188097e-02,-2.000281407352202251e-02
-1.986780715042024137e-01,1.380434558889800729e-05,4.126553432431360070e-05,1.022027830135710096e-04,5.677685153943913543e-02,-2.014880289836573288e-02
-2.001070006009011970e-01,-2.507469304681234971e-05,4.530199671936538520e-06,6.164674631973706147e-05,5.715514350516714276e-02,-2.029252301562985139e-02
-2.014836393288211291e-01,-1.266305460824525545e-05,1.770603711415366546e-05,1.233496930385307529e-04,5.753836981406417611e-02,-2.042899375367236703e-02
-2.028605268790031613e-01,1.827508591134419902e-06,3.158058746744542332e-05,8.540560549182937724e-05,5.791772418684868612e-02,-2.057534375323736425e-02
-2.041907382784477198e-01,1.618955462540214076e-05,4.506580024757696781e-05,4.551651090180482611e-05,5.830602240665815061e-02,-2.061595880976724304e-02
-2.055200132420881287e-01,-1.995234097049653551e-05,7.818187787076040493e-06,1.075051965170097318e-04,5.869046250455881714e-02,-2.075329036002068750e-02
-2.067500543007970426e-01,-3.670380067855709370e-06,2.165576198786563940e-05,7.042005107523996432e-05,5.906837246803984393e-02,-2.089005414952140732e-02
-2.079768484862848099e-01,1.473168520265542671e-05,3.511958887809638524e-05,1.336070101673411952e-04,5.944663444401279001e-02,-2.102596842063088681e-02
-2.092026880652350929e-01,3.295601952813896060e-05,-2.145742696373000204e-06,9.563296839822617366e-05,5.973101977056557987e-02,-2.115147582731773807e-02
-2.103758971605963757e-01,2.963259770585622525e-06,1.056112979938043445e-05,6.025705748249295709e-05,6.011398166098518014e-02,-2.128411976769596647e-02
-2.115060300058741460e-01,-2.723962989149766590e-05,2.407727685294450034e-05,1.236699330883672579e-04,6.039224294139933918e-02,-2.140398616822984657e-02
-2.125789531306592206e-01,-4.923484636553537852e-06,3.843424956546463283e-05,8.808798578234996730e-05,6.067745386791574547e-02,-2.152824881509857180e-02
-2.137011830462388629e-01,1.837576538868907963e-05,8.753914583889960170e-07,4.886433295216755749e-05,6.107216441336700552e-02,-2.156200603114279829e-02
-2.147275429956138626e-01,-7.713467765210063948e-06,1.454224896284717845e-05,1.146357080301163372e-04,6.135029798915259125e-02,-2.167915661267350025e-02
-2.157541674666268172e-01,1.631226959217468053e-05,2.786935219846993977e-05,7.986599937875882033e-05,6.163433572055134618e-02,-2.179620831051137797e-02
-2.166765471953582822e-01,4.254132574168056864e-05,4.210077418153811791e-05,1.454030370721599071e-04,6.191841363113980562e-02,-2.190863926420132113e-02
-2.176479980196797948e-01,-3.101280305758150692e-05,4.373104399395212947e-06,1.098740710526145421e-04,6.220138735452399037e-02,-2.202184684392385905e-02
-2.185706284678088085e-01,-2.832072045393163559e-06,1.794884487885178772e-05,7.599841178121886410e-05,6.248528416793468210e-02,-2.213600745504772788e-02
-2.194430025487303093e-01,2.632612538062572058e-05,3.248387127104002955e-05,1.424126424044287428e-04,6.267080990549406261e-02,-2.223770363250551774e-02
-2.203153895449485311e-01,6.070584122221224417e-06,4.542512571547091733e-05,1.099501695843000288e-04,6.295347212822761940e-02,-2.234620600482810707e-02
-2.211361992543948995e-01,-1.321535409954389274e-05,8.953670462858463795e-06,7.473552116088102027e-05,6.323708478129942689e-02,-2.245578318753900168e-02
-2.219043785902527766e-01,1.886327696939198661e-05,2.388734394659407920e-05,1.420274358491873626e-04,6.342879462381798006e-02,-2.255200465048957242e-02
-2.227229431975907559e-01,2.846821840793474235e-06,3.721119044568662563e-05,1.104620488148208248e-04,6.371262485081147231e-02,-2.266233934842330419e-02
-2.234470691918460372e-01,3.553891611230264015e-05,1.172122944902904910e-06,7.946220332125231004e-05,6.388522011696409764e-02,-2.285537086563212486e-02
-2.241648929173228610e-01,-3.027545166475614384e-05,1.524886668188061565e-05,1.477736942236491577e-04,6.407575933738356155e-02,-2.294518906677369546e-02
-2.248829990364386855e-01,7.048885742604499168e-06,2.904246566902871532e-05,1.162549668474134118e-04,6.435922582467824837e-02,-2.305066923231674503e-02
-2.255003499825475877e-01,4.398782662331681125e-05,4.393056589222466907e-05,8.503802655061161160e-05,6.454912544087167137e-02,-2.313855275436386624e-02
-2.261161721708033479e-01,-1.753401217573204312e-05,8.148324485469225938e-06,1.526604538357971140e-04,6.473295448934639207e-02,-2.322558185373409245e-02
-2.267336507059439510e-01,2.134763504206446029e-05,2.251234916293528345e-05,1.192127269382058753e-04,6.493431069216684670e-02,-2.321289154729373402e-02
-2.273472589566551127e-01,1.219681084750100804e-05,3.661346312454690107e-05,8.687432730817269363e-05,6.513592579371588198e-02,-2.320138777841748712e-02
-2.278586374999495567e-01,4.031936452210460561e-06,1.464897788384748588e-06,1.544396461699740306e-04,6.532612082417045551e-02,-2.328252662897294795e-02
-2.283791778890724156e-01,-4.588801675529005372e-06,1.649054716779208297e-05,1.225974936621311172e-04,6.542107867839994095e-02,-2.325387923996677375e-02
-2.288920733221594395e-01,-1.079714336250287234e-05,3.127599648042142007e-05,9.231966566758941786e-05,6.561106707527968041e-02,-2.333669484902391525e-02
-2.293041497517877558e-01,-1.602214121282286824e-05,4.728663084918633975e-05,1.609797120274957796e-04,6.581239043424867707e-02,-2.331287209455636805e-02
-2.298157607044307160e-01,3.015625566483830651e-05,1.118146079089755155e-05,1.273976169930903131e-04,6.591447286990012588e-02,-2.328359768976153224e-02
-2.302277856553707758e-01,-2.352555262621545851e-05,2.674521132947017113e-05,9.582465321522040842e-05,6.611566986372154064e-02,-2.326158999335030050e-02
-2.305392072529151015e-01,2.461762056252421032e-05,4.359586096063638040e-05,6.439713308900524367e-05,6.621685473805723199e-02,-2.322377802340127445e-02
-2.309497802766957986e-01,-2.862296244628641630e-05,8.312718020850388663e-06,1.346240372559744190e-04,6.641388781713820910e-02,-2.329642925091405387e-02
-2.312612549640420956e-01,2.146864253392926267e-05,2.476445664942403951e-05,1.036703578890342330e-04,6.651525270513936050e-02,-2.325742609774249930e-02
-2.315725233202945155e-01,-2.831299505696549101e-05,4.102312407593891196e-05,7.305172315643835255e-05,6.661670678877587570e-02,-2.321788318035645018e-02
-2.318785934967188267e-01,2.529175503555046499e-05,6.660236080636071559e-06,1.408873381021614427e-04,6.671875683763253684e-02,-2.317632535822771594e-02
-2.321355554689859824e-01,-2.252434668444053422e-05,2.409864885695991719e-05,1.138612243362289821e-04,6.681647171871761548e-02,-2.323588978643716108e-02
-2.323965548289920469e-01,-1.893811876158835986e-05,3.978726328400704690e-05,8.463025423334734072e-05,6.691673191715648283e-02,-2.318929990056372084e-02
-2.325977063159279379e-01,-1.278173198929879664e-05,6.446344263009010482e-06,1.524811406955386538e-04,6.702529096643716766e-02,-2.314150219202763120e-02
-2.327578781196706914e-01,-7.233952807402150193e-06,2.497334202722228551e-05,1.237821308875288579e-04,6.712744764505429451e-02,-2.309666821402493742e-02
-2.329101854125593674e-01,9.081911987250536247e-07,4.173525230447657950e-05,9.697108011894181243e-05,6.722270232270707857e-02,-2.314500708575163712e-02
-2.330608956003883125e-01,1.004844093277192235e-05,9.533530686813798766e-06,6.711033736854482958e-05,6.733200593202426365e-02,-2.309997120458990444e-02
-2.331705253448115855e-01,-3.189047860552510628e-05,2.761771726722130846e-05,1.415861756850489157e-04,6.732211730495318847e-02,-2.313272121205435863e-02
-2.332708970119414527e-01,2.965985673408839504e-05,-4.870852122682346017e-06,1.113788307265113604e-04,6.743011957606732942e-02,-2.308120001616893388e-02
-2.333261498929452282e-01,-1.032627371683442960e-05,1.292620634401098447e-05,8.313071209713093464e-05,6.743723354997419039e-02,-2.301202113337292438e-02
-2.333815748907940024e-01,1.084666614382768243e-06,3.226806510166133600e-05,5.581818077620079175e-05,6.754609305684251830e-02,-2.295910132326266229e-02
-2.333809178666033657e-01,1.516445421728908692e-05,1.064112824652287411e-06,1.289121480572001416e-04,6.754290935919325667e-02,-2.298649151467348911e-02
-2.333818287080348108e-01,-2.019053993024642885e-05,2.017242998474017858e-05,1.013642595117483270e-04,6.755104263908848217e-02,-2.291705850768385386e-02
-2.333828861364755092e-01,-4.124563846925516272e-06,3.916392628199250525e-05,7.816135117272140825e-05,6.764713184005799462e-02,-2.295811262140779602e-02
-2.333317581972330634e-01,1.293300584597276696e-05,7.611951329261446117e-06,1.485679500121640990e-04,6.765438132161150087e-02,-2.287879117276646682e-02
-2.332318099216580676e-01,-1.944473722911217151e-05,2.812668134434602617e-05,1.217317680593501194e-04,6.766210888944249047e-02,-2.280372545201585568e-02
-2.331806998261862773e-01,-4.057744544033375781e-07,-1.873134030285996756e-06,9.766095192832633623e-05,6.765972299078550078e-02,-2.283278311563454940e-02
-2.330730384490711515e-01,2.140517703898799827e-05,1.846365851961375321e-05,7.052230342486600267e-05,6.767459661900353252e-02,-2.275738758115373322e-02
-2.329208702851771895e-01,-7.987637639844962197e-06,-1.171069647842610129e-05,1.461806794937706708e-04,6.766986896372507998e-02,-2.277120136483794938e-02
-2.327706730246691946e-01,1.403025231069406913e-05,1.026084337063389200e-05,1.209871160353184240e-04,6.767868918120205357e-02,-2.269509578684798107e-02
-2.325698939831116752e-01,-1.521128729060951200e-05,3.217208006135502309e-05,9.893137782355307527e-05,6.768143766033693498e-02,-2.271183954848726011e-02
-2.324139369486063755e-01,1.060496922102784129e-05,1.763868904474952999e-06,7.102464698662412277e-05,6.768826545732480049e-02,-2.262941773148944430e-02
-2.321589876316304535e-01,3.558048681222367187e-05,2.539460957620454738e-05,4.653113120512347912e-05,6.760396926385801863e-02,-2.253543222579439467e-02
-2.319524731140691631e-01,1.299004084044077313e-05,-3.290106184590613674e-06,1.234834600858082611e-04,6.760057555935986007e-02,-2.254910035423973030e-02
-2.316973815721703744e-01,-1.046764515519622022e-05,1.838375347541844440e-05,9.866208251715083899e-05,6.761370846549677460e-02,-2.245876746741308841e-02
-2.313900088896807539e-01,-3.104504338645446845e-05,-8.519565607990655848e-06,7.623501701208209582e-05,6.750985680038483483e-02,-2.245955755926783842e-02
-2.311352859225470069e-01,4.830422779859815113e-05,1.496173820676813875e-05,5.184878763955316376e-05,6.752535021684619165e-02,-2.237470586847651807e-02
-2.307735862758075185e-01,2.973324037415868263e-05,-1.199684185523847785e-05,1.298372340382065093e-04,6.742752585909997376e-02,-2.236460305885155583e-02
-2.304177614761050708e-01,1.023613107797183234e-05,1.336456193853664843e-05,1.059983859165503138e-04,6.734295011944987919e-02,-2.226332920229709064e-02
-2.301104250302025978e-01,-6.326927640341890276e-06,-1.363269164870588944e-05,8.454354640045738439e-05,6.733897006415341668e-02,-2.227323674783570837e-02
-2.297042045586029091e-01,-2.384706057932848379e-05,1.171643196525157384e-05,6.117879264454227672e-05,6.725324628130117943e-02,-2.216699255409536329e-02
-2.292923228562123716e-01,1.199687039111656372e-05,-1.333602001754243055e-05,1.408793469703165774e-04,6.715653439079545539e-02,-2.215588620235745335e-02
-2.288823049301109691e-01,-1.555155179638063453e-06,1.201720776340022244e-05,1.179119792797884617e-04,6.707087223374268159e-02,-2.204859359424918633e-02
-2.284741768470551493e-01,-1.610957075173079058e-05,-1.302531279388879905e-05,9.746183463494300780e-05,6.697374598005352564e-02,-2.203873637082014864e-02
-2.280643884799307686e-01,2.273443063702639401e-05,1.233491228654637283e-05,7.417598705738614377e-05,6.688818827908388220e-02,-2.193030117638634924e-02
-2.275516283449547927e-01,1.218676666993123485e-05,-1.065570611539574200e-05,5.429551481003685927e-05,6.679071727880916964e-02,-2.191717167387056270e-02
-2.270913409968623176e-01,2.644806602566321238e-06,1.472842419529183851e-05,1.320851024785524926e-04,6.670432949218846330e-02,-2.179838103083607190e-02
-2.266290802125332515e-01,-5.892183895093635064e-06,-8.202572679316566420e-06,1.126814189955686017e-04,6.660840389150039786e-02,-2.178927102613054806e-02
-2.261184954062247787e-01,-1.550822826647383262e-05,1.929162336098522480e-05,9.517943528475632351e-05,6.651796340608542857e-02,-2.177359882629248053e-02
-2.255052222060267009e-01,2.833082416517530974e-05,-1.463804681529525828e-06,7.285898431777595465e-05,6.643149104461883170e-02,-2.165501137507092749e-02
-2.249926342989392036e-01,2.278697215124256481e-05,-2.426124279135938148e-05,5.418241876869528883e-05,6.633441678887792847e-02,-2.163906782862580133e-02
-2.244279983455551297e-01,2.037253254165978823e-05,3.361408394991583645e-06,1.330943675553888992e-04,6.614825616376468487e-02,-2.150398147987031550e-02
-2.238613437604594913e-01,1.684660588978351931e-05,-1.721017754209440865e-05,1.149565590966465856e-04,6.605883847191655611e-02,-2.148778049099742474e-02
-2.232502478930259715e-01,1.432155043055152792e-05,1.266321301814504311e-05,9.440242640627337692e-05,6.597255307992219708e-02,-2.136699108544709569e-02
-2.226370471910547322e-01,1.279628993144136578e-05,-7.762515583734078662e-06,7.673170371637931194e-05,6.577562464244676721e-02,-2.133408518913467930e-02
-2.220201410937954478e-01,1.226988507915455452e-05,-2.811214867060820132e-05,5.931005250872393108e-05,6.568505953409874143e-02,-2.131116974504807665e-02
-2.213588668364414036e-01,1.274200945501857483e-05,4.180071100705379175e-06,3.949705219716876552e-05,6.550027249153336784e-02,-2.118056441662700962e-02
-2.206953993633133382e-01,1.421171534141883607e-05,-1.600299727006116888e-05,1.224412282164399023e-04,6.530274466598423588e-02,-2.113674462887096123e-02
-2.200305474546507822e-01,1.667798986559991130e-05,1.648277708459602433e-05,1.029681132078818107e-04,6.522412994882639814e-02,-2.101415956874238405e-02
-2.193634975395094278e-01,2.238855781772323571e-05,-3.529202798617596083e-06,8.650000544494938423e-05,6.502638994980411424e-02,-2.097521492050243366e-02
-2.186461594002498121e-01,2.686131450047900336e-05,-2.119646221033667715e-05,7.032054986622952538e-05,6.483601973276584274e-02,-2.093518888485493279e-02
-2.179275033625155955e-01,3.460683250166821546e-05,1.159504532804651740e-05,5.147785508412800430e-05,6.475629352649428516e-02,-2.080751355911485828e-02
-2.172138309926161803e-01,-9.259028543668350165e-06,-5.848934233783131942e-06,3.511496256289454684e-05,6.455948064786111440e-02,-2.076721578573112459e-02
-2.164500285815500191e-01,-4.095957983931575293e-06,-2.086893788042894636e-05,1.150493107758026776e-04,6.438143318777188318e-02,-2.062306527262990075e-02
-2.156849243257501214e-01,6.678778561711537277e-06,1.226952522704902133e-05,1.013859396190909003e-04,6.418356977799441476e-02,-2.057818549477440431e-02
-2.149176391989244816e-01,1.613529938451513813e-05,-2.474382906953842543e-06,8.643174906863418719e-05,6.399430508300790743e-02,-2.053728866117900120e-02
-2.141466063677477660e-01,-2.139059105425372424e-05,-1.942479804141144617e-05,6.772025256520951871e-05,6.381386273563817435e-02,-2.039151125540902484e-02
-2.133291159145735971e-01,-7.562976220342377470e-06,-3.388426561808917874e-05,5.324927374920162241e-05,6.361707272668414015e-02,-2.034683006660734789e-02
-2.125140944275058785e-01,4.897732590101519845e-06,2.129564992053067430e-06,4.054256102565614048e-05,6.342671205458884354e-02,-2.029961329442372953e-02
-2.116932257650914473e-01,2.074946189691682675e-05,-1.202868925510845347e-05,1.216648399068287988e-04,6.324764454160025640e-02,-2.014921844631819420e-02
-2.108290806246407856e-01,-1.753097532675861628e-05,-2.361454744957162811e-05,1.073287744453692836e-04,6.305824312551774891e-02,-2.010256449655078992e-02
-2.100119525352951155e-01,3.305884597871739422e-07,-3.744783712434069484e-05,8.895041423003935551e-05,6.287231184729316635e-02,-1.995658895178711867e-02
-2.091434723930934159e-01,1.920952478778200186e-05,-8.171551073708933656e-07,7.714377956482114666e-05,6.268107706819986413e-02,-1.990420831833580873e-02
-2.082760708516310788e-01,-1.366355814224051238e-05,-1.187336168271439206e-05,6.479298309406744184e-05,6.239220446668483633e-02,-1.984591097514604163e-02
-2.073550871770570847e-01,7.236352431857172567e-06,-2.273841431080974855e-05,4.706278749317668398e-05,6.221228279607269457e-02,-1.969472049941392577e-02
-2.064843563072484844e-01,-2.114282497780878910e-05,-3.590882041496757223e-05,3.379128538813335462e-05,6.202129703226722662e-02,-1.964129986362387476e-02
-2.055705461078934371e-01,-7.230551026396561847e-07,-4.640509927084213697e-05,1.212821241683757041e-04,6.172563649680234271e-02,-1.957269841404300076e-02
-2.046558898353740830e-01,2.067941690739892645e-05,-6.418336522016058211e-06,1.056650629626778085e-04,6.154582108993796735e-02,-1.942011966435808895e-02
-2.037352219694913980e-01,-4.674519686612651663e-06,-6.687410824334138408e-05,9.922610705599220601e-05,6.135581431217505127e-02,-1.936683974694186280e-02
-2.027678143194934501e-01,-3.156988801345334087e-05,-7.422001758125636064e-05,8.187392455756728569e-05,6.107702232435786860e-02,-1.920353879499348340e-02
-2.018475717205565068e-01,-4.623695310099961341e-06,-8.391176062094374212e-05,7.035867241737038004e-05,6.088713074682611942e-02,-1.914947827822915255e-02
-2.008771238660696512e-01,2.333328582836870297e-05,-9.340306999795044268e-05,5.906624077234243219e-05,6.059649909197804829e-02,-1.908028336999426436e-02
-1.999067090151386838e-01,2.034287924714801337e-06,-1.000819055712777613e-04,4.359704615965626648e-05,6.031783257900217438e-02,-1.891731898140962959e-02
-1.988954142245862866e-01,-2.350084789901703527e-05,-5.626553103406337243e-05,3.371801924344418425e-05,6.012764999231321600e-02,-1.885739249531181647e-02
-1.979253737971813087e-01,7.461737057858470562e-06,-6.511980444617176955e-05,1.176826274571484294e-04,5.984763158804232153e-02,-1.868253243357285640e-02
-1.969555439986404588e-01,3.943230792592288312e-05,-7.110864278845426998e-05,1.073155103358014619e-04,5.965878530730577695e-02,-1.862794052282921303e-02
-1.959351851537022016e-01,-2.808901091795211461e-05,-7.685744981403973438e-05,9.730444562724535249e-05,5.936922032224265650e-02,-1.855862097421008203e-02
-1.949153261914954027e-01,5.904473312943354709e-06,-8.236504856187345049e-05,8.203115349271979692e-05,5.908946423546974219e-02,-1.838940390695018717e-02
-1.939021279948325294e-01,3.548711505219324404e-05,-8.763281629979982666e-05,7.229984552355425459e-05,5.879994925408400103e-02,-1.831801082720049823e-02
-1.928318714365226116e-01,-2.901519101913187728e-05,-9.265343089707466276e-05,5.752303663702356562e-05,5.861881062543013859e-02,-1.815343303588935059e-02
-1.917621984752022612e-01,7.971162440775080178e-06,-9.468637131227185819e-05,4.828388273654833223e-05,5.833019820244749604e-02,-1.808421887157162650e-02
-1.907427378049047217e-01,-4.267007340429871679e-06,-9.919769443108027206e-05,3.864224169045366172e-05,5.804093152383369564e-02,-1.801345658509247161e-02
-1.896731274589142091e-01,-1.549285944762805915e-05,-1.034604505842586679e-04,2.493970242100611859e-05,5.776014630709615932e-02,-1.783834530462846679e-02
-1.886039289135910957e-01,2.451200080355462590e-05,-1.046811390891892588e-04,1.161770399240961022e-04,5.747222092862974002e-02,-1.776275381022036914e-02
-1.874905371996001824e-01,-4.052947557278882269e-05,-1.056202551762791498e-04,1.023476789841500605e-04,5.719211703240848627e-02,-1.758709084796938188e-02
-1.864718383376638977e-01,1.455188853959102147e-06,-1.090953876839297027e-04,9.406536982467164762e-05,5.700275182184813549e-02,-1.752446109546400288e-02
-1.853526211369911636e-01,-5.766632136643002703e-06,-1.094734091474568817e-04,8.554668988497450262e-05,5.671344873280113191e-02,-1.744917152061589705e-02
-1.842335725947330249e-01,-1.197951942314464112e-05,-1.095618901214715971e-04,7.276420274882885791e-05,5.643341764163738866e-02,-1.727401872440267883e-02
-1.831146929945501600e-01,-1.718413667529532533e-05,-1.093592846120010077e-04,6.465055702786544226e-05,5.614421829476023973e-02,-1.719823504768601408e-02
-1.820020862257334393e-01,-2.716893175138190229e-05,-1.088677001697848214e-04,5.795180986368890248e-05,5.585503838783862501e-02,-1.712078363117560190e-02
-1.808835071072100453e-01,-3.039313544495423497e-05,-1.080782670648496095e-04,4.448037288764273434e-05,5.557502020228581585e-02,-1.694495667485549500e-02
-1.797652736131587214e-01,1.757390414577400992e-05,-1.069932196382345716e-04,3.748328419920644552e-05,5.518625328670519192e-02,-1.685937925609424376e-02
-1.786468586153064364e-01,-3.382352447088237101e-05,-1.056107082185997595e-04,2.501402656632338166e-05,5.490620582980264286e-02,-1.668311421264398811e-02
-1.775289654660442418e-01,1.614451820685803288e-05,-1.039296163541510675e-04,1.840726704295601773e-05,5.461725089900119900e-02,-1.660608659138942261e-02
-1.763636764981036664e-01,-3.621395483217420386e-05,-9.897061758787516401e-05,6.372498706166599249e-06,5.433789634246367906e-02,-1.643049062430629662e-02
-1.751987898621817086e-01,1.273992911989062471e-05,-9.667170425132165740e-05,1.190296751071832316e-07,5.404800771404499188e-02,-1.634757585484416728e-02
-1.740810290187446430e-01,-3.465903653824833978e-05,-9.406751343098467748e-05,8.809897321942823276e-05,5.376840918201288011e-02,-1.616435828312928757e-02
-1.728633822921102070e-01,1.927012281754488828e-05,-8.812759366433671633e-05,8.233092673491857459e-05,5.347938360280963394e-02,-1.608344782853551869e-02
-1.717459738510506984e-01,-2.611556771312795235e-05,-8.489463233164366114e-05,7.079216587940437863e-05,5.309946650321876321e-02,-1.589710624836158936e-02
-1.705313780028005211e-01,-2.340831063335440697e-05,-7.828930981589090070e-05,6.495899474313815891e-05,5.281054590223849959e-02,-1.581580700159937111e-02
-1.694142327442023366e-01,-1.973560854606431253e-05,-1.245680634315336570e-04,5.287923280053330607e-05,5.253028987163659708e-02,-1.563645036356853257e-02
-1.681970927902812774e-01,-1.199717604171121958e-05,-1.172833396753177211e-04,4.739696463293919181e-05,5.224141610859763668e-02,-1.555478811978762074e-02
-1.669801431000153547e-01,-3.259901052369197858e-06,-1.096509186447942766e-04,3.700819290145227364e-05,5.186116927251966519e-02,-1.536492569424086421e-02
-1.657661591071268592e-01,3.339728147973935116e-06,-1.016708668065983349e-04,3.193470319910261514e-05,5.157238535926449152e-02,-1.528282768432117147e-02
-1.646525060813897601e-01,-3.922587682891167445e-05,-9.649307662493351607e-05,2.127417235607328831e-05,5.119218926960610733e-02,-1.509438782863674680e-02
-1.634362526548406302e-01,2.259680225191505818e-05,-8.782523418634316265e-05,1.697368528584773651e-05,5.080364805983418608e-02,-1.500374292280524935e-02
-1.622166557844333945e-01,-1.483020788325675498e-05,-1.289210446124132588e-04,5.469757059183531608e-06,5.052308070209005075e-02,-1.482168752729986008e-02
-1.610004228550388772e-01,-5.125188997604992216e-05,-1.195380936294275005e-04,1.722175870040126843e-06,5.013458352585101890e-02,-1.473087541095039095e-02
-1.597900740025647026e-01,7.098677514268000235e-06,-1.098016249459838933e-04,-8.426943694509218472e-06,4.985385202776468350e-02,-1.454711761686144043e-02
-1.585741854810480966e-01,-2.736103490118811473e-05,-9.970184105901160661e-05,-1.181900494221275453e-05,4.956518082197525904e-02,-1.446399450830147294e-02
-1.573554017791852222e-01,-1.071737864826155501e-05,-1.393415486310833190e-04,-2.334170301223265876e-05,4.918465655563238059e-02,-1.427327751883270338e-02
-1.560951859189957658e-01,3.640981206466590392e-06,-1.252399138249348290e-04,-3.243848220826200528e-05,4.889942608164345172e-02,-1.409050515867353581e-02
-1.548824153064677633e-01,-3.113639927918119833e-05,-1.140318416342618965e-04,6.449599330392520775e-05,4.851152020905883516e-02,-1.399243193957027710e-02
-1.536172015588808115e-01,-1.154635500615207349e-05,-1.024562162202609437e-04,5.459810186938677455e-05,4.822983735794166699e-02,-1.380524211532112994e-02
-1.524015991541013415e-01,5.702196924171375596e-06,-1.405985091257017463e-04,5.124597845386332304e-05,4.774159743697043573e-02,-1.370486441413380427e-02
-1.511867680797364111e-01,-2.282311658679870198e-05,-1.282815646746778124e-04,4.221594333757697947e-05,4.746056383171953080e-02,-1.352110249862550559e-02
-1.499247344096290013e-01,-3.644122913337134335e-06,-1.122275604452329685e-04,3.282447080994104431e-05,4.708025555382665261e-02,-1.333065713311221666e-02
-1.486625810530794178e-01,-3.358221737718234664e-05,-9.915149709187977061e-05,3.749337069036986055e-05,4.678342825323096588e-02,-1.334108378871342107e-02
-1.474450693539857971e-01,-9.088119728217063052e-06,-1.357652527013194089e-04,2.810929557447050964e-05,4.630263338358633907e-02,-1.314202948274092661e-02
-1.461859721887117936e-01,1.297046211213268638e-05,-1.686928748243792149e-04,2.944147062365943626e-05,4.600995014443146069e-02,-1.305754594698110317e-02
-1.449242844768659222e-01,-1.407748492532023156e-05,-1.544641586662655547e-04,2.108461417781529523e-05,4.562815434218931571e-02,-1.286211501652486516e-02
-1.437094724434773985e-01,-4.016670118765749883e-05,-1.899098865181983562e-04,1.855127216094919229e-05,4.523974815369179170e-02,-1.276883740686199538e-02
-1.424459964703024273e-01,-1.176986668037142141e-05,-1.714360269228615535e-04,2.377068350163487605e-05,4.474502454435386883e-02,-1.276991016839173175e-02
-1.411849647883750558e-01,1.411492397350957310e-05,-1.560433409488258365e-04,2.313801578534306549e-05,4.445582184555777611e-02,-1.268003516213384724e-02
-1.399228825099421425e-01,-9.092197263857243803e-06,-1.867939650041917747e-04,2.135338807425515864e-05,4.406371841807222439e-02,-1.258876588672058067e-02
-1.386619761298250042e-01,-3.134361107672082165e-05,-1.706087840516171865e-04,2.774782636053611131e-05,4.366783778170262725e-02,-1.259133673969948727e-02
-1.373956767791414679e-01,9.451364915902612435e-07,-2.005126279103167260e-04,2.576540222498966849e-05,4.338013552320151706e-02,-1.250655823054128840e-02
-1.361373835484708528e-01,-1.938218447461185077e-05,-1.835321785133568241e-04,2.550716976392479229e-05,4.298690834097493307e-02,-1.240963728748588173e-02
-1.348770850924830011e-01,-3.875564759449735917e-05,-1.625679037000995249e-04,3.271982021447137083e-05,4.259264994763010959e-02,-1.241723441937201203e-02
-1.336132170033299815e-01,-5.717593641929852164e-05,-1.948023828437591592e-04,3.180201154177677582e-05,4.220391964207729357e-02,-1.232004911083541855e-02
-1.323511887600767045e-01,-2.100098497103341120e-05,-1.729895696031809131e-04,3.255468724396929346e-05,4.181641862930869646e-02,-1.222786896784715249e-02
-1.310899740500843513e-01,1.250745584951217407e-05,-2.044068395811460823e-04,3.869284458366309930e-05,4.151681369370507912e-02,-1.223697673322986061e-02
-1.297823395770428823e-01,-6.712979074802800084e-06,-1.817471455477077361e-04,3.948974800528872500e-05,4.112877243040654468e-02,-1.214046397455418105e-02
-1.285728408884922458e-01,-1.765229067051443847e-05,-1.623323814317638631e-04,4.036348888647976074e-05,4.073661432610177491e-02,-1.204733161618132264e-02
-1.272596628698551557e-01,-3.130734294265028774e-05,-1.888125712005318140e-04,4.046514486042510761e-05,4.044848416358423626e-02,-1.195719542925960735e-02
-1.260025814680310885e-01,-4.773643997048137812e-05,-1.648536386097225188e-04,4.919273496051273674e-05,4.005475110268216093e-02,-1.196314092362278994e-02
-1.247398299276468309e-01,-5.781965429471193134e-06,-1.941821538249217862e-04,4.904029240777291974e-05,3.976208214864332402e-02,-1.187296370829664556e-02
-1.234809499510347297e-01,-1.659669226498182443e-05,-1.693508503006591981e-04,5.066033806178989212e-05,3.927480311773701160e-02,-1.177296456903954326e-02
-1.222203655307855380e-01,-2.646492488355545988e-05,-1.978391844046393730e-04,5.141866114108542909e-05,3.888230070502645547e-02,-1.167549179880135457e-02
-1.209638087579070626e-01,-3.918600256530193466e-05,-1.721345339539502573e-04,6.100524139249986397e-05,3.858872866573271471e-02,-1.168717410720319580e-02
-1.197014305416225916e-01,-4.336348284736502809e-05,-1.997707428081361741e-04,6.217022017871396149e-05,3.819639364967294254e-02,-1.159051025903507295e-02
-1.183930481204836238e-01,-5.039486758002896240e-05,-1.731804025183666116e-04,6.448823066330213523e-05,3.780846481720350621e-02,-1.149347997839414610e-02
-1.171849821319269069e-01,-6.034054586946754233e-05,-1.999670541924132843e-04,6.601573657896546172e-05,3.751657207992222659e-02,-1.140447995458726549e-02
-1.158768928107024587e-01,-6.550372506902900024e-05,-1.724868570573214496e-04,6.865100132491630904e-05,3.712862057264895016e-02,-1.130729228304638324e-02
-1.146672235575044024e-01,-1.976700244009564714e-05,-1.984086193729760726e-04,7.763958250268076773e-05,3.673114824970653836e-02,-1.131184912098328471e-02
-1.133613395943212920e-01,-2.696507039626309197e-05,-1.700352510795075209e-04,8.067775586170558284e-05,3.644312729754209390e-02,-1.122019916137010145e-02
-1.121498545983285050e-01,-2.539182002444550750e-05,-1.950852336437812224e-04,8.287099667518781326e-05,3.595160047963534555e-02,-1.112030377580640675e-02
-1.108384467589265676e-01,-2.679261416044694249e-05,-2.157520144516540564e-04,8.528747051193628209e-05,3.556366335617803381e-02,-1.102299159177624367e-02
-1.096348563656923264e-01,-3.122760468468913867e-05,-1.899873465834846990e-04,8.871684860538214053e-05,3.527187114617812147e-02,-1.093305791138325829e-02
-1.083255187242032486e-01,-3.076905442182400428e-05,-2.097405741017763258e-04,9.145259010624277863e-05,3.488035277589458111e-02,-1.083574933898573053e-02
-1.071185371957310145e-01,-2.937131392066065944e-05,-1.830955845100587704e-04,9.513324104339235742e-05,3.449217677481126315e-02,-1.074000630798512164e-02
-1.058094410055746976e-01,-2.703604733383521564e-05,-2.019247380334038679e-04,1.062434873398498909e-04,3.419529444240505811e-02,-1.074747278464398617e-02
-1.046022077011695556e-01,-2.781583916152431318e-05,-2.243334991033377689e-04,1.094547229818447742e-04,3.370382858559052563e-02,-1.064649175699015557e-02
-1.033457255512209433e-01,-2.362574078870550217e-05,-1.923020501521938294e-04,1.136970138605532547e-04,3.341610949777212153e-02,-1.055648894205370170e-02
-1.020868718985407791e-01,-1.850003601952725452e-05,-2.138130252797836451e-04,1.171881715341859746e-04,3.302406573720630817e-02,-1.045807140618329467e-02
-1.008340748619764582e-01,-1.655064588962167931e-05,-1.808591330755046742e-04,1.217441057011415026e-04,3.263304353218064030e-02,-1.036280141965286589e-02
-9.957707439051391440e-02,-1.370618740741059320e-05,-2.014733750354923537e-04,1.255249130200341559e-04,3.234090182306684214e-02,-1.026839089184177108e-02
-9.836693125918088976e-02,-5.815655194737104119e-06,-2.216363175666221589e-04,1.294730442197256580e-04,3.195254973108160867e-02,-1.017211536343643440e-02
-9.716433442556986211e-02,-1.163312326527525951e-06,-1.914555105372360111e-04,1.343887688788637769e-04,3.156089506391436539e-02,-1.007580618579215388e-02
-9.590614213164737334e-02,8.573361930600977197e-06,-2.065407391649522119e-04,1.387076086955809035e-04,3.126977110487386136e-02,-9.985036047995707320e-03
-9.464774234520313689e-02,-3.065493746599207722e-05,-2.253478151023949046e-04,1.512406261870716186e-04,3.087300666594438442e-02,-9.985857795096649003e-03
-9.344543550060657733e-02,-2.328275062526627754e-05,-1.938144299611346735e-04,1.566243089478045239e-04,3.058131478192287894e-02,-9.893938461641254428e-03
-9.223743780799793790e-02,-1.076759814170679729e-05,-2.117228234452167340e-04,1.613502284064121566e-04,3.018971678811290318e-02,-9.797291357136649753e-03
-9.102953095201861411e-02,-1.594310007419275498e-06,-2.291772740701944683e-04,1.662007492673764429e-04,2.980108284732013377e-02,-9.699594390336059233e-03
-8.982751316289357135e-02,8.468218522850780791e-06,-1.962974807448840137e-04,1.719883280448939909e-04,2.950931781150240019e-02,-9.607201869550257428e-03
-8.861967850518528977e-02,-2.614706867888679862e-05,-2.128434239263778561e-04,7.807319274100365462e-05,2.911725602182818270e-02,-9.518872161833540763e-03
-8.741485187266759271e-02,-6.849417032289757570e-05,-2.289383852580753696e-04,8.313876529686564946e-05,2.882546601953387549e-02,-9.425471437841994801e-03
-8.616178353423430136e-02,-5.140693734685757813e-05,-1.903406828388093917e-04,8.934112285864189058e-05,2.843425331155309196e-02,-9.328964777050871918e-03
-8.495435719160523980e-02,-3.339278095881884160e-05,-2.054907861034759736e-04,9.492113781821451756e-05,2.814242933598755034e-02,-9.236008475168757184e-03
-8.379968127999043448e-02,-2.324164437296859486e-05,-2.245794340140277122e-04,1.005871726348944077e-04,2.775005917321626478e-02,-9.137170816964464842e-03
-8.259682406631335683e-02,-3.415838750495528394e-06,-1.889607424897941012e-04,1.071219357071988640e-04,2.745813880038259699e-02,-9.043827323702985366e-03
-8.138967251774063827e-02,1.733493127300703723e-05,-2.027417471751043828e-04,1.130980166765881096e-04,2.706628217219713209e-02,-8.946270978577669508e-03
-8.018516849502482779e-02,-1.975614454500926797e-05,-2.160618838934323270e-04,1.189963251302713357e-04,2.677431813493628271e-02,-8.851895236338768250e-03
-7.897806141081790965e-02,-4.704473964097989109e-05,-2.289059696595841312e-04,1.257787978373334182e-04,2.638238475772320887e-02,-8.754127625838718091e-03
-7.777696510453875611e-02,-2.805296390486675028e-05,-1.914358770522201012e-04,1.327898031339515880e-04,2.609029813574745282e-02,-8.659329161897084612e-03
-7.662129817016984090e-02,-8.179474020673591501e-06,-2.078630634438902224e-04,1.302287878099351540e-04,2.560161976079830537e-02,-8.457347090515774171e-03
-7.546577871717137509e-02,-3.726599416653428266e-05,-2.193191395775788161e-04,1.365861027218883783e-04,2.530974474805746527e-02,-8.364345363850058182e-03
-7.426162790206247699e-02,-1.562814784427607074e-05,-2.303044514753891064e-04,1.433444707055787101e-04,2.491505869508231497e-02,-8.266242186714255202e-03
-7.311069652093862836e-02,6.889935567359783855e-06,-1.955552273372324339e-04,1.507385520981408108e-04,2.462224967996693922e-02,-8.170268522079627421e-03
-7.195416814174529496e-02,-1.494292810706616270e-05,-2.056029873992151671e-04,1.582033277864078693e-04,2.413035319044301574e-02,-8.070146272910114910e-03
-7.079988075450260876e-02,-4.509441684805152491e-05,-2.198006286958709469e-04,1.650505039017054914e-04,2.383748916583158795e-02,-7.974010204867033186e-03
-6.964362480400884681e-02,-1.529120474923041794e-05,-2.289088304959236840e-04,1.722730432996559568e-04,2.344541928856444524e-02,-7.877244267209242840e-03
-6.848952717347191188e-02,6.101250029839077007e-06,-2.422067338404627803e-04,1.795827945044844087e-04,2.315244977293587011e-02,-7.780732725447297993e-03
-6.734014977436809934e-02,-6.662310955857328899e-05,-2.005581771668400769e-04,8.832624957423982238e-05,2.285755389238587620e-02,-7.695779635160209832e-03
-6.623395618778035732e-02,-3.412069944479307801e-05,-2.129461665597615517e-04,9.585307811952238513e-05,2.246483482839003315e-02,-7.598042213932245346e-03
-6.507998406636666955e-02,-1.015828980452941896e-05,-2.248965625715037956e-04,9.407629568895755680e-05,2.217497544032409965e-02,-7.401538622842728822e-03
-6.392509656788761263e-02,-3.042258449123241956e-05,-2.316478551643768658e-04,1.016414400386672726e-04,2.178252100912868305e-02,-7.303440528968152719e-03
-6.282112891543339961e-02,-4.980730876045889747e-05,-2.426836204380320534e-04,1.099902141965357751e-04,2.148734544071550373e-02,-7.208502782215445506e-03
-6.172104583340390360e-02,-1.851007788270990175e-05,-2.034652044050210169e-04,1.184625201140653879e-04,2.119424083239116602e-02,-7.112577593800217465e-03
-6.056612339932024996e-02,-3.613908870119578290e-05,-2.136015162426527962e-04,1.263254762505311120e-04,2.080088674930023404e-02,-7.011923536255534536e-03
-5.946238217634822187e-02,-3.095183817261885311e-06,-2.232902438860793397e-04,1.345488121230238457e-04,2.050563023138327751e-02,-6.916368640101498710e-03
-5.835759567541939918e-02,-1.897195040761239380e-05,-2.325220104813985800e-04,1.432784452010239611e-04,2.021237634984868886e-02,-6.819911574475262181e-03
-5.725382229531547629e-02,-3.884948241650622438e-05,-2.913306429879570039e-04,1.432915889774655747e-04,1.992190830403097260e-02,-6.623777047679790635e-03
-5.615017156044126156e-02,-3.209158580544463682e-06,-2.996562303061273917e-04,1.517212893644682113e-04,1.952649927806925437e-02,-6.524126000054518773e-03
-5.510048188898080540e-02,-1.648224281779519721e-05,-2.577367870270416824e-04,1.611715666112787217e-04,1.923317205332457369e-02,-6.428488870236564665e-03
-5.399683154203681335e-02,-2.888070035077085090e-05,-2.651494202044442166e-04,1.696987268947185710e-04,1.893768180715844213e-02,-6.331862886719270660e-03
-5.294219047243662463e-02,9.371484436661879012e-06,-2.770618354006565247e-04,7.890430599593860491e-05,1.864336384598245036e-02,-6.243813731314158504e-03
-5.183852003659553120e-02,-5.604040660092164542e-05,-2.835748248199189956e-04,7.806478880506445583e-05,1.825223930388421983e-02,-6.044096005122733505e-03
-5.078507651379248616e-02,-1.607006742378174765e-05,-2.896263727829309566e-04,8.699413414092581212e-05,1.795675565831665599e-02,-5.947646139408258384e-03
-4.973140051052280658e-02,1.973791203454986306e-05,-3.002428998712987763e-04,9.601323892360072920e-05,1.766243063540019059e-02,-5.849123053638408294e-03
-4.863287241937779004e-02,-3.810997808508102315e-05,-2.556221479376628793e-04,1.058101520412144624e-04,1.736662967369951779e-02,-5.750865207216883379e-03
-4.762928615131890864e-02,-6.310143000171702757e-07,-2.653754187517634480e-04,1.048820285818386812e-04,1.707472620360598117e-02,-5.553757361197335374e-03
-4.652578996531948896e-02,-5.675359782165413593e-05,-2.696094110772838935e-04,1.143727187347674573e-04,1.667882704587222292e-02,-5.452764578079218744e-03
-4.552149714443664424e-02,-1.248998810613837269e-05,-2.784867439827132078e-04,1.237146460517325665e-04,1.638433792791311322e-02,-5.354698235142132945e-03
-4.451874021829693023e-02,2.749807329907632869e-05,-2.869467479947436723e-04,1.331796487988636533e-04,1.608813845341253157e-02,-5.256408127104163740e-03
-4.341461150752094766e-02,-2.603308577339218620e-05,-2.898081889144196580e-04,1.326520197321087724e-04,1.579583180393328429e-02,-5.057625865237392639e-03
-4.241187079418896194e-02,1.561871833174824917e-05,-2.973893506899027983e-04,1.422632823143840045e-04,1.549947584616262475e-02,-4.958854903620284020e-03
-4.141349380248554590e-02,-3.619386979634930891e-05,-2.547912829811679381e-04,5.306635890512705002e-05,1.520284825251573720e-02,-4.870246461800358320e-03
-4.041010093120957908e-02,7.119535585900222378e-06,-2.615085999672702322e-04,6.286438728418687063e-05,1.490791579676621452e-02,-4.770991389581106558e-03
-3.940659790679502256e-02,-4.297656189430694478e-05,-2.677921499838427691e-04,6.242377673788933464e-05,1.461337142181223792e-02,-4.572126826742869618e-03
-3.840325660844989830e-02,1.995214319028748650e-06,-2.736424923190509170e-04,7.235875343004567522e-05,1.431821160017968456e-02,-4.472378033961694511e-03
-3.739987786515958090e-02,3.343545589134227550e-06,-2.790570335039159857e-04,8.224595605677202203e-05,1.402153651010665074e-02,-4.372446173301285967e-03
-3.649687049360233332e-02,2.404576891757740058e-07,-2.893552142582248607e-04,8.198501985460562565e-05,1.372647110252959816e-02,-4.173502649418546658e-03
-3.549293658934371543e-02,3.293883953064858211e-06,-2.939128343421931679e-04,9.201291506067511361e-05,1.343099987438861609e-02,-4.073034698149643681e-03
-3.449078385272585229e-02,-3.510273429632868869e-06,-2.980461394443587823e-04,1.025158682520679296e-04,1.313409478154894255e-02,-3.971924612125221112e-03
-3.353720360266067291e-02,1.223448601588064079e-06,-3.071121357135201844e-04,1.019248556331108944e-04,1.283854790078317945e-02,-3.771264240886232702e-03
-3.258934210961764860e-02,1.413549431580774442e-06,-2.606602483977319231e-04,1.344284962051634733e-05,1.254268497651665586e-02,-3.681751677972562673e-03
-3.163583498933332516e-02,7.847225748094469405e-06,-2.689126994172749674e-04,2.372088638513053987e-05,1.214531438428619048e-02,-3.578469131441414965e-03
-3.068310324521084445e-02,-4.001909570891381423e-05,-2.713201728632174173e-04,2.351757991869425461e-05,1.194975436600139232e-02,-3.379898057006996449e-03
-2.972919296927776373e-02,1.782212257387089349e-05,-2.787472338398849889e-04,3.402667515590792236e-05,1.165340148985660913e-02,-3.277644680250722201e-03
-2.877696788610595302e-02,-3.388230420240101313e-05,-2.802907244752788013e-04,4.479679349146157245e-05,1.135611667285047442e-02,-3.176032594184217527e-03
-2.787354415777903299e-02,-2.407536420999022641e-05,-2.868960924315074068e-04,4.463677074991191629e-05,1.105993651214533247e-02,-2.974756884145072968e-03
-2.692058571985991161e-02,-1.895167793927533386e-05,-2.931029664984923498e-04,5.527774111970476268e-05,1.076218396490973006e-02,-2.871798071616685731e-03
-2.601676459999162361e-02,-7.452106294285601240e-06,-2.988956506243220274e-04,6.624702318784955355e-05,1.046551246056954404e-02,-2.769358261555057536e-03
-2.511425013837158271e-02,-6.268887412605592025e-06,-3.042977582190921977e-04,6.587833818697079989e-05,1.026894715496706051e-02,-2.568304098029757909e-03
-2.421085478118884318e-02,-4.279136990799299383e-05,-3.092827336728953022e-04,-2.250039606336369348e-05,9.970909355429690910e-03,-2.476524988312156852e-03
-2.331359491214343022e-02,1.528807698973688189e-05,-2.641796816573803550e-04,-1.128453932595758213e-05,9.672914556060615426e-03,-2.373236078265231024e-03
-2.241063570871384275e-02,-2.519628269049314952e-05,-2.683561155485113280e-04,-1.543064833384558474e-07,9.474865922938956880e-03,-2.270626017936295225e-03
-2.155736346335208539e-02,-1.518513873469128116e-05,-2.721187250389421998e-04,2.246234353409184189e-05,9.176678767203978043e-03,-2.266803078834902108e-03
-2.070379412297706015e-02,1.334517932585245058e-06,-2.811712278546501143e-04,3.357975898934074878e-05,8.878368671545332561e-03,-2.162450738810846058e-03
-1.980119099805460747e-02,-4.241539635673172338e-05,-2.841426204844776319e-04,5.641366563779723814e-05,8.679159441267141409e-03,-2.158170581711104253e-03
-1.899768141726240062e-02,2.543904743955632670e-05,-2.924396828071993142e-04,6.776963337879751085e-05,8.380829867480519071e-03,-2.053849911633751080e-03
-1.809474954274083516e-02,-1.096816334102717385e-05,-2.946022978537895208e-04,-2.001464158719156239e-05,8.082429066405806550e-03,-1.960369449216754940e-03
-1.724119957522468952e-02,-4.656362867986289658e-05,-3.021380056962280213e-04,3.154841480388674164e-06,7.883839685500717079e-03,-1.954921293375257337e-03
-1.638835236749418278e-02,1.797563429388359098e-05,-3.034934523404190306e-04,1.478731565284325718e-05,7.585463991206236635e-03,-1.849908102041575644e-03
-1.558510219280559959e-02,-1.600581332390238091e-05,-3.102701002063444928e-04,3.820186796550541339e-05,7.286108202584308177e-03,-1.843554142465086889e-03
-1.473774101399022776e-02,4.785034973727545663e-07,-2.670187120837273212e-04,6.200549568519750506e-05,6.986704233988247879e-03,-1.836502911229014393e-03
-1.388511406955559788e-02,1.187937605467372989e-05,-2.671721396779657906e-04,7.385868695532333791e-05,6.788195263126889541e-03,-1.731108393155850840e-03
-1.308165527347687242e-02,-1.379645292557061071e-05,-2.728053899669565549e-04,9.767644099551047224e-05,6.488837889437480168e-03,-1.723973486853391541e-03
-1.227842647822392080e-02,-4.455122133090886943e-05,-2.780682392679246140e-04,1.050599292365293760e-05,6.290034475934519129e-03,-1.629714185743143294e-03
-1.147524389046109851e-02,2.479093614069977406e-05,-2.829564188945013947e-04,3.449214079143116086e-05,5.990658776383366718e-03,-1.621788991943987545e-03
-1.072165611899941057e-02,-4.357293749687185829e-06,-2.934467942913904681e-04,5.871471362393833083e-05,5.791168962618710621e-03,-1.614122812623929037e-03
-9.918259254521919616e-03,-3.269960533897097246e-05,-2.975979328413231521e-04,7.106328910680816211e-05,5.492852375796778569e-03,-1.506285235350284185e-03
-9.115079690743528237e-03,3.903380499526301151e-05,-3.013765220547292623e-04,9.546959256663072296e-05,5.293429436414933374e-03,-1.498013092262180613e-03
-8.361862892419706997e-03,1.229412031547830326e-05,-3.047743043652166302e-04,1.079817594255433468e-04,5.094461647302306155e-03,-1.390337841281632852e-03
0.000000000000000000e+00,0.000000000000000000e+00,0.000000000000000000e+00,3.413599344714857153e-05,4.689518970511563634e-03,-1.410401143842117400e-03
-6.910902741370585599e-03,-4.487397190193690290e-05,-2.730010937114040175e-04,4.613043134667686284e-05,4.395685298168262520e-03,-1.283725864242570838e-03
0.000000000000000000e+00,0.000000000000000000e+00,0.000000000000000000e+00,7.156261600771429698e-05,4.192143642427651612e-03,-1.287274269788862835e-03
-5.503765887814650662e-03,6.459648671094408604e-06,-2.895172524138679509e-04,9.604803918531241058e-05,3.896582939461518992e-03,-1.263993636935689018e-03
-4.800180237571230295e-03,-1.629903112897329801e-05,-2.972700940525551099e-04,1.089136877716602404e-04,3.697270037648889545e-03,-1.154399651976235550e-03
0.000000000000000000e+00,0.000000000000000000e+00,0.000000000000000000e+00,1.347352335921980782e-04,3.395420910223457059e-03,-1.150161953859547143e-03
-3.393074774930735296e-03,3.359154243309989254e-05,-3.117686501226800562e-04,4.790025792891131442e-05,3.098249545284673719e-03,-1.045449713305725845e-03
0.000000000000000000e+00,0.000000000000000000e+00,0.000000000000000000e+00,7.387468730846169507e-05,2.897215725331943239e-03,-1.037714213829438875e-03
-1.985867014324093661e-03,-6.389576768844027880e-06,-3.249040109660060352e-04,9.906610916227267605e-05,2.598987988209853009e-03,-1.022153198601612406e-03
0.000000000000000000e+00,0.000000000000000000e+00,0.000000000000000000e+00,1.126862786077209577e-04,2.398809454367194921e-03,-9.123564410159941407e-04
0.000000000000000000e+00,0.000000000000000000e+00,0.000000000000000000e+00,1.385114521965657985e-04,2.099450676609196723e-03,-8.987714452812871346e-04
1.186090336995246456e-04,3.247902056020174658e-05,-2.924575495965970012e-04,5.227828522895364551e-05,1.900055097161221446e-03,-7.986475012493821557e-04
0.000000000000000000e+00,0.000000000000000000e+00,0.000000000000000000e+00,7.860891083977250560e-05,1.700640673276215386e-03,-7.846911292202635169e-04
1.476200579168654220e-03,4.068364364462146249e-07,-3.085630337149114846e-04,9.178821757168433839e-05,1.400467571891791810e-03,-6.725055851587829732e-04
0.000000000000000000e+00,0.000000000000000000e+00,0.000000000000000000e+00,1.182763311186052491e-04,1.201386413644488704e-03,-6.570976303803439944e-04
0.000000000000000000e+00,0.000000000000000000e+00,0.000000000000000000e+00,1.446706570410460913e-04,1.001802083419852610e-03,-6.425252535607085813e-04
3.587034382619289346e-03,1.382422840023295887e-06,-3.206319281815417583e-04,1.581385641752750698e-04,8.009218480561328167e-04,-5.299083762323186786e-04
0.000000000000000000e+00,0.000000000000000000e+00,0.000000000000000000e+00,8.565156588258293624e-05,6.021810028496789617e-04,-5.263907262201376891e-04
4.894658458588323213e-03,2.677005406854442743e-05,-3.334448128194592150e-04,9.930078346326106525e-05,4.009946560816727711e-04,-4.128344393015096099e-04
5.591813481189106087e-03,9.330723763088951371e-06,-2.865320356789688265e-04,1.261247487911901590e-04,2.010939148102178740e-04,-3.967759169170868351e-04
0.000000000000000000e+00,0.000000000000000000e+00,0.000000000000000000e+00,1.399595463236202875e-04,1.700368629839985079e-06,-2.812092019617122574e-04
6.899395031534230095e-03,-1.016248479376976311e-05,-2.973757630271741640e-04,1.669651701831529819e-04,-1.991189960954872350e-04,-2.643492945060584693e-04
7.503526700176860013e-03,-2.532790774986291762e-05,-3.056143544762346658e-04,9.496809789152016945e-05,-3.990526748024666179e-04,-2.602724592193733882e-04
8.157546453563388131e-03,-3.312396763635542255e-05,-3.135446156763260750e-04,1.089696386083010258e-04,-5.994658504583071654e-04,-1.435459703713352550e-04
8.761586427630408541e-03,9.424411753487064799e-06,-3.211714668862285498e-04,1.362928544829505038e-04,-7.995209506466273517e-04,-1.255129984150950794e-04
9.365784965574832158e-03,4.607736049459729415e-05,-3.284989557061605706e-04,1.503651455087681623e-04,-1.000050863422789586e-03,-7.930454126101573183e-06
9.913117225058326945e-03,4.061458031416897995e-05,-2.859656127339552122e-04,7.875319864999446727e-05,-1.200077048188029436e-03,-2.359763085040403971e-06
1.051730359373525929e-02,3.593956708446466216e-05,-2.926838216760330028e-04,1.063735633562265564e-04,-1.400067226739522188e-03,1.691284756247282527e-05
1.112150833950757180e-02,2.529923280072914326e-05,-2.990952838986018201e-04,1.206196230589316423e-04,-1.500752021030442524e-03,1.362452276842475755e-04
1.167599898722910569e-02,2.217142504677038539e-05,-3.119707446520563355e-04,1.484349298210038519e-04,-1.700918707854545209e-03,1.563367335505613603e-04
1.223023347064131246e-02,1.302807248024939355e-05,-3.177913948389977537e-04,1.627408846277485265e-04,-1.901724653025723809e-03,2.760929166275271078e-04
1.278474274253701276e-02,1.144573462718622262e-05,-3.301239485796634773e-04,9.165261902953127104e-05,-2.101844029737863061e-03,2.833896709619521158e-04
1.328240597492011572e-02,1.064763069204292284e-05,-2.926667716681365821e-04,1.060173450761233002e-04,-2.202733354885510857e-03,4.045580045176931433e-04
1.388665750208921586e-02,3.757587205816871261e-06,-2.976115527686401399e-04,1.341564063508594222e-04,-2.403042963273624259e-03,4.263438477052690790e-04
1.439140080011062570e-02,-2.399302390047921351e-06,-3.091462572336424789e-04,1.624099067947877193e-04,-2.603350469565103749e-03,4.486775575510824790e-04
1.489567461169893740e-02,6.027629459808221824e-06,-3.204088766664401245e-04,7.791571929786756767e-05,-2.704292565269794148e-03,5.574280100578833490e-04
1.549996316305179631e-02,1.385357196232035628e-06,-3.244690336639456272e-04,1.063325028937922942e-04,-2.904692677107512805e-03,5.804591024618770568e-04
1.599777758522986926e-02,-2.525648806163605073e-06,-2.856789365631974770e-04,1.208357963257323696e-04,-3.105856497983955009e-03,7.030714417374195292e-04
1.650229155774397133e-02,1.294719056788203497e-06,-2.961367382433836458e-04,1.494517959544553842e-04,-3.206290544203096310e-03,7.279255739191474841e-04
1.700709058524053907e-02,-1.130490491403277192e-06,-3.063353648722514180e-04,7.912398342270247854e-05,-3.406612278436910515e-03,7.383637298842051768e-04
1.751191324897761678e-02,4.224660813093185076e-06,-3.162695612864694955e-04,9.382840702809092971e-05,-3.507598803552128275e-03,8.631909214016633084e-04
1.801675351685422602e-02,3.282759234382646998e-06,-3.259386322951512505e-04,1.226704281451590180e-04,-3.708101217526449216e-03,8.885196066366144721e-04
1.846471100920738309e-02,1.017028939905813276e-05,-2.929419377530768096e-04,1.373685030452756451e-04,-3.809450077301420289e-03,1.014082280028968247e-03
1.891955752128710727e-02,1.070926990531911172e-05,-3.021073985399632105e-04,6.737527442926786873e-05,-4.009892576433731620e-03,1.026337185956507784e-03
1.942442628730415774e-02,1.197511429973773966e-05,-3.110060778482954202e-04,9.648298073476923632e-05,-4.110487488017027305e-03,1.053913343367545406e-03
1.987949993571108340e-02,2.114419036945956539e-05,-3.268093509369369076e-04,1.113322194671247280e-04,-4.311997083227551292e-03,1.179946647739730636e-03
2.027737848519323843e-02,3.108932916242255204e-05,-2.929134581918847215e-04,1.405130826868643149e-04,-4.412572329228833454e-03,1.208658109290786315e-03
2.073226447465003827e-02,3.458270084922895481e-05,-3.010621319782848531e-04,5.645222577665574072e-05,-4.514146932740369447e-03,1.322484258420258572e-03
2.118769671463678270e-02,3.880043898723692998e-05,-3.161952033319390316e-04,8.584666363028329911e-05,-4.714773799177250646e-03,1.350734373246806645e-03
2.159274075263915155e-02,1.549148397273521583e-06,-3.311034140382226702e-04,1.152680913755258608e-04,-4.815453262380242454e-03,1.380851020182504102e-03
2.209037570698723849e-02,7.242476403852135223e-06,-2.890268103455915800e-04,1.300951434046698329e-04,-5.017297441121726376e-03,1.509014370469831173e-03
2.249584258227030689e-02,2.098822125412779470e-05,-3.034802124193647192e-04,6.079912994090087895e-05,-5.117350294322877378e-03,1.525578192447767014e-03
2.290132840801356248e-02,2.815155164556187062e-05,-3.177135286440730820e-04,7.581581818308200007e-05,-5.219232524326302726e-03,1.656000346239813433e-03
2.330683689682494161e-02,3.603616699247612012e-05,-3.317263360831661950e-04,1.055672697323088905e-04,-5.420021417523317696e-03,1.686827432161448238e-03
2.370451167331536629e-02,2.594351397162322720e-06,-2.960586779322639593e-04,3.645743567001078286e-05,-5.520622393248724585e-03,1.704490833266955130e-03
2.411003119285997157e-02,1.194862576283154442e-05,-3.096322287855229763e-04,5.154626990525229996e-05,-5.622649963136794674e-03,1.836278596848922714e-03
2.451557261695185008e-02,2.202234299153989778e-05,-3.229838792460792583e-04,8.152936352388114787e-05,-5.723532074008196198e-03,1.869662660478911163e-03
2.491365176862370828e-02,3.281487609287556773e-05,-2.866706177738923087e-04,9.647455193408132268e-05,-5.925635068638464113e-03,2.001134170760897942e-03
2.526929172492706210e-02,2.396276397602095233e-06,-3.070844884105612379e-04,2.760281178647138188e-05,-6.026223827490030313e-03,2.020296141356279964e-03
2.567444411780566565e-02,2.218881036471380733e-05,-3.197914856415139703e-04,5.778490421268933668e-05,-6.127190246925267800e-03,2.055271685801143312e-03
2.602246748836340925e-02,3.518890449509070559e-05,-2.828496456171633567e-04,7.277900863165970681e-05,-6.229483098353544128e-03,2.189817027729943927e-03
2.637862499524222179e-02,4.890538156814298789e-05,-3.027045264125163815e-04,4.259579897547340912e-06,-6.330134613041644639e-03,2.210233362872311876e-03
2.673460499155260947e-02,1.391481845999674634e-05,-3.147780441046397950e-04,1.947842844907132854e-05,-6.431919976444330257e-03,2.345749354358837250e-03
2.708273297914128019e-02,3.670461734683700078e-05,-2.848366471754883926e-04,4.978808020223310452e-05,-6.532798253794481341e-03,2.382222298871757883e-03
2.738886515647524084e-02,3.180537222808528952e-06,-3.041490829279548994e-04,-1.871909773593311436e-05,-6.733544821657395929e-03,2.402998364652014253e-03
2.774450436974133447e-02,1.978965131922466166e-05,-3.155973087197529755e-04,-3.524947582201109271e-06,-6.836106432345144708e-03,2.539876452276244607e-03
2.809304414096322131e-02,3.711212030166631320e-05,-2.851282834630658436e-04,2.692828222479816514e-05,-6.937059474773867550e-03,2.577725420510863438e-03
2.839922081144344301e-02,5.742937647727723679e-06,-3.038957186515986149e-04,5.768833994944066844e-05,-7.038120156321701383e-03,2.616651340798953947e-03
2.870455005922700406e-02,4.003156891165003185e-05,-3.224783538345774806e-04,-2.583007201450035904e-05,-7.140377085694285704e-03,2.739543088848227920e-03
2.900296946074719037e-02,1.015072771683376780e-05,-2.914998755848737248e-04,4.579093776719621612e-06,-7.241462093841946092e-03,2.779329018230316650e-03
2.930925771920355610e-02,3.037970618814908358e-05,-3.097453737100580671e-04,3.545179681083064459e-05,-7.342603779408238968e-03,2.819637005042252044e-03
2.961557113664653115e-02,5.131904279823322024e-05,-3.278149119466666219e-04,-4.805685946869479711e-05,-7.444979675118123738e-03,2.943505606524747433e-03
2.991395687655067775e-02,2.358455046399492901e-05,-2.963238438389169025e-04,-1.720034962132285401e-05,-7.546144742221388806e-03,2.984756757681443929e-03
3.022071690111990949e-02,-3.432991142135768633e-06,-3.140486162338217146e-04,-2.198366003072692385e-06,-7.648099481544443426e-03,3.125213960846656962e-03
3.046927662264745096e-02,2.756824616697468730e-05,-2.901380439153509625e-04,-6.998915851678872205e-05,-7.648824126298499684e-03,3.152875067963067327e-03
3.072562997984917832e-02,5.137698096139612877e-05,-3.075342996994145776e-04,-3.885954739123249533e-05,-7.750160305666488510e-03,3.196115202436043863e-03
3.103193277773488856e-02,2.652537466706468439e-05,-3.247520307293864667e-04,-2.353736844432436834e-05,-7.852987342088552439e-03,3.338041037386508311e-03
3.128088803931369788e-02,2.388589033242986028e-06,-3.004342485832321003e-04,-9.146769292811363441e-05,-7.953753966985586260e-03,3.365447389991380912e-03
3.153728792309686002e-02,2.832545007071293115e-05,-3.173268416519455567e-04,-6.018953476164398610e-05,-8.055178598693434749e-03,3.410129926592477684e-03
3.178630550611551142e-02,5.496789887945673883e-05,-2.927443855861469428e-04,-4.513038034167789452e-05,-8.157812249485198522e-03,3.553152329670714732e-03
3.199320535388539694e-02,-1.638732307000653892e-05,-3.173937592461003048e-04,-1.126091159126003650e-04,-8.158755765286913875e-03,3.584108731804996287e-03
3.229101994671537690e-02,1.978425446686705790e-05,-2.844547258415920828e-04,-8.135783121516207634e-05,-8.260151922238155933e-03,3.629592329197501785e-03
3.249758390800135816e-02,5.671167108210744553e-05,-3.088251346226155033e-04,-6.613248091900768419e-05,-8.362997369788426061e-03,3.775046618353209565e-03
3.270453162730305868e-02,-1.244355705903235999e-05,-3.330717638425832023e-04,-1.171505725348641244e-04,-8.462384217898877639e-03,3.707038392559443892e-03
3.290349442393630114e-02,1.778633024193508814e-05,-3.078603637907344854e-04,-6.932919994880343154e-05,-8.462017536982908289e-03,3.657373045111783454e-03
3.311065270133087962e-02,4.871830268711826615e-05,-3.318587845299653854e-04,-3.758518292971691339e-05,-8.563318135267904835e-03,3.705259555269262237e-03
3.331005978460004069e-02,3.102773305988814793e-05,-3.064096386384443740e-04,-8.843217721051299727e-05,-8.661802146958316739e-03,3.638489924239082796e-03
3.356717162854740144e-02,1.404576141881959995e-05,-3.301566859620102992e-04,-3.989086952693789856e-05,-8.761395422855122392e-03,3.588120465551831225e-03
3.371608678995597491e-02,4.708921810462960144e-05,-3.044601642519490598e-04,-8.075511481483958680e-06,-8.762766830428602577e-03,3.639765732593224900e-03
3.392312538810164646e-02,-1.779207792543083965e-05,-3.279545359639445424e-04,-5.815783490124142323e-05,-8.862146458766427190e-03,3.574438720634851366e-03
3.412146689108373071e-02,2.501084113094051257e-05,-3.020095668283118823e-04,-9.435204159082262405e-06,-8.861792179691064392e-03,3.527824799160044714e-03
3.432872133747209148e-02,6.018646936349076454e-05,-3.252526452518607271e-04,-7.573770845479847118e-05,-8.962856783729033008e-03,3.561897954805095731e-03
3.447810754258299332e-02,-2.536421440855240941e-06,-3.074732692344172603e-04,-2.697989496244819219e-05,-9.162211930748823466e-03,3.512661672047340342e-03
3.468539670034381794e-02,3.404314006133121842e-05,-3.304897018968756903e-04,2.234208988165985811e-05,-9.161915591462451575e-03,3.467601978055519230e-03
3.483424491829400366e-02,7.131955778397952638e-05,-3.040876540854648043e-04,-4.389953603994042972e-05,-9.263035920695583333e-03,3.503613680973835520e-03
3.499208265263491213e-02,1.072252513670379878e-05,-3.353351926445911706e-04,5.529985109683693312e-06,-9.262473208143117559e-03,3.459374719355257956e-03
3.519092067092213089e-02,4.939952876797075324e-05,-3.087144307886996604e-04,5.501966570948361459e-05,-9.362132282969880606e-03,3.414042568542731935e-03
3.529878789828724134e-02,-9.779576127397075327e-06,-3.397878275808351644e-04,-1.085297985904138602e-05,-9.363064749995720845e-03,3.452999652319389910e-03
3.549760509391988728e-02,3.029582161629523605e-05,-3.129476967318343874e-04,3.889181831880414832e-05,-9.462737267760886958e-03,3.408646554024366299e-03
3.559701786961328579e-02,2.179878218887291378e-05,-2.945810968449098896e-04,-9.939840356846822421e-06,-9.461896381163943312e-03,3.349870105806254834e-03
3.570503528099111534e-02,1.400425717533948920e-05,-3.254090247972431173e-04,4.046366384642572863e-05,-9.561419874532578120e-03,3.307073673497560023e-03
3.590380963299100864e-02,5.616870477904867417e-05,-2.982544439361409076e-04,7.337714043375491522e-05,-9.562868758934082655e-03,3.364500960151489868e-03
3.601176372640238488e-02,5.206707392184741463e-07,-3.289058748226059538e-04,2.527471591914117526e-05,-9.662080245836427578e-03,3.305392964781392242e-03
3.611185959271007162e-02,4.407875135751973365e-05,-3.102401213149754105e-04,7.576862383927069787e-05,-9.660620881538906080e-03,3.265786590698674125e-03
3.621996428487201519e-02,3.908420489573831603e-05,-3.407440504724036840e-04,2.790189083841344234e-05,-9.859812611599400381e-03,3.205692132615066935e-03
3.631934550647710619e-02,3.478956832216741844e-05,-3.219322264442078200e-04,6.125536482932764581e-05,-9.861109700064736930e-03,3.265602970388332884e-03
3.641870787723094915e-02,3.119432592941544171e-05,-3.030528585806401757e-04,1.118753490883681251e-04,-9.860630530143330713e-03,3.227524572157330039e-03
3.657627694248605926e-02,3.711147714370308575e-05,-3.333293717418686175e-04,6.482349122688081308e-05,-9.959795794220589055e-03,3.169903012191060184e-03
3.667562713726792156e-02,3.494093925281849386e-05,-3.143101208048296180e-04,9.804977442111249234e-05,-1.006111328586317515e-02,3.229403333915717173e-03
3.677495815714287158e-02,3.346827304856939660e-05,-2.952230879629601061e-04,5.095034250539948130e-05,-1.016030015243060518e-02,3.173336820595791530e-03
3.688316622658625171e-02,3.269296629796190527e-05,-3.252815972762077858e-04,1.023419991072707945e-04,-1.025988588621925927e-02,3.135443745333456756e-03
3.698248606050837800e-02,3.261450764529479513e-05,-3.060538154356481823e-04,1.539593792145022553e-04,-1.025943749567125550e-02,3.099944158432852218e-03
3.704072676300664002e-02,3.323238660977460623e-05,-3.359614332364648957e-04,1.072571893953838771e-04,-1.025875794359001371e-02,3.047816878773135490e-03
3.714003506622718526e-02,3.454609358295186440e-05,-3.165925167523490078e-04,1.411895916139447433e-04,-1.036013409167244916e-02,3.109830910504852563e-03
3.719013033813741570e-02,3.655511982654928199e-05,-3.061620041889748646e-04,9.452713404920039459e-05,-1.035911137130017881e-02,3.057508429703149379e-03
3.724842742426554693e-02,3.925895746998887570e-05,-3.358725417078124221e-04,1.469065747736819703e-04,-1.035880041587215056e-02,3.024813640766992745e-03
3.729852593521989362e-02,4.265709950802530230e-05,-3.253833198381454414e-04,1.005345905010696691e-04,-1.045777981497835428e-02,2.971514704691593893e-03
3.739840585255811700e-02,3.766006603275649453e-05,-3.057965302044066895e-04,1.347003593126895138e-04,-1.045920646935307244e-02,3.037324009496624073e-03
3.740758619340776164e-02,4.241764901213572491e-05,-3.444271006121357162e-04,1.871647504819743345e-04,-1.045868255541360266e-02,3.005811652115643762e-03
3.750684726051753404e-02,4.786800180262072539e-05,-3.247206270112327781e-04,1.414566530978339878e-04,-1.045793214835311589e-02,2.956055131194539141e-03
3.750691314114677766e-02,5.401062089485131367e-05,-3.141186125532599636e-04,1.939398862923397994e-04,-1.045736747799278638e-02,2.925490422059815257e-03
3.760675514910391537e-02,5.164501504367386450e-05,-2.943075991259049744e-04,1.485162318320954714e-04,-1.055662288032556753e-02,2.874441200785806533e-03
3.761590913322140906e-02,9.989370225661509342e-06,-3.328041186663374651e-04,1.831492041832502680e-04,-1.055797532802289600e-02,2.943263662764090353e-03
3.761596766678239334e-02,1.818330517243865185e-05,-3.221298883367934942e-04,1.376925574077649602e-04,-1.065705969487876908e-02,2.893828610947658114e-03
3.771517122902864894e-02,2.706750746704221752e-05,-3.021580890297612815e-04,1.909086822183239565e-04,-1.065670831708974593e-02,2.864795627441645356e-03
3.771520458848523494e-02,3.664147792962307962e-05,-2.914299919055428410e-04,1.457535546087747162e-04,-1.065581988220246253e-02,2.818122272237999666e-03
3.772456850447516996e-02,4.690471822173373801e-05,-3.298209545005634778e-04,1.995270582874094202e-04,-1.075535070332707746e-02,2.788772409766524223e-03
3.777450390455622253e-02,8.730093161112921068e-06,-3.190605553195372326e-04,1.547201812502522025e-04,-1.075442842678478450e-02,2.742244731851440579e-03
3.777453496374225811e-02,2.037578142453498703e-05,-3.082882420716050978e-04,1.894109310987388993e-04,-1.085577271381390867e-02,2.811962641743362759e-03
3.782367159479519542e-02,3.270927467982856648e-05,-2.880784623885816222e-04,1.450004828157346048e-04,-1.085513936262921635e-02,2.767381506822849495e-03
3.783312980615233939e-02,4.573007795630030066e-05,-3.263623144299465065e-04,1.989616250694064669e-04,-1.085471744752440799e-02,2.741814726526432301e-03
3.778404889991860555e-02,5.943769711271690396e-05,-3.249984295647517785e-04,2.531138822642536933e-04,-1.085402993983458977e-02,2.716520064229288600e-03
3.778394826550265234e-02,2.473256412339533880e-05,-3.141680388736335107e-04,2.089361395577284445e-04,-1.085319591868085312e-02,2.673002758540842395e-03
3.778395700679179625e-02,3.981786282362212187e-05,-3.033258220122651816e-04,2.630082421759517776e-04,-1.085274733767014298e-02,2.648890050278799018e-03
3.779475787246199675e-02,3.645925021327459684e-05,-3.415696156936495016e-04,2.004088013471934458e-04,-1.085384161374335250e-02,2.704177934300779854e-03
3.779465367642512869e-02,3.775212632671819900e-06,-3.306947155963367731e-04,2.547275919700354389e-04,-1.085341217941494622e-02,2.681116417447444115e-03
3.779465992199385060e-02,2.086477596366736694e-05,-3.198080927985730640e-04,2.109738630820019592e-04,-1.085261112519207011e-02,2.639266600246892910e-03
3.774464404412377488e-02,3.863822299879064877e-05,-3.089086812446343168e-04,2.657513651444604551e-04,-1.085224141029771973e-02,2.618001856205370501e-03
3.769544216051677610e-02,8.028622645033564920e-06,-3.076741244978137193e-04,2.223753992141738690e-04,-1.085124769201920199e-02,2.576820504618872795e-03
3.769542356733993765e-02,2.717405474765965048e-05,-2.967775832694443208e-04,2.771239456346443700e-04,-1.085085451620415586e-02,2.555652270812644282e-03
3.770513014345712455e-02,4.700193372627452790e-05,-3.349230943060951511e-04,2.344286317459596755e-04,-1.085014687883620495e-02,2.515673148282449208e-03
3.770499694199858087e-02,1.846277127424973184e-05,-3.239943410226910720e-04,2.699541968614640715e-04,-1.085161770242868209e-02,2.593626212963513929e-03
3.760653687608180723e-02,2.986823068905489071e-05,-3.228513852764126370e-04,2.269146655515498425e-04,-1.085070213582094503e-02,2.554908682577496527e-03
3.760712645523398706e-02,4.189818193303519695e-05,-3.119317782584654229e-04,2.823500435996020158e-04,-1.085035025559066314e-02,2.535507513041206518e-03
3.750792277823661314e-02,1.536770301997178342e-05,-3.108426478268715501e-04,2.397069975173982842e-04,-1.074946735893805329e-02,2.499602540104785622e-03
3.750788289276910797e-02,3.855594396434686703e-05,-2.999211407793385214e-04,2.951001398240907453e-04,-1.074913082233919584e-02,2.481363952945629843e-03
3.740867675019547006e-02,1.340290421149306228e-05,-2.988925263274273174e-04,2.526949788640792875e-04,-1.074825846172797889e-02,2.444443482525206560e-03
3.740862230842787600e-02,3.795567578979386721e-05,-2.879746038674710329e-04,3.085709883361319379e-04,-1.074793832291899565e-02,2.427261100795767568e-03
3.731950135557682985e-02,6.318707320130789295e-05,-3.360164411473029488e-04,2.466978650456852972e-04,-1.074897407225991128e-02,2.489169692208127033e-03
3.722093178364076910e-02,3.010220072651388881e-05,-3.350927760220388340e-04,2.045465029806555553e-04,-1.074812525327900788e-02,2.453503591676982690e-03
3.722149546277557508e-02,4.664696189613048267e-05,-3.241939863464860048e-04,2.607122020443390707e-04,-1.074784098661320415e-02,2.437490867418676006e-03
3.712231256680393471e-02,2.486886346277548222e-05,-3.233260946608842480e-04,2.188674529625010614e-04,-1.074701400125290147e-02,2.402681654898456906e-03
3.707326820184822513e-02,5.276550592152450957e-05,-3.225043832143270118e-04,2.750562772624894742e-04,-1.064656515515675049e-02,2.389407777540572802e-03
3.702306925276055427e-02,3.235878595602935517e-05,-3.116195999450213552e-04,2.333976818823512442e-04,-1.064595156442878568e-02,2.355718238296856774e-03
3.692401199041149551e-02,6.161353723947879618e-05,-3.108596327944461012e-04,2.900344858621483604e-04,-1.064554735195833747e-02,2.342430962198310124e-03
3.687544527982076353e-02,3.241231607078204238e-05,-3.101490644462601381e-04,2.485848597133055271e-04,-1.074471288225446915e-02,2.306690019450128703e-03
3.677626657395980520e-02,1.403363914955356929e-05,-3.094789125921624498e-04,2.848595036662266095e-04,-1.074612408131892481e-02,2.392267065147336315e-03
3.672677000107809481e-02,3.507498019376568905e-05,-2.986377608063814706e-04,2.435828878596101867e-04,-1.064556636480819794e-02,2.361801446643186590e-03
3.662758888936187146e-02,1.803434504335430487e-05,-2.980300543899769695e-04,3.003895155427960891e-04,-1.064519877183678007e-02,2.350435944658172543e-03
3.652913193360433908e-02,4.034311732170975059e-05,-2.974739998366272582e-04,2.595462141633000886e-04,-1.064445064461566441e-02,2.319041067849840314e-03
3.642995515276483548e-02,2.463878717638952882e-05,-2.969579471014021158e-04,3.165524400887380222e-04,-1.064410411470242783e-02,2.308644585695981619e-03
3.633090672293697726e-02,5.855075406131848641e-05,-2.964889035514343268e-04,2.757785464964876724e-04,-1.054339417214851179e-02,2.279832354105129199e-03
3.623232724660955389e-02,3.384332674358818746e-05,-2.960697590656391075e-04,2.351701026181119650e-04,-1.054268216714243124e-02,2.249437334401268359e-03
3.613315844955079098e-02,2.015813976579187194e-05,-2.956919729979913666e-04,2.924856812975259795e-04,-1.054236706518429934e-02,2.240452930498851563e-03
3.603410508860482170e-02,4.564357875406336077e-05,-2.953614028836488666e-04,2.522006006540554153e-04,-1.054272170363592873e-02,2.211162656554686943e-03
3.593494314182885813e-02,3.329063605041052333e-05,-2.950763159847341111e-04,3.097222691764740929e-04,-1.044243320383001113e-02,2.204937232340462537e-03
3.583578476819967995e-02,2.162104996712043608e-05,-2.948377317348745662e-04,2.485659828793474802e-04,-1.054350393646593526e-02,2.272444382498186536e-03
3.568844486924946380e-02,4.901457774149830735e-05,-3.051645544460915445e-04,3.062223825416516046e-04,-1.054304804113271286e-02,2.264809705765746198e-03
3.558987895903018006e-02,2.813286866733875175e-05,-3.050533610814113068e-04,2.661446321076083401e-04,-1.044239621478737848e-02,2.238959931122345027e-03
3.549073521910501433e-02,1.844564915801468656e-05,-3.049840294310703255e-04,3.239725102833027081e-04,-1.044213819209893583e-02,2.232845881465846723e-03
3.539172050216906479e-02,5.831374393308112839e-05,-3.049627122938488341e-04,2.843364210038759089e-04,-1.044149950604453952e-02,2.206057044594849498e-03
3.529315968742960385e-02,3.935367756336868026e-05,-3.049923266279926343e-04,2.446564308612169270e-04,-1.034088219906862706e-02,2.181191843674579276e-03
3.519459963207497571e-02,2.101556728030069067e-05,-3.050690805545072269e-04,3.026989180519298948e-04,-1.034065292700114477e-02,2.176485575394250613e-03
3.504545879092776928e-02,1.398750498345823581e-05,-3.051881062746399868e-04,2.632015038148360041e-04,-1.034007783740285326e-02,2.151685009684456765e-03
3.489748528751879242e-02,7.639637264080966349e-06,-3.160723092096651208e-04,3.215595426848252077e-04,-1.023970626264307515e-02,2.149423078373218204e-03
3.479906195156032278e-02,4.006582872548704826e-05,-3.163216903442985406e-04,2.821475890042048464e-04,-1.023911746398901285e-02,2.124615099776336769e-03
3.460166943699979902e-02,2.426454180654059821e-05,-3.273943502846846706e-04,3.191247895142376809e-04,-1.024048155294278624e-02,2.219741560745977765e-03
3.450256814430391339e-02,1.988912798966607841e-05,-3.277620348120135118e-04,2.799839228449012784e-04,-1.013991671169238960e-02,2.197557704231220370e-03
3.435414556319117685e-02,5.417913464861410112e-05,-3.281840363659570942e-04,2.410420378597426987e-04,-1.013938569308638071e-02,2.174794319719052741e-03
3.419592885255830217e-02,4.025957046191926136e-05,-2.907021619020189684e-04,2.995375681748079313e-04,-1.003900098980884878e-02,2.174557901174466353e-03
3.409681689995785331e-02,3.785289396436338757e-05,-2.912500731720613512e-04,2.606804389249914094e-04,-1.003845728901231298e-02,2.151858852235036430e-03
3.389889891254726367e-02,3.612367638090091326e-05,-3.027703265888509097e-04,3.195675729972315159e-04,-1.003817232323377627e-02,2.151887740630083201e-03
3.380035464855062066e-02,2.411826878877043474e-05,-3.034490274082558554e-04,2.808322102359037294e-04,-1.003764638708802732e-02,2.130020795968739968e-03
3.370181226416257836e-02,1.273021679015441815e-05,-3.041761131826275187e-04,2.422766262405803438e-04,-1.003713283250443240e-02,2.108322251762001151e-03
3.350393446293213617e-02,1.297211832598230342e-05,-3.159597682007486068e-04,3.014123474336389131e-04,-1.003687758284828660e-02,2.109746244245702673e-03
3.340540403658043972e-02,2.847426829390423597e-06,-3.168136346818730743e-04,2.629502730237135767e-04,-1.013636465768457708e-02,2.087423732068935129e-03
3.320755752976062986e-02,4.411316349533162693e-06,-3.287833840838692823e-04,3.222426628298694236e-04,-1.013612876877677260e-02,2.089805115975082103e-03
3.309750819251276038e-02,4.430910570824035048e-05,-2.809995984286758463e-04,2.837749218346388800e-04,-1.003660654979687990e-02,2.071314998304352260e-03
3.290020162860215341e-02,3.605504617828318172e-05,-2.931680072895767207e-04,2.456629853240023011e-04,-1.003600597951993800e-02,2.052376933406976130e-03
3.280113375766177675e-02,3.957682292441623453e-05,-2.942787434352940970e-04,2.828279353650323168e-04,-9.937524559654915823e-03,2.154745569309381333e-03
3.260438455423209092e-02,2.139115106791518851e-05,-3.066396785535893915e-04,2.448441061018075994e-04,-9.936935847712744657e-03,2.136393920712168718e-03
3.240659150767750268e-02,2.620140675893830470e-05,-3.190996804372334020e-04,2.070221157890071912e-04,-9.836359807816242098e-03,2.120261203488079706e-03
3.230755471173520077e-02,3.168494623792606407e-05,-3.204176114242442749e-04,2.666602293596816360e-04,-9.836300028282476265e-03,2.124880584443897789e-03
3.211084158753548662e-02,1.528067663480350458e-05,-3.330764522159578435e-04,2.289558015757696061e-04,-9.735745411551120082e-03,2.109331142057912622e-03
3.200051162373899333e-02,2.205038094531543047e-05,-2.858108615154292026e-04,2.884978679804349488e-04,-9.735641810778022584e-03,2.114830326016605040e-03
3.180275673182405421e-02,2.949225765592127530e-05,-2.986554736224306551e-04,2.510155917842869333e-04,-9.635106286177801127e-03,2.100290105112251251e-03
3.160605115469361515e-02,1.486571225479558799e-05,-3.116196523035316235e-04,2.135554182365919360e-04,-9.634574071354025035e-03,2.084318183326789881e-03
3.150703530689356879e-02,2.359145588195512254e-05,-3.132831806666171669e-04,2.735634843627414805e-04,-9.534560692191889827e-03,2.092822028424087127e-03
3.130984373660853498e-02,2.155818291010211634e-05,-3.264324920087710536e-04,2.362540713455478557e-04,-9.534042679389105254e-03,2.077869751412708514e-03
3.110120866285247948e-02,2.013579590585195956e-05,-2.910148523352531331e-04,1.988897387844354013e-04,-9.433491751739811471e-03,2.064584732381614940e-03
3.100270034536552546e-02,1.932389663126597335e-05,-2.929011892317195205e-04,2.590246095707924483e-04,-9.433489268479557793e-03,2.072878550244001625e-03
3.080552400856087156e-02,1.912208783947590450e-05,-3.063589152098791920e-04,2.220511969445918932e-04,-9.333012102323467313e-03,2.060440596969510471e-03
3.060786898118225685e-02,3.108053937538246607e-05,-3.199223121401758392e-04,2.824326341603893985e-04,-9.332900926497062974e-03,2.070128647789584199e-03
3.041073165438935855e-02,3.212788033184949720e-05,-3.336017035832562652e-04,2.223737678982785134e-04,-9.233912763487223466e-03,2.155960101242891842e-03
3.030065077503027796e-02,3.378414033861026715e-05,-2.871396109432069977e-04,1.852820072441119595e-04,-9.233513783057450963e-03,2.142616757508587506e-03
3.010339598676766218e-02,-1.258533261348345173e-05,-3.010172734584756391e-04,2.457954480561750483e-04,-9.133422958160953772e-03,2.155229341637431711e-03
2.990529374381426311e-02,1.966331658905347339e-06,-3.149972181757085309e-04,2.091349729120512227e-04,-9.033877702842465704e-03,2.144922229782820870e-03
2.970868160283345744e-02,-6.217349096117491907e-06,-3.291040831574236947e-04,1.724909762385385455e-04,-9.033428857281568247e-03,2.133258636400986886e-03
2.949939361813987831e-02,9.609675703620894775e-06,-2.947011489934205433e-04,2.329784818812351418e-04,-8.933297252534343896e-03,2.147064178208985506e-03
2.930278262317460858e-02,2.579909782805217659e-06,-3.090387977860464580e-04,1.964773838571582678e-04,-8.932865734889354134e-03,2.136199036287938450e-03
2.920384474134459993e-02,1.968100324785497106e-05,-3.116861343512079309e-04,1.600505500403160970e-04,-8.932565135786453211e-03,2.125475154044412143e-03
2.900679073162036256e-02,2.562619000447670942e-05,-3.262129940332612345e-04,2.209323002088861706e-04,-8.932508221309190186e-03,2.138995547880684703e-03
2.879790324424355563e-02,3.217720955998409861e-05,-2.922705459139581549e-04,1.844337693735063248e-04,-8.832044522784883792e-03,2.130910284148985340e-03
2.860039549518707952e-02,5.121651675348672046e-05,-3.070249862901525020e-04,1.482721370546698789e-04,-8.831639915213601588e-03,2.121798912985811778e-03
2.840383415070896547e-02,4.709520521682411352e-05,-3.219022322764936617e-04,2.092753998366495797e-04,-8.731605945344788483e-03,2.138087429694766201e-03
2.819442914983131057e-02,6.740488361271796812e-05,-2.883232601786489676e-04,1.730517380667178707e-04,-8.631167213433273144e-03,2.131126190880545859e-03
2.804642377448807525e-02,6.443191600313322837e-05,-2.914588326196521258e-04,1.369998087585412106e-04,-8.630951403117445228e-03,2.123167818567480315e-03
2.784874962509321927e-02,-1.107710898125637450e-05,-3.066402321938010837e-04,1.980939600394097206e-04,-8.530932319828196664e-03,2.141032063404354861e-03
2.765222171236058485e-02,-1.288980001595577628e-05,-3.219473882119118350e-04,1.381514536798342729e-04,-8.531906332825224537e-03,2.230699564418353684e-03
2.744275389906960377e-02,9.972719185844844918e-06,-2.888294376131846173e-04,1.021410576285528324e-04,-8.431489092712560196e-03,2.225202724346936507e-03
2.729623817281069675e-02,9.305338334422208669e-06,-3.043713874427176691e-04,1.633960537630813948e-04,-8.331435541974571007e-03,2.243451211948555967e-03
2.709885511184276924e-02,3.343393658097868929e-05,-3.200174974052748689e-04,1.277013924164741281e-04,-8.331075216537160016e-03,2.237415421233633888e-03
2.688977728826687924e-02,4.606787129152411603e-05,-2.872772455682478729e-04,9.183171003458271981e-05,-8.230678796129719393e-03,2.233042420349682332e-03
2.669328056246035585e-02,4.711552236349983213e-05,-3.031693579378317693e-04,1.532265644390919687e-04,-8.130683811297438612e-03,2.253213803397134413e-03
2.649594302345901348e-02,7.314051091938111057e-05,-3.191661714144983860e-04,1.177187822016500634e-04,-8.130342286226086707e-03,2.248319543308771595e-03
2.628658137406958764e-02,-2.163595303901320825e-05,-2.867978075353658186e-04,8.193196919040491850e-05,-8.030768280643333853e-03,2.244902672875056463e-03
2.608926941686657772e-02,5.667973060706302539e-06,-3.030317441873494862e-04,1.434900096903230036e-04,-8.030773831127119983e-03,2.265285318792328601e-03
2.589282351695931447e-02,9.010913254757518080e-06,-3.193904680624458608e-04,1.081304926457216309e-04,-7.930453570627257753e-03,2.262607747222439986e-03
2.568363699595649363e-02,2.523435949967362064e-05,-2.874011121511130034e-04,7.269758311999480747e-05,-7.830088849632030334e-03,2.260223906805246350e-03
2.548678526159317212e-02,4.205731979652790301e-05,-3.039932813461378625e-04,3.743773941064647450e-05,-7.829775680497648438e-03,2.257184502138503707e-03
2.528995709261815800e-02,5.947942425916872145e-05,-3.207009314516607993e-04,7.439211299282309428e-05,-7.731022897741106001e-03,2.377211697824899595e-03
2.508061416216080669e-02,2.906565012828158653e-05,-2.890884809582691499e-04,3.905951841955415199e-05,-7.630661821393630584e-03,2.376210461915254004e-03
2.488410180841355360e-02,-1.319901421994260979e-05,-3.060391359528069838e-04,3.736745954356710337e-06,-7.630356815663944837e-03,2.374050307345338361e-03
2.468691423993696690e-02,1.849975589582937918e-05,-3.230970694163391049e-04,6.553212350944723956e-05,-7.530383698984782249e-03,2.398712847468316769e-03
2.442801534800731478e-02,2.580405972050566976e-05,-2.918707276636117753e-04,3.030832536942138958e-05,-7.530086889474077796e-03,2.397840745061264461e-03
2.423085356585440164e-02,5.875905185699145655e-05,-3.091693560571318923e-04,-4.624927923732413440e-06,-7.429799285686974029e-03,2.398262426171212866e-03
2.403439772376344402e-02,1.880189793067087661e-05,-3.265930294903561428e-04,5.730010647751067717e-05,-7.329838724772478990e-03,2.424023091206456860e-03
2.382495722378955710e-02,-7.984833085575190249e-06,-2.957421343409766452e-04,2.201979256710321890e-05,-7.429496853258442911e-03,2.422759945829298153e-03
2.362823190724515007e-02,1.421901946430178855e-05,-3.134035503667036756e-04,-1.276194737849431855e-05,-7.429218986098727433e-03,2.422861810066830567e-03
2.341922781322820432e-02,2.433730499192235695e-05,-2.828168571241230578e-04,2.366730548620033702e-05,-7.330346082981006352e-03,2.546523907506666358e-03
2.322251955075626401e-02,4.770208845220538373e-05,-3.007207885412288757e-04,-1.114910291969107450e-05,-7.330064375723206738e-03,2.547626671946106713e-03
2.302573944108887716e-02,2.330821606119412429e-05,-3.187405976574437453e-04,-4.577317970799488775e-05,-7.229795465052553556e-03,2.550045009286080501e-03
2.281621159946867206e-02,-4.739124363970372001e-07,-2.885325781294840997e-04,-8.083995594028841052e-05,-7.129482167033617326e-03,2.552945640743954896e-03
2.261955205884181100e-02,2.469201193213200644e-05,-3.067968405250895468e-04,-1.877280171546397039e-05,-7.129519366409532016e-03,2.580449938627337597e-03
2.242328039613721014e-02,3.761545370481762384e-05,-3.251840335608377117e-04,-5.337265245834297878e-05,-7.029262650132830047e-03,2.583884608125862434e-03
2.221333693605632986e-02,1.561782109394496177e-05,-2.953573147916613772e-04,-8.804526427865329774e-05,-6.929650351669445173e-03,2.587935110612036866e-03
2.201663284665141343e-02,-5.768576150157466191e-06,-3.139821022518364231e-04,-1.227163835513071788e-04,-6.929392189916022508e-03,2.590939433090476245e-03
2.180712074078183446e-02,2.175767813368667463e-05,-2.844238853438799792e-04,-6.075133891891347726e-05,-6.829386211346846931e-03,2.621458362916355509e-03
2.156258884700561554e-02,3.691556984582537433e-05,-3.162617961518599603e-04,-9.513083947443444369e-05,-6.728935421871942019e-03,2.626135940241922009e-03
2.136594426239640798e-02,1.731024493101278376e-05,-3.352813365016259249e-04,-1.553983517001569857e-04,-6.729707577691990301e-03,2.726859117618965229e-03
2.110630156253555378e-02,-1.685582003317659639e-06,-3.061422647700358358e-04,-9.363108057777073197e-05,-6.629756656434580842e-03,2.759129500971808664e-03
2.091011243125838817e-02,1.514084544289295424e-05,-3.254143366932114498e-04,-1.279992633245375549e-04,-6.529504126661835745e-03,2.765014666332750361e-03
2.070085808651488113e-02,3.249678278929076652e-05,-2.965446620589700234e-04,-1.625093252812967427e-04,-6.629204504085900278e-03,2.769118025068252262e-03
2.050393248360765641e-02,2.836493212241275190e-05,-3.160523574302156222e-04,-1.967002008469772439e-04,-6.528954625319403036e-03,2.776020688818174077e-03
2.030769667798563993e-02,-1.394562908538601863e-06,-3.356892779895924092e-04,-1.346721136196839881e-04,-6.428995743607220786e-03,2.809217399564300621e-03
2.009839199303067869e-02,1.762589979131497499e-05,-3.072121658293064080e-04,-1.690570757141463150e-04,-6.428703785210140853e-03,2.815457629977158056e-03
1.990153242608718939e-02,1.537212219325836802e-05,-3.270866922690834531e-04,-2.031432494500474268e-04,-6.328461164887223302e-03,2.823425535527377718e-03
1.969218671846182864e-02,3.551882536054826579e-05,-2.988752146236206206e-04,-2.374302475291336734e-04,-6.228181221527582037e-03,2.831338578556827097e-03
1.949599045706367981e-02,7.983415082650213780e-06,-3.190084262910632324e-04,-1.753485942300914862e-04,-6.228217310712220144e-03,2.865197743855045151e-03
1.928620225292751456e-02,-5.701386741066820978e-06,-2.910565296492984184e-04,-2.361343534834621320e-04,-6.128860754680848059e-03,2.970582581204082515e-03
1.908980597963854178e-02,2.941167544998363073e-05,-3.114351958905397805e-04,-2.701977894210565341e-04,-6.028619965276265855e-03,2.979568555614270885e-03
1.889365945039723702e-02,3.561424998823886662e-06,-3.319379860529270577e-04,-2.081471149637276630e-04,-6.028645864296480750e-03,3.014679352823321050e-03
1.868392057580489651e-02,3.982907040288621284e-05,-3.043838646506881007e-04,-2.423611392368355954e-04,-5.928359161484612373e-03,3.024652116924383006e-03
1.843779321614199412e-02,1.508728504834531789e-05,-3.251367930112853940e-04,-2.763027353076455265e-04,-5.828192029926244043e-03,3.035188690313235255e-03
1.822793780892351112e-02,4.352101943497996261e-06,-2.978494443925884159e-04,-2.837068693523451548e-04,-5.827033304026886691e-03,2.948296660708323112e-03
1.803191864213717771e-02,2.887372138761709820e-05,-3.188545148963879304e-04,-2.213038534666443948e-04,-5.727070654023737849e-03,2.985992798805402713e-03
1.782203049412842480e-02,1.930822512292898458e-05,-2.918360954451689284e-04,-2.552633607826717893e-04,-5.626801130049670537e-03,2.997411175448066838e-03
1.762595450052238319e-02,-3.211453661641255206e-06,-3.130911976322313145e-04,-2.893492536561212782e-04,-5.626573297120808156e-03,3.007957773584140661e-03
1.742970499618944416e-02,3.652133088003350084e-05,-3.344642135517727566e-04,-3.231283916729105763e-04,-5.526352271121639896e-03,3.019706908408914536e-03
1.721977629011332486e-02,1.510638389519552531e-05,-3.078460092934683589e-04,-2.607517778652438268e-04,-5.426883540140443191e-03,3.059049333389530709e-03
1.702348339126932841e-02,7.886527887307836175e-06,-3.294696478149544434e-04,-2.674840813896428170e-04,-5.425838730590687442e-03,2.974765860020496967e-03
1.681380870853654494e-02,-1.241513781968250443e-05,-3.031279159725933331e-04,-3.012263920441742840e-04,-5.325577469750945349e-03,2.987599080458378745e-03
1.661789206419552259e-02,1.590682490195913809e-05,-3.250112824051783937e-04,-3.074510033584073373e-04,-5.224563388970907343e-03,2.904566281141852339e-03
1.640791461159329598e-02,1.042504025466906862e-05,-2.989359107556144898e-04,-3.138525974816941009e-04,-5.223533446766792654e-03,2.821043655325290202e-03
1.621194949289415585e-02,-8.234585798607228018e-06,-3.210714970796116059e-04,-2.511367812138344557e-04,-5.123575832277915861e-03,2.862480162033470554e-03
1.600201754070141105e-02,3.551388503675116502e-05,-2.952700194088539020e-04,-2.571333400967593412e-04,-5.022569964649469844e-03,2.780818433602674170e-03
1.580608085241266489e-02,1.795526494941438765e-05,-3.176599523104558370e-04,-2.630604456407396072e-04,-5.021627894992409039e-03,2.698484703476115593e-03
1.561017345498817190e-02,9.351681367133772795e-07,-3.401729246148236922e-04,-2.685521743495299573e-04,-4.920703573193357591e-03,2.617358017028382361e-03
1.540045845724155940e-02,3.248239329661685714e-05,-3.147816109003992034e-04,-1.780436641229446156e-04,-4.919994564251072532e-03,2.563543456722126423e-03
1.520426368789414180e-02,-1.754972252944105658e-05,-3.375432386228426128e-04,-1.834335447645051703e-04,-4.919110519140517876e-03,2.482447950710368108e-03
1.499427455338523535e-02,2.905826736314494807e-05,-3.124212990099627953e-04,-2.166440637913411276e-04,-4.818920124666250387e-03,2.498639983813811215e-03
1.479842850979271908e-02,1.424490017405644943e-05,-3.354453157791598443e-04,-2.498912951573956727e-04,-4.718769430135859484e-03,2.514942732046291686e-03
1.458857693881246247e-02,-3.124747743435991645e-08,-3.106019533300520834e-04,-1.589452083703429158e-04,-4.718107271172107368e-03,2.462937557545762709e-03
1.439282767520569904e-02,3.421161351438878226e-05,-3.338843082406195016e-04,-1.637889674096503238e-04,-4.617281223830437681e-03,2.383997908638831823e-03
1.418287433862711923e-02,-2.697290179851495758e-05,-3.093148941133536003e-04,-1.687202433086208340e-04,-4.516435345028707062e-03,2.305438734111489845e-03
1.398715371135421902e-02,8.324468949824998657e-06,-3.328546467213348999e-04,-1.732908365432799490e-04,-4.515645314771676161e-03,2.226506435044667016e-03
1.382496689341700981e-02,1.034941022634424435e-05,-2.943939680519301735e-04,-1.780233440476917028e-04,-4.415001139087650246e-03,2.148931287726199395e-03
1.362898679248098800e-02,1.297436858470439365e-05,-3.181527293398855091e-04,-8.634030767230152568e-05,-4.414453479030681048e-03,2.099167310743156774e-03
1.341909525102500181e-02,4.990553653947308552e-05,-2.941081519198062810e-04,-1.190666412008375443e-04,-4.414316309947737341e-03,2.117233044271376111e-03
1.322330456143840961e-02,-8.496240188977925535e-06,-3.181288088562824498e-04,-1.232481402018536089e-04,-4.313587049455483782e-03,2.040527970818577751e-03
1.302767204787606825e-02,2.948656700816332368e-05,-3.422772772973122716e-04,-1.271979037110043675e-04,-4.312872371560626597e-03,1.963470972244583598e-03
1.281768487240731412e-02,2.007957746775193623e-05,-3.186433589354716414e-04,-1.312417959181657516e-04,-4.212145708079257159e-03,1.887396763105437083e-03
1.262202302913310176e-02,1.120725722068296825e-05,-3.430497757265070654e-04,-3.906695649928724025e-05,-4.111672104669687224e-03,1.840457243842754786e-03
1.241200551108037273e-02,2.869361916575830707e-06,-3.196947045571258902e-04,-4.285463514642451582e-05,-4.110975239138721198e-03,1.764524153286271217e-03
1.226637995413781129e-02,-4.934351766204241961e-06,-3.443611827307298040e-04,-4.621916354845402141e-05,-4.010296416501863380e-03,1.689345923946983458e-03
1.210420044215262600e-02,-1.220412612503243244e-05,-3.068323667831527788e-04,-7.864458458000320726e-05,-3.910338344463610595e-03,1.710568785730427538e-03
1.190840895424292653e-02,-4.454548536362281250e-06,-3.317219648608025736e-04,-8.182709899617963598e-05,-3.909715691646827723e-03,1.635932368922473614e-03
1.169838377908832133e-02,3.722257809491071073e-05,-3.088964173425154912e-04,1.070570538373308456e-05,-3.809271293454977256e-03,1.591042881424989397e-03
1.150276516051758867e-02,-1.626183713577604610e-05,-3.340506263388027240e-04,7.663695186639266885e-06,-3.808685010206099876e-03,1.517028091979784159e-03
1.129271054576273629e-02,2.646188926988691105e-05,-3.115061290667753020e-04,4.755310789195111590e-06,-3.708086877974701816e-03,1.443871024612422560e-03
1.114494877707167785e-02,-2.593717039509221722e-05,-3.223076142802576037e-04,1.972225551380401630e-06,-3.607639561533460514e-03,1.371216175665838834e-03
1.098485749661073929e-02,1.783206848491774362e-05,-3.000125008991783092e-04,-6.834493426286885437e-07,-3.607038395088040320e-03,1.297936024461882575e-03
1.078930759142600337e-02,-3.348244283436709219e-05,-3.256585673743216157e-04,6.306173805876967033e-05,-3.507206009352804681e-03,1.350850040313635253e-03
1.057918731945353165e-02,1.133122908528631109e-05,-3.036459341049908508e-04,6.060117529720655127e-05,-3.406662447487267265e-03,1.279131470255193918e-03
1.038372940252062226e-02,8.878592167119275013e-06,-3.295565158956133387e-04,5.824976745236338914e-05,-3.406164122261282848e-03,1.207260979845141370e-03
1.017353126741847580e-02,6.957500280864211670e-06,-3.078254679587875118e-04,5.607764225969674558e-05,-3.305656759088499656e-03,1.136280382584384891e-03
1.002587176646317635e-02,5.567722034409724404e-06,-3.191907483843313517e-04,5.398218089448591990e-05,-3.205273431930611306e-03,1.065703902048659385e-03
9.830316765435625007e-03,4.708948525267810304e-06,-3.954541797676352382e-04,1.473770631291904825e-04,-3.205301555815591712e-03,1.024620114973411825e-03
9.670092945732013459e-03,4.381112741533301920e-06,-3.741120522841257716e-04,1.157299625554380546e-04,-3.105257805923192921e-03,1.049935133331554235e-03
9.474746611532417623e-03,4.583893409189906036e-06,-3.506438435961916917e-04,8.445271863580111897e-05,-3.205276119005238348e-03,1.074903563897510600e-03
9.312216161196911618e-03,5.317063013462844072e-06,-3.146482903386392527e-04,8.264635354354251285e-05,-3.104888529303928904e-03,1.005720997562897399e-03
9.116902169425865343e-03,6.580394997768460569e-06,-3.414130111278920027e-04,8.115897635427283228e-05,-3.004469768319237288e-03,9.368624469516149359e-04
8.906622714045830599e-03,8.373663758886087103e-06,-3.206088963892632219e-04,7.962294017267353694e-05,-3.004043714814462907e-03,8.678390329482503799e-04
8.809038509766343658e-03,1.069664464315875986e-05,-3.326030950185179563e-04,1.737258047023751634e-04,-2.903845979072470617e-03,8.295885443820614829e-04
0.000000000000000000e+00,0.000000000000000000e+00,0.000000000000000000e+00,1.719780499311873712e-04,-2.906708783471443139e-03,7.488793000419158297e-04
8.501156476888848887e-03,1.693084888777353987e-05,-3.242151575759422426e-04,1.411654283733644849e-04,-2.903519343560891780e-03,7.886808455290576217e-04
0.000000000000000000e+00,0.000000000000000000e+00,0.000000000000000000e+00,1.396442469916991946e-04,-2.806216277089278004e-03,7.096614951313112707e-04
0.000000000000000000e+00,0.000000000000000000e+00,0.000000000000000000e+00,1.387447660199936372e-04,-2.805555426674010300e-03,6.424644067309359663e-04
8.193440417936072653e-03,-3.258344059167541729e-05,-3.134489992876715700e-04,1.383558487965933946e-04,-2.802550524916404186e-03,5.870885896228510191e-04
8.095948655468089908e-03,2.051502563532258235e-05,-3.258752271479704019e-04,2.329569746496686815e-04,-2.702391929702523902e-03,5.513415104918590768e-04
7.885515592323791637e-03,-2.110608669118295693e-05,-3.060120913222526945e-04,2.323432774785663636e-04,-2.602052982675974110e-03,4.856798513341537634e-04
7.690434288280941985e-03,3.302740920363127371e-05,-3.339044980561251441e-04,2.013227296623736886e-04,-2.602119343552896161e-03,5.151623257800639483e-04
7.577697310195131292e-03,-2.284660484019050672e-05,-2.990054059631732080e-04,2.008330033884975782e-04,-2.501820899301138417e-03,4.500276075250658780e-04
7.382648667005987236e-03,3.228903949563860032e-05,-3.271333445435777097e-04,2.005740365678673265e-04,-2.501543860929536164e-03,3.849847937289732798e-04
7.219741332166460142e-03,-7.212273819622301942e-06,-2.924203798255869935e-04,2.003551235559102560e-04,-2.401275183416239252e-03,3.207149471104946245e-04
7.074693206053965511e-03,1.395665046433677777e-06,-3.207822270979576599e-04,2.003113885853971500e-04,-2.401016543036395539e-03,2.561827114696458739e-04
0.000000000000000000e+00,0.000000000000000000e+00,0.000000000000000000e+00,2.951136177470892186e-04,-2.301718222071635293e-03,2.155578197083965475e-04
0.000000000000000000e+00,0.000000000000000000e+00,0.000000000000000000e+00,2.642619158540471247e-04,-2.301872987226126748e-03,2.470667737067486214e-04
6.766959870904416634e-03,1.485434257377078514e-05,-3.125409147327667860e-04,2.648183707429800421e-04,-2.300756428654916839e-03,1.913394851599726403e-04
6.619596802634321146e-03,-3.754106200045122612e-05,-3.257766265271830591e-04,2.651214143896215734e-04,-2.200543182271219936e-03,1.288328279446405294e-04
6.409115878240190592e-03,2.115237934521764940e-05,-3.071588996327337352e-04,2.655306751442003529e-04,-2.100314211515091727e-03,6.656854078743943684e-05
6.264170036012170137e-03,-1.464312179525412090e-05,-3.361856318790057917e-04,2.660920986451553575e-04,-2.100122647460999584e-03,4.197435992980605752e-06
6.101127399045023179e-03,-2.405550068573199080e-06,-3.022007233044149248e-04,2.667175765372482550e-04,-1.999915691364363441e-03,-5.734937327974127359e-05
0.000000000000000000e+00,0.000000000000000000e+00,0.000000000000000000e+00,3.307280056594197326e-04,-2.000199201654063487e-03,1.550061900119914515e-06
0.000000000000000000e+00,0.000000000000000000e+00,0.000000000000000000e+00,3.315382560281632252e-04,-1.899850401741063613e-03,-5.900555111822136656e-05
5.793423607533034966e-03,5.947388237276116235e-06,-2.956763465677717472e-04,3.326643809908241605e-04,-1.899759484412385201e-03,-1.145008213005538567e-04
5.598579332097187652e-03,-2.722177955716908074e-05,-3.252431188375359112e-04,3.336925226881686424e-04,-1.899612996662519617e-03,-1.749522020019717917e-04
5.485446963527331431e-03,3.501785181359031270e-05,-2.916900761415770326e-04,3.347652278694106752e-04,-1.799441507802448676e-03,-2.349057493782656192e-04
0.000000000000000000e+00,0.000000000000000000e+00,0.000000000000000000e+00,3.040092802934490912e-04,-1.799074303638886069e-03,-2.045984068159700797e-04
0.000000000000000000e+00,0.000000000000000000e+00,0.000000000000000000e+00,3.053004629020583671e-04,-1.698758613836781617e-03,-2.635288295668239411e-04
5.193592052250182826e-03,3.317529095778943550e-06,-3.337471829944303877e-04,4.016867590014883442e-04,-1.699369029420715266e-03,-2.865448277241813640e-04
4.982933140328269124e-03,-2.722923302973165644e-05,-3.164580324125716346e-04,4.031229225932395511e-04,-1.699244390505368421e-03,-3.452607451652160557e-04
4.835668951480574448e-03,3.752126564642323643e-05,-3.307138001275909222e-04,4.046743524036264033e-04,-1.599114687333248915e-03,-4.033503861042620257e-04
0.000000000000000000e+00,0.000000000000000000e+00,0.000000000000000000e+00,4.060986243603070811e-04,-1.498004679919453684e-03,-4.647808869233868712e-04
0.000000000000000000e+00,0.000000000000000000e+00,0.000000000000000000e+00,3.757615407086190018e-04,-1.498164844337847215e-03,-4.277174254176743795e-04
4.527961689663273157e-03,1.323953199696546727e-05,-3.265310958817499356e-04,3.777403561594946360e-04,-1.498988133248665283e-03,-4.817171472531491232e-04
4.367249753351323295e-03,-1.468863429632303821e-05,-3.098427126938492547e-04,3.796453742137446421e-04,-1.398921951241534562e-03,-5.386552382828816788e-04
0.000000000000000000e+00,0.000000000000000000e+00,0.000000000000000000e+00,3.814473338292767579e-04,-1.397621474214225546e-03,-5.982713635822381470e-04
4.122863666162206175e-03,9.521996401835960982e-06,-3.391805562368649602e-04,3.513615048963450688e-04,-1.398927993102971716e-03,-5.570872767740871027e-04
4.009493115044083025e-03,-3.304439818036672768e-05,-3.066512978858053936e-04,4.480631526551485683e-04,-1.298916192205434080e-03,-5.805805031061563731e-04
3.865024163415861028e-03,3.569072595900291904e-05,-3.377456333492663424e-04,4.502591706232895855e-04,-1.298898743000590026e-03,-6.363289603008607728e-04
0.000000000000000000e+00,0.000000000000000000e+00,0.000000000000000000e+00,4.523839702124110573e-04,-1.197588527219312776e-03,-6.936561363223292531e-04
3.604462167344390199e-03,-4.702746711131679854e-05,-3.204331744100148184e-04,4.549655645368367576e-04,-1.198744046261491017e-03,-7.464078868661304855e-04
3.507321609964841966e-03,2.318511156062136617e-05,-3.355160965018927984e-04,4.247505849604146311e-04,-1.098851415716302175e-03,-7.064376553031001668e-04
0.000000000000000000e+00,0.000000000000000000e+00,0.000000000000000000e+00,4.271093909498646646e-04,-1.097560120197340174e-03,-7.627073523453972714e-04
3.296720928555945621e-03,-5.664224526032060858e-05,-3.186533299552630496e-04,4.298968094772121266e-04,-1.098744021479845703e-03,-8.148242314671836533e-04
3.085944767779800427e-03,1.504592619773992168e-05,-3.031790745146405435e-04,4.325853669917334226e-04,-9.987457641472744212e-04,-8.683380518350200744e-04
0.000000000000000000e+00,0.000000000000000000e+00,0.000000000000000000e+00,5.296778390138090487e-04,-9.975367855815486361e-04,-8.902536362417542981e-04
0.000000000000000000e+00,0.000000000000000000e+00,0.000000000000000000e+00,4.995841696734393267e-04,-8.977449128564553727e-04,-8.484176832730117024e-04
2.778168586338708185e-03,1.126887110030320772e-05,-3.024018180267339637e-04,5.025475325211547746e-04,-8.988516209775814121e-04,-8.998186655164117651e-04
0.000000000000000000e+00,0.000000000000000000e+00,0.000000000000000000e+00,5.054693041093294426e-04,-7.976383932632364650e-04,-9.530999183592070434e-04
2.584071383309738835e-03,-6.278414418080345962e-05,-3.336913271057554602e-04,5.086826984761634021e-04,-7.988243956652976794e-04,-1.003953608728987710e-03
2.470393504207039383e-03,1.184972656371738791e-05,-3.022869399588464065e-04,4.785119268029934406e-04,-7.989177554215754536e-04,-9.613482976867852685e-04
0.000000000000000000e+00,0.000000000000000000e+00,0.000000000000000000e+00,4.816539111477391444e-04,-6.977877720180772391e-04,-1.013361136256031581e-03
2.226364097456616335e-03,-5.931967501525977851e-05,-3.339955085949214571e-04,4.850586525664436072e-04,-6.988878521473846977e-04,-1.063497008178789513e-03
2.112622742994657750e-03,1.678435080031657095e-05,-3.028364995123684379e-04,4.883895960944820321e-04,-6.988864423578521881e-04,-1.114208544082960538e-03
0.000000000000000000e+00,0.000000000000000000e+00,0.000000000000000000e+00,4.918119202456106009e-04,-5.978020592993478011e-04,-1.165102234700648998e-03
1.918664544525840263e-03,-5.150373749150923209e-05,-3.349652507687412781e-04,5.560050689402661886e-04,-5.990512778868425188e-04,-1.086636124553283685e-03
1.804860607297574786e-03,2.606867878568812065e-05,-3.040525290596750524e-04,5.595244283315394451e-04,-4.990575791945042229e-04,-1.136226064935154422e-03
1.610868800803460761e-03,-2.375920043541524464e-05,-3.371844340179242232e-04,5.631707012408993223e-04,-4.991490527661811283e-04,-1.185442715393940577e-03
1.497006611535841875e-03,-3.934034439904873478e-05,-3.064699617834034306e-04,5.669359760589633276e-04,-3.991708722449467499e-04,-1.234404736382853493e-03
0.000000000000000000e+00,0.000000000000000000e+00,0.000000000000000000e+00,5.367140074302723107e-04,-3.985212547947374344e-04,-1.189311138026644121e-03
1.303187953255780006e-03,-8.790628447528243329e-06,-3.393803706110199206e-04,5.406332687182245373e-04,-3.993033265253038066e-04,-1.237301671808007123e-03
0.000000000000000000e+00,0.000000000000000000e+00,0.000000000000000000e+00,5.445532250870632751e-04,-2.986585097234616668e-04,-1.285492930242944365e-03
1.092395658396356660e-03,-7.043840471048377276e-05,-3.255504191282088903e-04,5.144785756715321073e-04,-2.994298068159597813e-04,-1.238943686364623502e-03
9.955240837821682873e-04,1.051863755460209901e-05,-3.422474023521701950e-04,5.184570507433601972e-04,-1.994762488301794420e-04,-1.286323935713972475e-03
0.000000000000000000e+00,0.000000000000000000e+00,0.000000000000000000e+00,5.225456856796650840e-04,-1.990185440762523919e-04,-1.333543803994224897e-03
0.000000000000000000e+00,0.000000000000000000e+00,0.000000000000000000e+00,5.267550942411602932e-04,-1.991266023655204639e-04,-1.380191924680959636e-03
0.000000000000000000e+00,0.000000000000000000e+00,0.000000000000000000e+00,5.904570792009677938e-04,-9.935395618490401007e-05,-1.298312373838497735e-03
5.738681829739754369e-04,-1.124365480672435990e-05,-3.658292951266037350e-04,5.947385180504319085e-04,-9.973790347696646929e-05,-1.344247637979775799e-03
0.000000000000000000e+00,0.000000000000000000e+00,0.000000000000000000e+00,5.990893947773745509e-04,-9.958792696989444623e-05,-1.390044952645677623e-03
3.302689936146286612e-04,-6.626210508625661499e-05,-4.000095240816384365e-04,6.035155155124050054e-04,1.597946889682706150e-07,-1.435341443436191763e-03
0.000000000000000000e+00,0.000000000000000000e+00,0.000000000000000000e+00,5.732836287900000549e-04,1.269558684426443963e-07,-1.386665196515035614e-03
1.194180799200744654e-04,-2.559598935636765227e-05,-3.875701314616227878e-04,5.778052686610434191e-04,1.000084936205874206e-04,-1.431362035823293809e-03
0.000000000000000000e+00,0.000000000000000000e+00,0.000000000000000000e+00,5.824450964070360115e-04,9.983154976496835863e-05,-1.475883606332904774e-03
-9.146907740073997981e-05,-7.686248095264053065e-05,-3.754442873773742900e-04,5.870443771931114878e-04,9.984770110626518813e-05,-1.519955656746000382e-03
0.000000000000000000e+00,0.000000000000000000e+00,0.000000000000000000e+00,5.568396245298479208e-04,1.995258553336907948e-04,-1.470143763072487286e-03
-3.023911137709962035e-04,-3.254594848876075257e-05,-3.636415523601390699e-04,5.615350452636115944e-04,1.996858873912931071e-04,-1.513568464636339027e-03
0.000000000000000000e+00,0.000000000000000000e+00,0.000000000000000000e+00,5.664273343911618852e-04,1.991748008660385125e-04,-1.556876052443131875e-03
-4.957919132529323538e-04,1.356944695147245698e-05,-3.989751366460217354e-04,5.711562773026001173e-04,2.994968988280888962e-04,-1.599646229451881247e-03
0.000000000000000000e+00,0.000000000000000000e+00,0.000000000000000000e+00,5.409998264046533833e-04,2.988559564326556737e-04,-1.548774367862465473e-03
-7.067075758331471105e-04,-3.210086874312368397e-05,-3.877820545781918821e-04,6.394993639190876518e-04,3.993238581194552528e-04,-1.555660919964641517e-03
0.000000000000000000e+00,0.000000000000000000e+00,0.000000000000000000e+00,6.446310883775341338e-04,3.984462886608890284e-04,-1.597778593732175623e-03
-9.176621422142876251e-04,1.765833053910186324e-05,-3.769142289019237861e-04,6.141107259352791880e-04,3.991622449754357138e-04,-1.545560048345503241e-03
-1.014298791358809928e-03,-2.126726375589326357e-05,-3.949811708760872378e-04,6.191924751595989131e-04,4.990537441613965199e-04,-1.586806816419294650e-03
0.000000000000000000e+00,0.000000000000000000e+00,0.000000000000000000e+00,6.244754598951907099e-04,4.979082022382075486e-04,-1.628121324944893644e-03
-1.225254729994650939e-03,-6.231267581572839389e-05,-3.845780681531520704e-04,6.295437860043472068e-04,3.988248516587660137e-04,-1.668355004933633418e-03
0.000000000000000000e+00,0.000000000000000000e+00,0.000000000000000000e+00,5.991854038822075346e-04,4.975869252448312206e-04,-1.615708337723786858e-03
-1.418392848913053658e-03,-8.058488868778947454e-06,-4.212036416891393642e-04,6.043562980905143071e-04,3.986561103876283996e-04,-1.655261101973781734e-03
0.000000000000000000e+00,0.000000000000000000e+00,0.000000000000000000e+00,6.098130468172868746e-04,3.971115375275640854e-04,-1.695364991215274342e-03
0.000000000000000000e+00,0.000000000000000000e+00,0.000000000000000000e+00,5.793900065704793434e-04,3.970336914338735675e-04,-1.641345321498295651e-03
-1.725858639187176314e-03,-8.126697730822838119e-05,-4.299865276883198381e-04,5.846520369251018232e-04,2.983642105974406550e-04,-1.679985738460491483e-03
0.000000000000000000e+00,0.000000000000000000e+00,0.000000000000000000e+00,5.901366124616003184e-04,3.967112712620352987e-04,-1.719290012914903576e-03
-1.890189674393321154e-03,-2.252358241707838260e-05,-4.026502834947597877e-04,5.595198446532334991e-04,2.983303135109009133e-04,-1.663969001131845220e-03
0.000000000000000000e+00,0.000000000000000000e+00,0.000000000000000000e+00,5.651465817815282122e-04,2.963915237206789276e-04,-1.702540943169246479e-03
0.000000000000000000e+00,0.000000000000000000e+00,0.000000000000000000e+00,5.708070049599833773e-04,3.961215170686128995e-04,-1.740558196492110465e-03
-2.197685635776084126e-03,4.218750493529417657e-06,-4.124992659618276301e-04,6.331369192000696478e-04,2.980553181260674049e-04,-1.648053122891528785e-03
0.000000000000000000e+00,0.000000000000000000e+00,0.000000000000000000e+00,6.388364744366326065e-04,2.958488577746799840e-04,-1.685699342715930860e-03
0.000000000000000000e+00,0.000000000000000000e+00,0.000000000000000000e+00,6.445414160315965368e-04,2.955749178145778647e-04,-1.722528651993862625e-03
-2.505111801238997862e-03,-5.825470116831954042e-05,-4.230353866890719213e-04,6.137079860136083380e-04,1.977622609794917692e-04,-1.665457622543737226e-03
0.000000000000000000e+00,0.000000000000000000e+00,0.000000000000000000e+00,6.195510700829909290e-04,1.952709859428323330e-04,-1.702091815546036280e-03
-2.716139756427672029e-03,7.612141014739484592e-06,-4.649355113354243941e-04,6.251912498919892473e-04,2.974898946197264003e-04,-1.737869867340023980e-03
-2.766003639945973334e-03,-2.363691831309933881e-05,-4.659362675076081524e-04,5.943675330191874320e-04,2.976163600726345281e-04,-1.680457796575093648e-03
0.000000000000000000e+00,0.000000000000000000e+00,0.000000000000000000e+00,6.003109866085099000e-04,2.948720515497373572e-04,-1.716347848324965841e-03
0.000000000000000000e+00,0.000000000000000000e+00,0.000000000000000000e+00,6.062301548905302262e-04,2.945764694645933461e-04,-1.751378100305941987e-03
-3.023368432378835662e-03,-7.807894358493629432e-05,-4.777592152353489301e-04,5.751640602558499762e-04,1.972783957428330933e-04,-1.692576512561441747e-03
0.000000000000000000e+00,0.000000000000000000e+00,0.000000000000000000e+00,5.810486261965674970e-04,1.942917155518497337e-04,-1.727454955796368929e-03
0.000000000000000000e+00,0.000000000000000000e+00,0.000000000000000000e+00,5.871140422483156485e-04,2.939848567528103619e-04,-1.761903184262836319e-03
-3.330716585611314708e-03,-3.559497865305875707e-05,-4.902849538420021381e-04,5.560023207999704575e-04,2.969839559256637796e-04,-1.702383021897222338e-03
-3.380561331569862521e-03,-6.389996747703310400e-05,-4.915200183481258176e-04,5.620326861833755978e-04,2.969684202966903479e-04,-1.735938698632919549e-03
0.000000000000000000e+00,0.000000000000000000e+00,0.000000000000000000e+00,5.310873450494191239e-04,3.939346787174057636e-04,-1.677343572584144571e-03
-3.541614790960630112e-03,1.077815340310744787e-05,-4.848686219643346426e-04,5.369147294759804784e-04,3.967828008411021837e-04,-1.709614989874663066e-03
-3.591462510024661086e-03,-1.627151077788889120e-05,-4.861870000961418569e-04,5.430330407385706689e-04,3.967651380395427821e-04,-1.742294319853301965e-03
-3.687677583592962466e-03,-4.291685050662872767e-05,-5.062150619869892898e-04,6.045119873080550404e-04,3.968348821663846351e-04,-1.644511360635261430e-03
0.000000000000000000e+00,0.000000000000000000e+00,0.000000000000000000e+00,6.108364419180056792e-04,4.935206390467461891e-04,-1.677768705795737447e-03
0.000000000000000000e+00,0.000000000000000000e+00,0.000000000000000000e+00,5.794219121505461700e-04,3.935876482371923699e-04,-1.616453349345112200e-03
-3.898538887178927548e-03,-3.647498304710419245e-05,-5.015609818545148629e-04,5.854685079840786423e-04,3.966480368184717074e-04,-1.647149915183819448e-03
-4.013555901306834102e-03,-1.513487631924949514e-05,-4.755337194009794230e-04,5.915645588158803319e-04,4.964880609782826521e-04,-1.678480929624867959e-03
0.000000000000000000e+00,0.000000000000000000e+00,0.000000000000000000e+00,5.601962146430383704e-04,4.932394403040912811e-04,-1.617867895414709656e-03
0.000000000000000000e+00,0.000000000000000000e+00,0.000000000000000000e+00,5.663942257543297387e-04,3.929385081060214071e-04,-1.648059573879964712e-03
0.000000000000000000e+00,0.000000000000000000e+00,0.000000000000000000e+00,5.726896782129453634e-04,3.926221158487744984e-04,-1.678391411194066207e-03
-4.370580170197493897e-03,-7.307321588533518555e-05,-4.921550267915373927e-04,5.408805561863710325e-04,2.963936520825863796e-04,-1.614811403919003130e-03
-4.416716481225749572e-03,-3.484044184335665385e-06,-5.127826213636965365e-04,5.470792418672183223e-04,2.961975309220335473e-04,-1.644458438312276999e-03
0.000000000000000000e+00,0.000000000000000000e+00,0.000000000000000000e+00,5.535056500844404148e-04,2.922898383008810160e-04,-1.674667093722798095e-03
0.000000000000000000e+00,0.000000000000000000e+00,0.000000000000000000e+00,5.217906486310597280e-04,3.924042546808554580e-04,-1.611807855153427060e-03
0.000000000000000000e+00,0.000000000000000000e+00,0.000000000000000000e+00,5.281198144326815225e-04,2.920967538700567018e-04,-1.640211767400576170e-03
-4.792717729424899979e-03,-5.283584264720082060e-05,-4.844160939904017162e-04,4.961197553029616115e-04,2.961276316820582563e-04,-1.575739138129252656e-03
-4.792557262342374627e-03,-7.367180194017902359e-05,-4.861897135282321485e-04,5.025232680790042532e-04,3.960586255333022618e-04,-1.604247236326295390e-03
-4.838614688826678618e-03,-1.787389805975664006e-06,-5.071918628483588869e-04,4.704044252292859237e-04,3.960986299880890410e-04,-1.539861019722474312e-03
-4.888361460863370825e-03,-2.588236080959356784e-06,-5.089935198567479375e-04,4.767935935638060573e-04,3.960671747858283357e-04,-1.567593613320745691e-03
0.000000000000000000e+00,0.000000000000000000e+00,0.000000000000000000e+00,4.833425797414747649e-04,3.919745359275999446e-04,-1.596128426522999688e-03
0.000000000000000000e+00,0.000000000000000000e+00,0.000000000000000000e+00,4.511796988412308806e-04,3.921317415936336056e-04,-1.531056037742173359e-03
0.000000000000000000e+00,0.000000000000000000e+00,0.000000000000000000e+00,4.576864610196240690e-04,4.918318458204431727e-04,-1.558460994138075040e-03
-5.214589642597023712e-03,-5.924463310576038693e-05,-4.822356310187872648e-04,4.252031824731224694e-04,3.960021270056583308e-04,-1.491370940418272660e-03
-5.214424384152675437e-03,-7.721296177066064932e-05,-4.841805242156612928e-04,4.316525250399281806e-04,3.959308018466112028e-04,-1.517676802313533023e-03
-5.310383109191293277e-03,-2.662562735175452031e-06,-5.055937309767820700e-04,4.380476229492338120e-04,3.957795413465412904e-04,-1.543673413833862107e-03
-5.310198479822045292e-03,-1.985235362233579560e-05,-5.075746717265356171e-04,4.056054563016905142e-04,4.959651755737288538e-04,-1.477580394920470497e-03
-5.309929772770246789e-03,-1.710837119209499820e-05,-5.095486451854365105e-04,5.041491393633405977e-04,4.959744630786801570e-04,-1.463980893900934752e-03
-5.379303935187534393e-03,-3.345610270713482936e-05,-4.655173563859544205e-04,4.715271641508513999e-04,4.961870597418352154e-04,-1.397097675590788530e-03
0.000000000000000000e+00,0.000000000000000000e+00,0.000000000000000000e+00,4.781387389793945175e-04,4.920303642206067625e-04,-1.423409565960501166e-03
0.000000000000000000e+00,0.000000000000000000e+00,0.000000000000000000e+00,4.453266110907017072e-04,3.924119414117055969e-04,-1.355496954988003044e-03
0.000000000000000000e+00,0.000000000000000000e+00,0.000000000000000000e+00,4.517984272465191964e-04,3.921306270835845775e-04,-1.379837085008064901e-03
-5.686211424163133479e-03,1.680225572685458484e-05,-4.866614816249301991e-04,4.186462528906754175e-04,2.962023216029749579e-04,-1.310559030548373062e-03
-5.686033102595275217e-03,2.478200867438016954e-06,-4.887807379702304627e-04,4.251020023528755544e-04,2.961326020505484157e-04,-1.334319344679135971e-03
-5.685852001527157661e-03,-1.144215869352461609e-05,-4.909009076449048249e-04,4.315897772392647200e-04,2.960636607533809390e-04,-1.357794215917571641e-03
-5.731579027816734694e-03,-2.495881449086392834e-05,-5.128260186052166231e-04,3.984971325047090718e-04,2.961641730443050871e-04,-1.289156078063538559e-03
-5.731377493619674822e-03,-3.807175713558763960e-05,-5.149823430312308993e-04,4.049777489719514571e-04,2.960950541048478434e-04,-1.312091606590620654e-03
-5.801045887214246848e-03,-5.078097632101469396e-05,-4.712584376369824326e-04,3.717475205824028318e-04,2.963232268499704780e-04,-1.243000911857540828e-03
0.000000000000000000e+00,0.000000000000000000e+00,0.000000000000000000e+00,3.783279690259266914e-04,2.924946013556211375e-04,-1.266239571670824127e-03
0.000000000000000000e+00,0.000000000000000000e+00,0.000000000000000000e+00,3.449965938338017679e-04,3.927888392498036932e-04,-1.197272882741809430e-03
-5.966409740581647865e-03,5.186184156891481971e-06,-4.519261125638746263e-04,3.512521804997163332e-04,3.963545369030533412e-04,-1.217982002573723185e-03
-6.012069241968863442e-03,-5.938328742786757911e-06,-4.741618603364860965e-04,3.177137181860364783e-04,3.964780572744113093e-04,-1.147913987960099986e-03
-6.011889039758350553e-03,-1.665913329373431388e-05,-4.764225263603207266e-04,3.241566923228162951e-04,3.964115361339383479e-04,-1.169245353944001675e-03
-6.011705887841449665e-03,-2.697621379300932129e-05,-4.786841534689333620e-04,2.904673765666679667e-04,3.966309385869271759e-04,-1.098714722888855747e-03
-6.011519783955301607e-03,-3.688955366076829279e-05,-4.309466157646292582e-04,2.968632483144149491e-04,3.965586471988168170e-04,-1.119516437605064252e-03
0.000000000000000000e+00,0.000000000000000000e+00,0.000000000000000000e+00,2.631264965686219703e-04,3.935697809308209578e-04,-1.049697009690014893e-03
0.000000000000000000e+00,0.000000000000000000e+00,0.000000000000000000e+00,2.695788842533852758e-04,4.933168929267779191e-04,-1.070619748773829483e-03
0.000000000000000000e+00,0.000000000000000000e+00,0.000000000000000000e+00,2.355354286907584971e-04,3.937702513418196368e-04,-9.985848640497591022e-04
0.000000000000000000e+00,0.000000000000000000e+00,0.000000000000000000e+00,2.419255302675837882e-04,3.935425988141258696e-04,-1.018372956163346443e-03
-6.338298178944067052e-03,1.099966510284987956e-05,-4.117370784296900616e-04,2.076072185079773705e-04,4.969356805075426757e-04,-9.454857179557614975e-04
0.000000000000000000e+00,0.000000000000000000e+00,0.000000000000000000e+00,2.140673234009016213e-04,4.937672709706847915e-04,-9.662808729386934692e-04
0.000000000000000000e+00,0.000000000000000000e+00,0.000000000000000000e+00,1.797025419173481353e-04,3.941543583013826712e-04,-8.933012375161031304e-04
-6.483494672232629173e-03,-3.074277051536939499e-05,-4.893434148123571460e-04,1.859682975109988611e-04,3.970303385789173290e-04,-9.106786450829712498e-04
-6.503710948563634110e-03,-3.708730925690037434e-05,-3.961443219712275322e-04,1.514521190519062721e-04,3.972540462818684084e-04,-8.378331653968033085e-04
-6.503633818163260215e-03,-6.348684114679029023e-05,-3.986069704484651566e-04,1.577676432401784433e-04,3.971933193105521239e-04,-8.560221429224789845e-04
-6.503454555378593467e-03,-6.905807561994054130e-05,-4.010646325440870089e-04,1.231039279475873720e-04,3.974385850841737219e-04,-7.827237400911694811e-04
-6.503272100072349758e-03,-7.422537497488604992e-05,-4.035233290685922322e-04,1.293763289446759441e-04,3.973795566622408300e-04,-8.003961102180950525e-04
-6.503086449869702190e-03,-7.898871159093359435e-05,-4.059830542052165472e-04,9.454056734102734725e-05,3.976266465587898423e-04,-7.266436203605881102e-04
-6.502942246814393847e-03,-3.778749383280017590e-05,-4.084466062256343340e-04,1.007962407034251705e-04,3.975693015435677997e-04,-7.437796122560546338e-04
-6.502794991203920266e-03,3.786622972867837549e-06,-4.109112184708551998e-04,6.573599661519009341e-05,3.978182072868161078e-04,-6.695745941585810965e-04
0.000000000000000000e+00,0.000000000000000000e+00,0.000000000000000000e+00,7.201949580099009651e-05,3.955138517453042840e-04,-6.875119882762126267e-04
-6.573200238214517085e-03,-2.367522181645638672e-05,-3.703296965173421998e-04,1.278100269613561732e-04,4.981348107116264235e-04,-5.704728137737113220e-04
-6.573032806375689666e-03,-2.648473470655379712e-05,-3.728105297136907748e-04,1.339431011898197898e-04,4.980811367595147816e-04,-5.865425154656527017e-04
-6.572961808420069163e-03,-4.965933527935096774e-05,-3.752980891103220779e-04,9.855918668350894564e-05,4.983315984468909702e-04,-5.113829844067994609e-04
-6.572787900497967066e-03,-5.169510972437955807e-05,-3.777810247888954850e-04,1.046515471049516997e-04,4.982796413719994735e-04,-5.269473777956416079e-04
0.000000000000000000e+00,0.000000000000000000e+00,0.000000000000000000e+00,6.918664777139094113e-05,4.970318891051731577e-04,-4.529254287951034463e-04
0.000000000000000000e+00,0.000000000000000000e+00,0.000000000000000000e+00,7.523730103825565507e-05,4.968855814588541255e-04,-4.680363380636654025e-04
-6.734091807489506892e-03,-7.628493557324909772e-05,-3.816357424425918495e-04,3.937056985413520398e-05,4.986806497121943531e-04,-3.903301473152525377e-04
0.000000000000000000e+00,0.000000000000000000e+00,0.000000000000000000e+00,4.548564887774109167e-05,4.972928233894311628e-04,-4.065635986672117008e-04
-6.783914866825340069e-03,-6.989404277002225687e-06,-3.867922085067845980e-04,9.448192413603154294e-06,5.989068860152981996e-04,-3.287763614256739735e-04
-6.783722715617813113e-03,-6.701219074168583112e-06,-3.893664534617191685e-04,1.538288491212965622e-05,4.988564703996265816e-04,-3.424966260770689538e-04
-6.733527116602325453e-03,-6.008739193362295409e-06,-3.919417307484641608e-04,-2.074121205960007409e-05,4.991160961997047471e-04,-2.655451313217894950e-04
-6.688090625598934469e-03,-2.599163454556035861e-05,-3.234438794803096780e-04,-1.487093996111205971e-05,4.990876524414808880e-04,-2.790970783938612958e-04
-6.688006277943870856e-03,-4.563956831085199284e-05,-3.259921448807670433e-04,-5.117431636979704717e-05,4.993523873710476726e-04,-2.017563822493208844e-04
-6.687817552925276292e-03,-4.380272853952267375e-05,-3.285365457980845031e-04,-8.761924000071624329e-05,4.996180283083479206e-04,-1.242146369807581926e-04
-6.687625529376273713e-03,-4.156142006248569464e-05,-3.310819646382469903e-04,-8.182801011538635570e-05,4.995744887158054797e-04,-1.370548918368105166e-04
0.000000000000000000e+00,0.000000000000000000e+00,0.000000000000000000e+00,-1.183829771517763696e-04,4.996603909372274383e-04,-6.075572836881926175e-05
0.000000000000000000e+00,0.000000000000000000e+00,0.000000000000000000e+00,-1.126464822235884178e-04,4.995632771110867501e-04,-7.310436627235017415e-05
-6.803761190476357960e-03,-7.498533862540908640e-05,-3.147789961634741792e-04,-1.495346309702833682e-04,6.000668284926801788e-04,6.602756006566531623e-06
0.000000000000000000e+00,0.000000000000000000e+00,0.000000000000000000e+00,-1.437615646113776791e-04,6.000262958876267146e-04,-7.305962062789661537e-06
0.000000000000000000e+00,0.000000000000000000e+00,0.000000000000000000e+00,-1.807974076248886064e-04,6.005761223782563095e-04,7.146318243170246554e-05
-6.920026208463418531e-03,-5.998893109122660277e-05,-2.987930165091257691e-04,-1.752532246438680123e-04,6.002614243427479429e-04,6.215564320410602863e-05
-6.919894563301248747e-03,-9.892145443518534414e-06,-3.014501871425479679e-04,-2.124699711918055941e-04,6.005434823945234556e-04,1.413837728812364933e-04
-6.919710151563236711e-03,-4.584473247708947038e-06,-3.041062802139945912e-04,-2.498353428751453318e-04,6.008264773034846561e-04,2.208114599666800436e-04
-6.874482061345699689e-03,-2.036672862721093571e-05,-2.852732697225236714e-04,-2.443391512012122423e-04,6.007671642072975968e-04,2.101016390181881634e-04
-6.824410474346888529e-03,-3.581338584842357612e-05,-2.879014147353986053e-04,-2.818925220253706886e-04,6.010524021273312483e-04,2.899883869852451479e-04
-6.824233209870710949e-03,-2.935971233031697998e-05,-2.905263024224481305e-04,-2.764707544382684367e-04,6.010176542059022554e-04,2.797988150268393057e-04
-6.779060408271678564e-03,-4.410001736069206138e-05,-2.715580016337994641e-04,-3.142360520748842994e-04,6.012650707453965444e-04,3.599983981651667898e-04
-6.778995285172141443e-03,-5.850452069170279521e-05,-2.741546985973181551e-04,-3.088656084217310379e-04,6.012328318089735267e-04,3.502893139235126120e-04
-6.728824891961335958e-03,-5.090431098373205115e-05,-2.767483322848796794e-04,-3.468489736784030652e-04,6.015205259273162649e-04,4.309967902803412266e-04
0.000000000000000000e+00,0.000000000000000000e+00,0.000000000000000000e+00,-3.848997677506904580e-04,6.035718126452407168e-04,5.098136662762264848e-04
-6.778677623650562062e-03,-7.796380681379802080e-05,-2.819470950738868086e-04,-3.797366980579801104e-04,6.017584574754980022e-04,5.027338437759916760e-04
0.000000000000000000e+00,0.000000000000000000e+00,0.000000000000000000e+00,-4.180061432031978441e-04,6.040723710193581257e-04,5.819307518183380878e-04
0.000000000000000000e+00,0.000000000000000000e+00,0.000000000000000000e+00,-4.128625946240305211e-04,6.040850860083134006e-04,5.733157942556105224e-04
-6.895198302445250220e-03,-4.921219012251641303e-05,-2.666143120929509620e-04,-4.514636588451639019e-04,6.023261710732916337e-04,6.570158111564412210e-04
-6.895074411821482466e-03,5.626046798705180910e-06,-2.692678422266690580e-04,-4.463356066851954232e-04,6.022993864880572031e-04,6.489268225690764114e-04
-6.800055677199983752e-03,-6.018397467787275695e-06,-2.000136578770694959e-04,-4.851260186334151810e-04,6.025525613244033137e-04,7.309366203121037218e-04
-6.799994642973070796e-03,-1.732646403578581292e-05,-2.026365838414025675e-04,-5.240096050911204149e-04,6.028378184272222082e-04,8.131810741854749889e-04
0.000000000000000000e+00,0.000000000000000000e+00,0.000000000000000000e+00,-5.190385588352830482e-04,6.056021117363446843e-04,8.037270235641824634e-04
-6.799862229228001431e-03,-3.893314369489147707e-05,-2.078857068209924886e-04,-5.581910861451645518e-04,6.031011882972217662e-04,8.883334883907298158e-04
-6.799689128297991408e-03,-2.718189028027918804e-05,-2.105087425043630995e-04,-5.533603309930440906e-04,6.030789111396953235e-04,8.813989849040131976e-04
-6.799614327627242875e-03,-3.710878348319714761e-05,-2.131359629619896463e-04,-5.926940620292497387e-04,6.033680194141398520e-04,9.643251284412741441e-04
-6.704693812831822100e-03,-4.669889795143815332e-05,-1.936458732908427638e-04,-6.321563034405077840e-04,6.035919841551631816e-04,1.047570467513645907e-03
0.000000000000000000e+00,0.000000000000000000e+00,0.000000000000000000e+00,-6.274438757890576923e-04,6.071203397786772548e-04,1.039267029303292400e-03
-6.754561344321159330e-03,-6.486845287781591290e-05,-1.988362267596956070e-04,-6.671669079346453967e-04,6.038315456135072683e-04,1.124751933046668362e-03
0.000000000000000000e+00,0.000000000000000000e+00,0.000000000000000000e+00,-7.069999269289084509e-04,6.082648785106007077e-04,1.206521367912341547e-03
-6.799188405449868404e-03,-8.168987076387224512e-05,-2.262879570960854743e-04,-6.579788812389561915e-04,6.038942538635710088e-04,1.113281769375190113e-03
0.000000000000000000e+00,0.000000000000000000e+00,0.000000000000000000e+00,-6.979696204184593356e-04,6.081957102994415111e-04,1.195446084499174333e-03
0.000000000000000000e+00,0.000000000000000000e+00,0.000000000000000000e+00,-6.934727091562065127e-04,6.082925854395068461e-04,1.190141842539904626e-03
-6.821201622177737109e-03,-3.730954706180981126e-05,-1.894685845609299173e-04,-7.337407514449235165e-04,6.044621047346180600e-04,1.276809884614271001e-03
-6.821181333998439962e-03,5.189931738744281496e-07,-1.921239751325417612e-04,-7.740023165454035844e-04,6.047593341132881037e-04,1.361394531446057229e-03
-6.776419845145020479e-03,-6.036358358722612551e-06,-1.723484061808258281e-04,-7.696583773947633308e-04,6.046290428830187243e-04,1.356935763042350094e-03
-6.726358735441765636e-03,-1.225414096859559680e-05,-1.749698115048514875e-04,-7.653407411309002357e-04,6.046511356699703701e-04,1.352618564129417535e-03
-6.681642751249137341e-03,-1.813426205423723694e-05,-1.550923078201309961e-04,-7.160216625645533057e-04,6.042253832246423503e-04,1.259333841708800382e-03
-6.681592795315506247e-03,-2.367662820735014475e-05,-1.576811282526852293e-04,-7.116587219347102504e-04,6.042156210743292958e-04,1.255487636012157879e-03
-6.631539120491664920e-03,-2.888114521902493257e-05,-1.102706631478622657e-04,-7.073513376578253629e-04,5.042530642743553405e-04,1.252395842978875403e-03
-6.586883258271431993e-03,-3.374771808716460107e-05,-9.025765979301187878e-05,-6.578003776131671320e-04,5.038428223274477860e-04,1.159818938073349862e-03
-6.514202053751285727e-03,-3.827625102302592395e-05,-1.373964985402386838e-04,-6.534130670005772190e-04,5.038680126865309515e-04,1.156886578486694510e-03
-6.514121729037552870e-03,-4.246664745678469503e-05,-1.399371486020023654e-04,-6.490348188906612742e-04,5.038609488084249115e-04,1.154024562837582119e-03
0.000000000000000000e+00,0.000000000000000000e+00,0.000000000000000000e+00,-5.992367309223256555e-04,5.069350370035393630e-04,1.060775026922547437e-03
-6.492261767676992326e-03,-7.257629714176348302e-05,-7.775173015476899787e-05,-5.947965230326503682e-04,5.034571073986677733e-04,1.060083740402356471e-03
0.000000000000000000e+00,0.000000000000000000e+00,0.000000000000000000e+00,-5.448543205437417214e-04,5.063313817037282507e-04,9.674004786345141715e-04
-6.492182670947003673e-03,-7.865794217877213729e-05,-8.280638022854086566e-05,-5.403782694456034114e-04,5.031593996165501220e-04,9.672132426323013735e-04
0.000000000000000000e+00,0.000000000000000000e+00,0.000000000000000000e+00,-5.816570049325120451e-04,5.068900434585723192e-04,1.052995976643447684e-03
-6.492090342593589622e-03,-8.338502616368058558e-05,-8.786505961923112842e-05,-5.315144608153512303e-04,5.031536967385663627e-04,9.643230553772562776e-04
0.000000000000000000e+00,0.000000000000000000e+00,0.000000000000000000e+00,-5.271285934959069053e-04,5.062987825108519833e-04,9.616191196679946263e-04
-6.492084096121471422e-03,2.085657046082940230e-06,-9.292914290197996701e-05,-5.226551577787255393e-04,5.031507984153053923e-04,9.623339470428382515e-04
-6.492026481006709857e-03,8.720951114123464720e-07,-9.546199302971447413e-05,-4.723179612948850948e-04,5.028610397478277053e-04,8.728376348283336779e-04
-6.397579766973859883e-03,-2.395203857457818783e-09,-7.497550575582727979e-05,-4.678925626633277939e-04,5.028083825796577202e-04,8.725367740163108253e-04
-6.397628515767340117e-03,-2.359298443118729768e-05,-7.747684032559377899e-05,-4.173741172264621314e-04,5.025252411005533444e-04,7.836121774072326131e-04
0.000000000000000000e+00,0.000000000000000000e+00,0.000000000000000000e+00,-4.129148430359608213e-04,5.050470440619915817e-04,7.822027718834834165e-04
-6.397526888906934772e-03,-2.371486895728256393e-05,-8.248019763226760318e-05,-4.084975064666779114e-04,5.025294533337404867e-04,7.840669470960153669e-04
-6.303250977709334325e-03,-4.642636496690950339e-05,-6.182515880514362133e-05,-3.577580213107803557e-04,5.022065162602678753e-04,6.959977997464143404e-04
0.000000000000000000e+00,0.000000000000000000e+00,0.000000000000000000e+00,-3.533119762287872945e-04,4.044145287929734600e-04,6.958989267357440500e-04
-6.303166878813037770e-03,-4.458004305409482511e-05,-6.676514816864373815e-05,-4.374272951420686605e-04,4.020667717405145068e-04,6.517336684906417914e-04
-6.303119988289132211e-03,-4.314717547957050940e-05,-1.923652126013984599e-05,-3.864871343880582730e-04,4.018024538929167275e-04,5.643887335108517533e-04
0.000000000000000000e+00,0.000000000000000000e+00,0.000000000000000000e+00,-3.819973842302815115e-04,4.035250902372543649e-04,5.646500119103753379e-04
-6.258887146696202365e-03,-6.259472051503332877e-05,-8.504185253341069686e-07,-3.308383082747911306e-04,4.014905876801616483e-04,4.790946662876446362e-04
0.000000000000000000e+00,0.000000000000000000e+00,0.000000000000000000e+00,-3.263393474609577183e-04,4.030010051364812463e-04,4.797819478435383367e-04
0.000000000000000000e+00,0.000000000000000000e+00,0.000000000000000000e+00,-3.218434125361602227e-04,4.030159611394057515e-04,4.819788380188011478e-04
-6.303022622947538310e-03,-7.775564076944080664e-05,-3.160999740626963840e-05,-2.704835457888057708e-04,4.012766046099097705e-04,3.972467947228366090e-04
0.000000000000000000e+00,0.000000000000000000e+00,0.000000000000000000e+00,-2.659820213859465099e-04,4.024998519417240456e-04,3.986297152314410841e-04
0.000000000000000000e+00,0.000000000000000000e+00,0.000000000000000000e+00,-2.614922558099586070e-04,4.025667282718950815e-04,4.014823126943789511e-04
-6.303005328840156039e-03,-1.836660486180672074e-06,-3.904604490590143782e-05,-2.099104596192659063e-04,5.010263733609880785e-04,3.172728600484982469e-04
-6.258928029891884515e-03,-2.105708402966949223e-05,-1.795093320756521854e-05,-2.053947483897396848e-04,4.010071220357524255e-04,3.208986042886654557e-04
0.000000000000000000e+00,0.000000000000000000e+00,0.000000000000000000e+00,-2.009177577270149229e-04,4.020334461953707899e-04,3.232533552248451070e-04
-6.208803742288283509e-03,-1.139222204747622987e-05,-2.284501655087722112e-05,-1.491790968269646211e-04,4.007629923389239603e-04,2.401430039644455333e-04
-6.208828424418868543e-03,-2.972799535905118495e-05,-2.529377369669250815e-05,-1.446836947208809444e-04,4.007758875667947703e-04,2.441541271675291185e-04
-6.114739771614728821e-03,-2.407701436653626403e-05,-4.028773895062574702e-06,-9.278667138574886474e-05,4.005032422701490622e-04,1.603685548299837755e-04
0.000000000000000000e+00,0.000000000000000000e+00,0.000000000000000000e+00,-1.357813292477416667e-04,4.015591205812585286e-04,2.516418014507915135e-04
-6.114719380379374930e-03,-3.553451696241949597e-05,-8.861176275097688715e-06,-1.313716471352163989e-04,4.008028471929543147e-04,2.575270376459941400e-04
-6.070786464853705766e-03,-5.271223484033103242e-05,1.253964973798000153e-05,-7.935043396136963749e-05,4.005328627146459712e-04,1.744665664551705501e-04
0.000000000000000000e+00,0.000000000000000000e+00,0.000000000000000000e+00,-7.493900658994689934e-05,4.010909238797001706e-04,1.784109398320354867e-04
0.000000000000000000e+00,0.000000000000000000e+00,0.000000000000000000e+00,-7.055273611644707898e-05,4.011236156694255716e-04,1.837266942753407184e-04
0.000000000000000000e+00,0.000000000000000000e+00,0.000000000000000000e+00,-1.834775176368097505e-05,4.006275455347221848e-04,1.014650717521270451e-04
-6.114657189212596884e-03,-7.078065431774611320e-05,-2.095822341960354557e-05,-1.395487020990959632e-05,4.003436683846157192e-04,1.084900352480178696e-04
-6.070802619856420675e-03,-8.652509459896318687e-05,6.113864874008685986e-07,-9.588317832964103545e-06,4.003540405960130514e-04,1.144918367075838453e-04
0.000000000000000000e+00,0.000000000000000000e+00,0.000000000000000000e+00,4.280059576144967792e-05,4.002067280581972364e-04,3.184622093581335189e-05
0.000000000000000000e+00,0.000000000000000000e+00,0.000000000000000000e+00,-4.049314772136547447e-05,3.999555746999365266e-04,-9.808358075458212255e-06
-6.020800488323548895e-03,3.696815924974761780e-06,-6.556367932063157907e-06,-3.611993482231777190e-05,4.000039471995907466e-04,-1.995553077479390092e-06
-5.977027738722166979e-03,-1.092236327380596444e-05,1.518323976612034072e-05,-3.177615961896758162e-05,4.000231044650627414e-04,4.812935684131608979e-06
-5.927062287127303139e-03,-2.526791693954811806e-05,1.282604101961393322e-05,-2.747196574525882307e-05,3.000428458696617878e-04,1.216130999101132257e-05
-5.883254055594176919e-03,-1.513926329946026331e-05,3.466763457567356873e-05,2.520012658237807951e-05,2.998089968531104064e-04,-6.811561640441508034e-05
0.000000000000000000e+00,0.000000000000000000e+00,0.000000000000000000e+00,2.950166376902707555e-05,2.996513547047466482e-04,-6.149604089740468016e-05
0.000000000000000000e+00,0.000000000000000000e+00,0.000000000000000000e+00,3.377241094992822212e-05,2.996965406146652423e-04,-5.384241483441520870e-05
-5.883302791009992726e-03,-3.130084530494203895e-05,2.769191763229659489e-05,8.661934544120369623e-05,2.996230785540410940e-04,-1.324645650984982120e-04
-5.833341221974574706e-03,-4.420598780666976839e-05,2.536506731709483250e-05,9.088690694240249615e-05,2.996435073701142829e-04,-1.243096941300482722e-04
-5.789719043298063514e-03,-5.683654256646256554e-05,4.741050715294652546e-05,9.512155253836793709e-05,2.996789039742662098e-04,-1.159802141415205805e-04
-5.715362218945431103e-03,-6.919234252162321749e-05,5.147877260910473568e-05,1.481035081388718422e-04,2.994437388222302688e-04,-1.946953007243532074e-04
0.000000000000000000e+00,0.000000000000000000e+00,0.000000000000000000e+00,1.523441080786280821e-04,1.989627741357267781e-04,-1.861929203408191347e-04
0.000000000000000000e+00,0.000000000000000000e+00,0.000000000000000000e+00,1.565342919909173958e-04,1.990129452626452147e-04,-1.772323112200491213e-04
0.000000000000000000e+00,0.000000000000000000e+00,0.000000000000000000e+00,2.097061823249646295e-04,2.985800372817826458e-04,-2.557770289109834172e-04
0.000000000000000000e+00,0.000000000000000000e+00,0.000000000000000000e+00,1.647893814014089742e-04,2.991232014945504713e-04,-1.592379386935044439e-04
-5.739908695706473496e-03,9.401185548411474598e-06,8.363396375397117680e-05,2.180159176819719763e-04,2.993257549903589930e-04,-2.358744526112450989e-04
-5.696420629071027690e-03,-1.272101865769409529e-06,1.059506538470825969e-04,1.350832349116201387e-04,2.992313626195315787e-04,-2.752887189342659584e-04
-5.621819623744121579e-03,-1.166955210270893962e-05,6.018369977908951573e-05,1.391874413002659771e-04,1.992520588060791426e-04,-2.650392510150507129e-04
-5.578349496929878998e-03,-2.179099196187133029e-05,8.262223038058882885e-05,1.926226554460204975e-04,1.990626619234084045e-04,-3.418556317974094866e-04
-5.484915155376320246e-03,-3.163624749011526818e-05,1.051292250774724639e-04,1.967179169432052642e-04,1.991113341484873611e-04,-3.314583739192987597e-04
-5.484960539278272741e-03,-4.120514398946813119e-05,1.029504202796732276e-04,2.007698580869839297e-04,1.991397453257480108e-04,-3.208754010448164763e-04
-5.391579382676833440e-03,-5.049750602411896366e-05,1.255596593460965148e-04,2.543645246434510037e-04,9.895839370134796806e-05,-3.966575994672992805e-04
-5.341638190411663115e-03,-5.951315742734321980e-05,1.234138343673680084e-04,2.087559010159649388e-04,9.920903776045813616e-05,-2.988336924341096468e-04
-5.273453106772833625e-03,-6.825192130980563471e-05,1.027417643803749656e-04,2.126821252685189543e-04,9.926244890670969624e-05,-2.876682913822903504e-04
-5.180127885013908161e-03,-7.671362006575944850e-05,1.255414323679394483e-04,2.663547442872920136e-04,9.909220159301465353e-05,-3.630230432078184236e-04
0.000000000000000000e+00,0.000000000000000000e+00,0.000000000000000000e+00,2.702711095596832536e-04,9.822751487595268423e-05,-3.516610163122740884e-04
0.000000000000000000e+00,0.000000000000000000e+00,0.000000000000000000e+00,2.242213954439797874e-04,9.872774521995123734e-05,-2.532414815750311243e-04
-5.180256198548826088e-03,-3.213417756218351083e-05,1.193608177338616855e-04,2.779786358262221991e-04,9.918144969554443127e-05,-3.276566427184898745e-04
-5.130346912465697656e-03,3.812242525639488378e-06,1.673007226495538589e-04,2.817296989491623136e-04,-8.039062655696661926e-07,-3.152184730895827300e-04
-5.087128444001868914e-03,-3.267080611915265788e-06,1.903039210731531162e-04,1.989375497780418542e-04,-8.764047435811158863e-07,-3.529869007174412905e-04
-4.993947230654996287e-03,-1.006835544873021544e-05,2.133754211375219595e-04,2.528702329731509534e-04,-1.033355282599555458e-06,-4.269856113057485399e-04
-4.918892710757501695e-03,-1.659139960584981823e-05,1.681571362629541498e-04,2.566281690134388340e-04,-1.013433509992772179e-06,-4.142740221198123411e-04
-4.875802860934408227e-03,-4.800583611039745526e-05,1.913536179969417702e-04,2.603333677520152170e-04,-9.462068195936652780e-07,-4.013768175434309030e-04
-4.825862986885972455e-03,-5.400646007783930152e-05,1.894119743808068133e-04,3.144176097321274132e-04,-1.011321657625756018e-04,-4.744118200133011260e-04
-4.782757994983411094e-03,-5.972828796752522018e-05,2.127080719677495600e-04,3.181061724620947015e-04,-1.010584294550185511e-04,-4.610936796270838703e-04
-4.732833699926307543e-03,-6.517113471883069888e-05,2.107994451933752869e-04,3.217495858807383727e-04,-1.010380751109258516e-04,-4.475984414421067792e-04
-4.614477155620610657e-03,-7.033481464183991493e-05,1.910749377050708524e-04,3.759640580998656919e-04,-1.011765920575006633e-04,-5.201559090287119057e-04
-4.571432314596454195e-03,-7.521914142582547698e-05,2.145616356099114047e-04,3.795913284923690262e-04,-2.010987712902428330e-04,-5.060077306458305628e-04
-4.521545982803717827e-03,-3.674256695622302583e-05,2.127419906032772376e-04,3.831737861589734227e-04,-2.010798411332331641e-04,-4.919230784981302096e-04
-4.478595533928831848e-03,1.973352154313855251e-06,2.363328430016767789e-04,4.374644423062616964e-04,-2.011854449678013399e-04,-5.637481149602822711e-04
-4.428686501960969572e-03,-2.112985534502703647e-06,2.845447729432456141e-04,4.410254687703666536e-04,-2.011786897109605352e-04,-5.492566272914947093e-04
-4.310274712927888822e-03,-5.919301199334506043e-06,2.652147908145618916e-04,3.585013574739125066e-04,-3.012361167638767526e-04,-5.853207441104891140e-04
0.000000000000000000e+00,0.000000000000000000e+00,0.000000000000000000e+00,4.130624951518280241e-04,-3.027456591925770319e-04,-6.558661295898993160e-04
0.000000000000000000e+00,0.000000000000000000e+00,0.000000000000000000e+00,4.165724969871220651e-04,-3.026050007132537363e-04,-6.408418063282711463e-04
0.000000000000000000e+00,0.000000000000000000e+00,0.000000000000000000e+00,4.200328063492797526e-04,-3.025411934151325181e-04,-6.256364057745933405e-04
0.000000000000000000e+00,0.000000000000000000e+00,0.000000000000000000e+00,4.746830840499649540e-04,-3.028266508122643406e-04,-6.960463635902885970e-04
-4.267823110849991095e-03,-7.205000345380437065e-05,2.821931858442334215e-04,4.780397695974537256e-04,-3.013763568440494360e-04,-6.811041949392485301e-04
-4.217905539411434881e-03,-7.424095987473425587e-05,2.804891552903379117e-04,4.814180439124838965e-04,-3.013606345375432517e-04,-6.653435824413075211e-04
-4.175145440029484969e-03,-3.327432352203226395e-05,3.045085214797372056e-04,5.362039750753833534e-04,-3.014358714716323961e-04,-7.351245002939538111e-04
-4.082423928557001210e-03,7.932696444322704835e-06,3.285963086835588668e-04,5.394717131774297899e-04,-3.013541930065447082e-04,-7.189502254187375967e-04
-4.006751730824984967e-03,6.544475647318226937e-06,2.841236369818722542e-04,5.427889503615516021e-04,-4.013477302106731553e-04,-7.024132705387583185e-04
0.000000000000000000e+00,0.000000000000000000e+00,0.000000000000000000e+00,5.977370477738830346e-04,-4.028443831555018678e-04,-7.707065046874544967e-04
0.000000000000000000e+00,0.000000000000000000e+00,0.000000000000000000e+00,4.636879562444073954e-04,-4.026896018380523960e-04,-7.200878515963293758e-04
-3.964333308899893084e-03,-4.771629380433835662e-05,3.051727743474484515e-04,4.667846217599434799e-04,-4.013010188847302177e-04,-7.039977662881189389e-04
-3.914430094297319945e-03,-4.804433189611991082e-05,3.035880781304732632e-04,5.217673162948471052e-04,-4.014462790506497934e-04,-7.725422330157579245e-04
0.000000000000000000e+00,0.000000000000000000e+00,0.000000000000000000e+00,5.249877980474382255e-04,-4.027194279429867699e-04,-7.545407850177432429e-04
0.000000000000000000e+00,0.000000000000000000e+00,0.000000000000000000e+00,5.280750173596304720e-04,-4.026533363074059641e-04,-7.372060893889864630e-04
0.000000000000000000e+00,0.000000000000000000e+00,0.000000000000000000e+00,5.831782851393185751e-04,-4.028966082264510561e-04,-8.050464463673218107e-04
-3.822308139429275373e-03,-1.332496461774963790e-05,3.233232409038430785e-04,5.860502441630156129e-04,-4.014190606829885549e-04,-7.879630471459861483e-04
-3.779769361859051501e-03,-1.234864025491008135e-05,3.478703867145780185e-04,5.890531131428376277e-04,-5.013135278761522706e-04,-7.698344411312021528e-04
-3.703762242912821134e-03,-1.108866572710929446e-05,3.537244208107979677e-04,5.920420320835174640e-04,-5.013223301128703164e-04,-7.517656438332593260e-04
0.000000000000000000e+00,0.000000000000000000e+00,0.000000000000000000e+00,6.473596220459842954e-04,-5.027382006097882994e-04,-8.178229292510053039e-04
0.000000000000000000e+00,0.000000000000000000e+00,0.000000000000000000e+00,5.650887342343313691e-04,-5.028922842447840777e-04,-8.517539504386550941e-04
-3.611575429665208909e-03,-5.808157871383353620e-05,3.754717590862706174e-04,5.678490173428178732e-04,-5.014274888483275221e-04,-8.339988657280759986e-04
0.000000000000000000e+00,0.000000000000000000e+00,0.000000000000000000e+00,6.233435919125174252e-04,-5.029392755319769988e-04,-8.994105419901782250e-04
0.000000000000000000e+00,0.000000000000000000e+00,0.000000000000000000e+00,6.262232407659995559e-04,-6.028730680510772239e-04,-8.801050730044834847e-04
0.000000000000000000e+00,0.000000000000000000e+00,0.000000000000000000e+00,6.288996941691271658e-04,-6.028062960334803913e-04,-8.610469847439156110e-04
-3.519684670545424228e-03,-1.485735428837091872e-05,3.959916252108130769e-04,6.842418015022761531e-04,-6.015231464137771192e-04,-9.276730031319924477e-04
-3.477351456894551759e-03,-1.150062411293540290e-05,4.209659981830866753e-04,6.869749382481271129e-04,-6.014044001098847216e-04,-9.081702386544304468e-04
0.000000000000000000e+00,0.000000000000000000e+00,0.000000000000000000e+00,6.897883116142589088e-04,-6.027706484225465360e-04,-8.875253379243414065e-04
0.000000000000000000e+00,0.000000000000000000e+00,0.000000000000000000e+00,7.453717979649665537e-04,-6.029731748900411716e-04,-9.525372891536626474e-04
-3.427873070749173565e-03,-5.274302143626197876e-05,4.167691688040279325e-04,6.630616997580566748e-04,-6.015737956063814439e-04,-9.864769105468421551e-04
0.000000000000000000e+00,0.000000000000000000e+00,0.000000000000000000e+00,6.658289303792530589e-04,-6.029443361255854873e-04,-9.653731931520831422e-04
0.000000000000000000e+00,0.000000000000000000e+00,0.000000000000000000e+00,6.682701079279151912e-04,-6.028780311351199239e-04,-9.451035398585494463e-04
-3.267166214008363715e-03,-7.167266490035517960e-06,4.234788121046433799e-04,7.238797798596894933e-04,-7.014516708294901183e-04,-1.010022967826798698e-03
-3.217309242716514649e-03,-1.987828539627791731e-06,4.721631092077656052e-04,7.264442734492764864e-04,-7.014624376126568596e-04,-9.894373691226616020e-04
0.000000000000000000e+00,0.000000000000000000e+00,0.000000000000000000e+00,7.290604393955790741e-04,-7.026942525750810940e-04,-9.675099908267315030e-04
-3.175419705230764049e-03,-4.420601517682061900e-05,4.962606746384766974e-04,7.846817522509962669e-04,-7.014264686125979472e-04,-1.032086605229192051e-03
0.000000000000000000e+00,0.000000000000000000e+00,0.000000000000000000e+00,7.872769420035341525e-04,-7.028036483243761722e-04,-1.009869751826306117e-03
0.000000000000000000e+00,0.000000000000000000e+00,0.000000000000000000e+00,7.051746244265411079e-04,-7.029476341602728957e-04,-1.042136772203591799e-03
-3.083844553975040835e-03,5.325981558175238130e-06,5.192506798443230530e-04,7.608231131312301766e-04,-7.014800672673701535e-04,-1.106087465144701574e-03
-3.007167046124142092e-03,1.204999443526936079e-05,4.758228629940642706e-04,7.631946296796797338e-04,-8.014800354135824707e-04,-1.084382795447114481e-03
0.000000000000000000e+00,0.000000000000000000e+00,0.000000000000000000e+00,7.656442388658257769e-04,-8.027323893389559433e-04,-1.061428639020964293e-03
-2.915405509286685560e-03,-2.748589072384578108e-05,5.002992421211854617e-04,7.676244333467446184e-04,-8.013454527416559794e-04,-1.040651157858944959e-03
0.000000000000000000e+00,0.000000000000000000e+00,0.000000000000000000e+00,8.239000968134346792e-04,-8.026882265380726666e-04,-1.101629120923666716e-03
-2.873725292177468568e-03,-6.614069212886725373e-05,5.249102094320135751e-04,8.257914158508281467e-04,-8.012914380639655099e-04,-1.080416524453780593e-03
0.000000000000000000e+00,0.000000000000000000e+00,0.000000000000000000e+00,8.281227429154380815e-04,-8.025632441089592360e-04,-1.056907223958555853e-03
0.000000000000000000e+00,0.000000000000000000e+00,0.000000000000000000e+00,8.841832025957563346e-04,-9.025680696401565655e-04,-1.118167954745008519e-03
-2.705283608499831419e-03,-1.132621911994722475e-05,5.065107112137134113e-04,8.019247396245558030e-04,-9.013589425543997629e-04,-1.150778083553028082e-03
0.000000000000000000e+00,0.000000000000000000e+00,0.000000000000000000e+00,8.042568996244892077e-04,-9.026504748488339315e-04,-1.126718030635465162e-03
-2.663717950757339952e-03,-4.778924635477280322e-05,5.814681938230545268e-04,8.059045445179211778e-04,-9.012166195477692467e-04,-1.104815315146770753e-03
0.000000000000000000e+00,0.000000000000000000e+00,0.000000000000000000e+00,8.624721216019537451e-04,-9.025828779143794034e-04,-1.164458730860601365e-03
0.000000000000000000e+00,0.000000000000000000e+00,0.000000000000000000e+00,8.643572348413508522e-04,-9.025227510928383184e-04,-1.141132407547471028e-03
-2.614402910390925452e-03,1.027170775365692055e-05,5.782576715259103890e-04,8.657706485035695024e-04,-9.012512790516398085e-04,-1.118701453443343144e-03
0.000000000000000000e+00,0.000000000000000000e+00,0.000000000000000000e+00,9.224429855249072219e-04,-1.002442200615386589e-03,-1.177524708771179873e-03
-2.522978266839222099e-03,-2.398814506133565270e-05,6.034476007531775757e-04,8.401446913001983175e-04,-1.001301706995380006e-03,-1.209511182658953854e-03
0.000000000000000000e+00,0.000000000000000000e+00,0.000000000000000000e+00,8.421981276284240536e-04,-1.002373254541828566e-03,-1.184450439967635327e-03
-2.404235036083894345e-03,-5.735484025820458838e-05,5.869492398174560623e-04,8.435355119258348055e-04,-1.001168822635949357e-03,-1.161501926423202805e-03
-2.312672938614660379e-03,3.733400977705380577e-05,6.134049600773963922e-04,8.999116795631552975e-04,-1.001142962435466396e-03,-1.220944823234167533e-03
-2.312954148081214703e-03,-6.271961609526191493e-06,6.124629671163546972e-04,9.014874357222813590e-04,-1.001115711821311868e-03,-1.196452006239780586e-03
0.000000000000000000e+00,0.000000000000000000e+00,0.000000000000000000e+00,9.034021715443874001e-04,-1.102018938188071250e-03,-1.170664246643110529e-03
-2.221715092686797448e-03,-3.793670656052792404e-05,6.380996831989496068e-04,9.595733043792468737e-04,-1.101054968179667913e-03,-1.230569708648934172e-03
0.000000000000000000e+00,0.000000000000000000e+00,0.000000000000000000e+00,9.615387502398542452e-04,-1.101920298586051656e-03,-1.204494535636119190e-03
-2.102954944375359358e-03,-6.870205872122351546e-05,6.721826584447670354e-04,8.791552357249300892e-04,-1.101035842517817005e-03,-1.235885016289783259e-03
-2.103219159517035353e-03,2.722419709289720122e-05,6.713226697002739902e-04,8.804510556676614294e-04,-1.101010441894544100e-03,-1.210801987305419776e-03
-2.011858586244044678e-03,-1.528223735032604262e-05,6.981442521033568967e-04,9.371087050564102551e-04,-1.200969580790796397e-03,-1.268725686718297739e-03
0.000000000000000000e+00,0.000000000000000000e+00,0.000000000000000000e+00,9.388605103364255910e-04,-1.201867658149943308e-03,-1.242142267626936136e-03
-1.893067591304312819e-03,-4.433407974252588890e-05,6.826297588581952758e-04,9.396682918332284300e-04,-1.200843143784425171e-03,-1.217758323368844280e-03
0.000000000000000000e+00,0.000000000000000000e+00,0.000000000000000000e+00,9.412916636989399066e-04,-1.201627050623381172e-03,-1.190953702880859222e-03
-1.852075015400329134e-03,1.062230979054349961e-05,7.089043933230947982e-04,9.974483587427891186e-04,-1.200737733309658120e-03,-1.249238505226482132e-03
0.000000000000000000e+00,0.000000000000000000e+00,0.000000000000000000e+00,9.989887291482757448e-04,-1.201494669656988064e-03,-1.222289623769176603e-03
-1.802641229416344221e-03,-1.670844964588119418e-05,7.074198957343760330e-04,9.166148262177159370e-04,-1.300804736144275334e-03,-1.252794907142180383e-03
0.000000000000000000e+00,0.000000000000000000e+00,0.000000000000000000e+00,9.181087129560561166e-04,-1.301409785200906364e-03,-1.225578572703250879e-03
0.000000000000000000e+00,0.000000000000000000e+00,0.000000000000000000e+00,9.749542148542733599e-04,-1.301465669703694974e-03,-1.282044784663358139e-03
-1.684122293040324131e-03,-1.105837341214404259e-06,6.917557272040126713e-04,9.752884602933526315e-04,-1.300711740498954657e-03,-1.256515427425782634e-03
0.000000000000000000e+00,0.000000000000000000e+00,0.000000000000000000e+00,9.767550458066320829e-04,-1.301232024580878171e-03,-1.228939744482043794e-03
-1.593267626519174205e-03,-2.631900478154366408e-05,7.684290473720193368e-04,1.033141526434650653e-03,-1.300654163792904633e-03,-1.285870685931059069e-03
0.000000000000000000e+00,0.000000000000000000e+00,0.000000000000000000e+00,1.034553980494457015e-03,-1.401077291195533970e-03,-1.257883524254946317e-03
-1.502532207884750863e-03,3.207333002289647838e-05,7.952490570015133611e-04,9.518972552330460125e-04,-1.400599538558959349e-03,-1.287955822581857580e-03
-1.502865825792187599e-03,-7.929858823686515448e-06,7.946369804836681460e-04,9.525812634284452690e-04,-1.400580307323485030e-03,-1.260706479837268119e-03
0.000000000000000000e+00,0.000000000000000000e+00,0.000000000000000000e+00,1.010158202684796613e-03,-1.401032258028955596e-03,-1.315148776577040879e-03
-1.383994574158959462e-03,-3.101256726109633888e-05,7.803319780392247969e-04,1.010226157203003138e-03,-1.400499197531740458e-03,-1.288557116285444669e-03
0.000000000000000000e+00,0.000000000000000000e+00,0.000000000000000000e+00,1.011365800408836613e-03,-1.400798627396910006e-03,-1.260169605027866568e-03
-1.293391792142049293e-03,2.928371275586896124e-05,8.074973679549666368e-04,1.011187969940721253e-03,-1.500375777405910886e-03,-1.233176537737591325e-03
-1.243732583614599136e-03,-9.819033305419403636e-06,8.069732976097649573e-04,1.068221383429021230e-03,-1.500420844273460961e-03,-1.287762947914187269e-03
0.000000000000000000e+00,0.000000000000000000e+00,0.000000000000000000e+00,9.868930830496669415e-04,-1.500731218753783474e-03,-1.315567472854412001e-03
0.000000000000000000e+00,0.000000000000000000e+00,0.000000000000000000e+00,9.872837708542192559e-04,-1.500706863990444381e-03,-1.287529423334682344e-03
-1.084044030577023705e-03,1.296970286608893307e-05,8.210980025332595498e-04,9.868324293325720850e-04,-1.500238733817646063e-03,-1.260033998646990653e-03
0.000000000000000000e+00,0.000000000000000000e+00,0.000000000000000000e+00,9.876952447859244089e-04,-1.500487329497490491e-03,-1.230951320756054623e-03
0.000000000000000000e+00,0.000000000000000000e+00,0.000000000000000000e+00,1.045085989485494693e-03,-1.600498449802992707e-03,-1.284463293238405357e-03
0.000000000000000000e+00,0.000000000000000000e+00,0.000000000000000000e+00,1.045251770913413480e-03,-1.600306633676745749e-03,-1.255893512385253263e-03
0.000000000000000000e+00,0.000000000000000000e+00,0.000000000000000000e+00,1.045197424325516877e-03,-1.600279884348664635e-03,-1.227218611883476584e-03
0.000000000000000000e+00,0.000000000000000000e+00,0.000000000000000000e+00,9.631765896258581705e-04,-1.600383038002267926e-03,-1.255586440568209894e-03
-9.041090590417202432e-04,-1.863546900886925480e-05,9.256964977343107390e-04,1.019667405414247455e-03,-1.600100885906800960e-03,-1.309287339462200878e-03
-8.758448002647753168e-04,-5.598477016660875592e-05,8.843531017176675408e-04,1.019664817522193375e-03,-1.600096497192208481e-03,-1.280092642688098739e-03
0.000000000000000000e+00,0.000000000000000000e+00,0.000000000000000000e+00,1.020260913623283194e-03,-1.700021604681296265e-03,-1.250306282636906574e-03
-7.856316435097996601e-04,9.116723591843380563e-06,9.123743587212906035e-04,1.019330917781702782e-03,-1.699986300458145028e-03,-1.221541067199898674e-03
-6.951124433179295750e-04,-2.771309960276418114e-05,9.408179947191844510e-04,1.076567327603426653e-03,-1.699887711970540435e-03,-1.273908085873711599e-03
0.000000000000000000e+00,0.000000000000000000e+00,0.000000000000000000e+00,9.953981667034650371e-04,-1.699925061016541346e-03,-1.301343957681805330e-03
0.000000000000000000e+00,0.000000000000000000e+00,0.000000000000000000e+00,9.951391970036693735e-04,-1.699914221564567110e-03,-1.271761281240554875e-03
-5.766321211215367278e-04,2.181596566627086057e-06,9.779912456773251581e-04,9.939673716317651894e-04,-1.699866481742138332e-03,-1.242376079218657789e-03
-5.770266816081602275e-04,-3.395849652372318105e-05,9.777643826322658226e-04,1.051366464897932843e-03,-1.799854605755201679e-03,-1.293985392874861650e-03
-5.274310117805189151e-04,1.163485972332978284e-05,9.775557578126810570e-04,1.050806110442975777e-03,-1.799879437396745881e-03,-1.263956480869872457e-03
0.000000000000000000e+00,0.000000000000000000e+00,0.000000000000000000e+00,1.051191761529790547e-03,-1.799522588932347348e-03,-1.233384823886532478e-03
0.000000000000000000e+00,0.000000000000000000e+00,0.000000000000000000e+00,1.050615202922933200e-03,-1.799510246266528696e-03,-1.203185106047582886e-03
0.000000000000000000e+00,0.000000000000000000e+00,0.000000000000000000e+00,9.685410873429001199e-04,-1.799458695932877172e-03,-1.230753346352350674e-03
-3.185629015661899663e-04,8.742464996746780899e-06,9.940693316224811973e-04,1.024986853277395438e-03,-1.899725991416347133e-03,-1.282047063274509898e-03
0.000000000000000000e+00,0.000000000000000000e+00,0.000000000000000000e+00,1.025248581909998791e-03,-1.899250748078314902e-03,-1.251218016052629833e-03
0.000000000000000000e+00,0.000000000000000000e+00,0.000000000000000000e+00,1.024484967647287803e-03,-1.899244968739917513e-03,-1.220413056547631214e-03
-2.291674363242606404e-04,4.334417000508848140e-05,1.072804858593973598e-03,1.022683875336046194e-03,-1.899651785500347740e-03,-1.189897666484775011e-03
-1.890079702171701284e-04,8.719589234409687003e-06,1.101893320184166563e-03,1.080108415897206627e-03,-1.899507997941579781e-03,-1.240035325022585027e-03
-1.102335481515302155e-04,-2.573391963098306523e-05,1.061251752753684724e-03,1.079200006533721041e-03,-1.899549669344159685e-03,-1.208989301314660880e-03
-7.011315697477537971e-05,-6.001599294641911847e-05,1.090463534112449647e-03,9.971215942657291921e-04,-1.999473890983985251e-03,-1.236203392580906757e-03
0.000000000000000000e+00,0.000000000000000000e+00,0.000000000000000000e+00,9.970693296282862050e-04,-1.998974168716508796e-03,-1.205145075094851692e-03
0.000000000000000000e+00,0.000000000000000000e+00,0.000000000000000000e+00,9.959612207695034414e-04,-1.998975207781391109e-03,-1.173713586681890408e-03
0.000000000000000000e+00,0.000000000000000000e+00,0.000000000000000000e+00,1.053504069030708479e-03,-1.998755536552141322e-03,-1.223116483126465703e-03
6.854679441227328623e-05,2.515204139509692030e-05,1.119796108700825627e-03,1.051045388646540749e-03,-1.999388977764164285e-03,-1.191557553206745810e-03
1.379272806673323209e-04,-8.298769420569694551e-06,1.108817597481707778e-03,1.049818163962355300e-03,-2.099286477694738921e-03,-1.159714128272491644e-03
1.874649682078827163e-04,-4.157616626703876855e-05,1.108887088765530757e-03,9.676557014427367848e-04,-2.099360304865305945e-03,-1.186919438890781829e-03
1.870058117099944017e-04,6.065024850024528903e-06,1.108977746096737917e-03,9.661515348888231750e-04,-2.099364352523102554e-03,-1.154975133834327660e-03
0.000000000000000000e+00,0.000000000000000000e+00,0.000000000000000000e+00,1.024924183589903670e-03,-2.098490836481631087e-03,-1.204199552899631875e-03
0.000000000000000000e+00,0.000000000000000000e+00,0.000000000000000000e+00,1.023666862463135097e-03,-2.098501711802827630e-03,-1.172012826217636028e-03
3.458104348630620614e-04,4.744445659886522534e-05,1.178068217259873500e-03,1.020758277626004516e-03,-2.099174012788273137e-03,-1.139352603492635799e-03
0.000000000000000000e+00,0.000000000000000000e+00,0.000000000000000000e+00,1.020462719495851545e-03,-2.198390572440886512e-03,-1.107602991668399373e-03
0.000000000000000000e+00,0.000000000000000000e+00,0.000000000000000000e+00,1.018757809409076565e-03,-2.198259225458350924e-03,-1.075116418986152289e-03
4.846034656045758991e-04,3.110921324281526814e-05,1.208258913053581341e-03,9.944587098506870587e-04,-2.199125233860401221e-03,-1.182062159499828709e-03
4.840974068451079607e-04,-8.511344229225893703e-07,1.208447417000243227e-03,9.926966256629727627e-04,-2.199134340960277965e-03,-1.149415901494496876e-03
5.737671503885370021e-04,-3.263504830727429308e-05,1.238399041075211428e-03,9.908224711957000063e-04,-2.199060053559797299e-03,-1.116792458223724504e-03
6.030441271428121832e-04,1.606065104172055990e-05,1.198491867565332171e-03,9.889032408990649798e-04,-2.299081493492353013e-03,-1.083922755268671573e-03
6.025448852104906255e-04,-1.541974935897207666e-05,1.198736377829308797e-03,9.869038325930105070e-04,-2.299093169495603634e-03,-1.050985914866750439e-03
6.921476049567946726e-04,-4.672268588717427710e-05,1.228843922410546895e-03,1.044518585157585503e-03,-2.298959659770288041e-03,-1.098280807173072828e-03
6.916359746521793996e-04,2.306579713040525513e-06,1.229144660578992488e-03,9.621733691454047600e-04,-2.299004015756673635e-03,-1.124871221361550128e-03
0.000000000000000000e+00,0.000000000000000000e+00,0.000000000000000000e+00,9.614934818877873823e-04,-2.298048924272954631e-03,-1.092594422111028973e-03
0.000000000000000000e+00,0.000000000000000000e+00,0.000000000000000000e+00,9.595413572426325644e-04,-2.297946226943948372e-03,-1.059509998985921908e-03
0.000000000000000000e+00,0.000000000000000000e+00,0.000000000000000000e+00,9.572687107187727307e-04,-2.397976920717402073e-03,-1.026196958171951557e-03
0.000000000000000000e+00,0.000000000000000000e+00,0.000000000000000000e+00,1.014986619250923816e-03,-2.397721348166817219e-03,-1.072897847367748625e-03
0.000000000000000000e+00,0.000000000000000000e+00,0.000000000000000000e+00,1.012489435355479195e-03,-2.397755081190894831e-03,-1.039274799256431625e-03
0.000000000000000000e+00,0.000000000000000000e+00,0.000000000000000000e+00,9.301970034645279384e-04,-2.397698201536084886e-03,-1.065973542419690334e-03
0.000000000000000000e+00,0.000000000000000000e+00,0.000000000000000000e+00,9.281128477179878544e-04,-2.497597113004164891e-03,-1.032321306519090598e-03
0.000000000000000000e+00,0.000000000000000000e+00,0.000000000000000000e+00,9.254318222567947672e-04,-2.497650345978387129e-03,-9.987421765677156893e-04
0.000000000000000000e+00,0.000000000000000000e+00,0.000000000000000000e+00,9.228067851575483260e-04,-2.497559787471859746e-03,-9.648115959167008482e-04
0.000000000000000000e+00,0.000000000000000000e+00,0.000000000000000000e+00,9.805597488261597050e-04,-2.497424424409536853e-03,-1.010701929067339688e-03
0.000000000000000000e+00,0.000000000000000000e+00,0.000000000000000000e+00,9.777041640203210093e-04,-2.497332748417107045e-03,-9.765624404041300943e-04
0.000000000000000000e+00,0.000000000000000000e+00,0.000000000000000000e+00,9.753057399345399503e-04,-2.597380556676563614e-03,-9.426982212493717483e-04
0.000000000000000000e+00,0.000000000000000000e+00,0.000000000000000000e+00,8.927843718042893784e-04,-2.597337830430006787e-03,-9.690389121093240243e-04
1.373117877433138604e-03,-1.804680437847685430e-05,1.516137385234690152e-03,8.878826365332107918e-04,-2.598704323193930677e-03,-9.330493401598152770e-04
1.442563630611208656e-03,-4.677060756160282882e-05,1.507373871496905894e-03,8.848871655942816680e-04,-2.598647641018033295e-03,-8.985426002718656380e-04
1.491949915455780635e-03,4.041670602865686803e-06,1.508006892786264075e-03,9.425606341761254064e-04,-2.598593239234379005e-03,-9.435686714772715611e-04
1.491304807416567570e-03,-2.436707028230581575e-05,1.508608563496364411e-03,9.395349441671467083e-04,-2.698621405230318057e-03,-9.090107704053170413e-04
1.490689034487258221e-03,2.666013224519584831e-05,1.509240105807194620e-03,9.362616229295993688e-04,-2.698649394338507607e-03,-8.742768946979869241e-04
1.579642949304051842e-03,-1.432357607222792850e-06,1.540365670010958960e-03,8.537584728393906143e-04,-2.698623657007926616e-03,-9.006768185368245775e-04
0.000000000000000000e+00,0.000000000000000000e+00,0.000000000000000000e+00,8.525551873476144848e-04,-2.697326529572148177e-03,-8.679808925426135691e-04
1.648466565027222400e-03,2.203560160347294209e-05,1.582701642080286885e-03,8.472177343485369928e-04,-2.698628440291547803e-03,-8.308559303904498221e-04
0.000000000000000000e+00,0.000000000000000000e+00,0.000000000000000000e+00,9.071489260649157060e-04,-2.697105521446198709e-03,-8.774208579302444910e-04
1.697159829156909099e-03,4.603888405842362339e-05,1.584109507975297454e-03,9.015336250166971870e-04,-2.798599867538216317e-03,-8.400968242665365644e-04
0.000000000000000000e+00,0.000000000000000000e+00,0.000000000000000000e+00,9.001925975584690320e-04,-2.797117127071930241e-03,-8.075742141024910836e-04
0.000000000000000000e+00,0.000000000000000000e+00,0.000000000000000000e+00,8.175566063919337267e-04,-2.797205357935842514e-03,-8.337603500018081482e-04
0.000000000000000000e+00,0.000000000000000000e+00,0.000000000000000000e+00,8.139057849165798331e-04,-2.797176452465560854e-03,-7.986436388214418480e-04
1.904124313979175219e-03,-4.470929925785497558e-05,1.659105033443323976e-03,8.081840834941781369e-04,-2.898647624557324116e-03,-7.607331437878821906e-04
1.992837103785634941e-03,7.390661817479292859e-06,1.690734046407018579e-03,8.658730615309948942e-04,-2.898493717792783794e-03,-8.041945494268666790e-04
0.000000000000000000e+00,0.000000000000000000e+00,0.000000000000000000e+00,8.644900820354850524e-04,-2.897033934390997115e-03,-7.715218678379376360e-04
2.030744575109271529e-03,3.320523357187318516e-05,1.723264970158206117e-03,8.579826321691854610e-04,-2.898487591057772109e-03,-7.329482014344748707e-04
0.000000000000000000e+00,0.000000000000000000e+00,0.000000000000000000e+00,7.778838020200407044e-04,-2.897104911691311593e-03,-7.623208350170801451e-04
0.000000000000000000e+00,0.000000000000000000e+00,0.000000000000000000e+00,7.739229400202107811e-04,-2.997187169580160793e-03,-7.268276244528359964e-04
0.000000000000000000e+00,0.000000000000000000e+00,0.000000000000000000e+00,7.698157864119981042e-04,-2.997168510434644346e-03,-6.912346140256764304e-04
2.287309355578052202e-03,2.443788543980707974e-05,1.799538826775501192e-03,7.631184278061413362e-04,-2.998592999004148513e-03,-6.522535025582988947e-04
2.286526764422241315e-03,-1.158470696940507698e-06,1.800461108482673527e-03,8.209357293798004397e-04,-2.998492696141816238e-03,-6.947101481206048330e-04
2.285790102731754744e-03,5.176453701016953520e-05,1.801419758324221410e-03,8.165631109393209569e-04,-2.998536927770490638e-03,-6.586551582152043536e-04
0.000000000000000000e+00,0.000000000000000000e+00,0.000000000000000000e+00,7.365986114871159174e-04,-2.997148720074296023e-03,-6.882044430390893419e-04
2.404526006582695472e-03,7.964280277233864243e-05,1.795332654297834840e-03,7.295271536452328179e-04,-3.098584117796201760e-03,-6.488784500537705946e-04
2.403805187596537007e-03,-7.658328062848647767e-06,1.796356728415749197e-03,7.249970434449726740e-04,-3.098631402919381148e-03,-6.126202101190059883e-04
0.000000000000000000e+00,0.000000000000000000e+00,0.000000000000000000e+00,7.232144115020266995e-04,-3.097244757439088746e-03,-5.803847798966227378e-04
2.491318271871747082e-03,2.097453005135253379e-05,1.829591809270020341e-03,7.156487496414156097e-04,-3.098675635335484263e-03,-5.402050801607391397e-04
0.000000000000000000e+00,0.000000000000000000e+00,0.000000000000000000e+00,7.763050900300161317e-04,-3.097131699630896982e-03,-5.856885693414914940e-04
0.000000000000000000e+00,0.000000000000000000e+00,0.000000000000000000e+00,6.939992448176113271e-04,-3.197146146753369542e-03,-6.123830429429072408e-04
0.000000000000000000e+00,0.000000000000000000e+00,0.000000000000000000e+00,6.892051684296296443e-04,-3.197163115829171603e-03,-5.760986102900655936e-04
2.697452535157326362e-03,1.716383887454826418e-05,1.907558674470428680e-03,6.812137876264429733e-04,-3.198647903721951648e-03,-5.352178346411780524e-04
0.000000000000000000e+00,0.000000000000000000e+00,0.000000000000000000e+00,6.793161411607906430e-04,-3.197378107675321636e-03,-5.028902020931258487e-04
0.000000000000000000e+00,0.000000000000000000e+00,0.000000000000000000e+00,6.747316504934763870e-04,-3.297408367636154095e-03,-4.668009732398531453e-04
2.904214471771506424e-03,-3.914806191479463311e-05,1.985018689114402546e-03,6.663173289553862974e-04,-3.298756217050711950e-03,-4.255047290685914116e-04
2.903401443432105170e-03,1.508305221464544349e-05,1.986239838939680199e-03,5.834122827798499415e-04,-3.298798638682074597e-03,-4.516876912685200600e-04
0.000000000000000000e+00,0.000000000000000000e+00,0.000000000000000000e+00,6.444617144913955542e-04,-3.297323468690686963e-03,-4.972497647012658062e-04
0.000000000000000000e+00,0.000000000000000000e+00,0.000000000000000000e+00,6.392265618245795977e-04,-3.297365564464580998e-03,-4.606567542530387582e-04
2.989713341724294874e-03,3.761446030679566657e-05,2.071511761863179587e-03,6.308417744737515554e-04,-3.398772946572251562e-03,-4.188114659167025701e-04
0.000000000000000000e+00,0.000000000000000000e+00,0.000000000000000000e+00,6.289514191026857048e-04,-3.397538145068101922e-03,-3.868407190635997361e-04
3.108317200349729626e-03,6.947169716954884296e-05,2.066941706842506925e-03,6.199005542957543129e-04,-3.398872846851698840e-03,-3.447803191854175602e-04
3.107488024621093622e-03,-1.645188320082722680e-05,2.068258017106034373e-03,5.369583639767471026e-04,-3.398914234206478271e-03,-3.709624747405159046e-04
3.145282871185979805e-03,3.843754898876457541e-05,2.101296497817526244e-03,5.312503328979270361e-04,-3.398933388995100703e-03,-3.337329923301172703e-04
0.000000000000000000e+00,0.000000000000000000e+00,0.000000000000000000e+00,5.291308540027461760e-04,-3.397972227371722116e-03,-3.021989306263989095e-04
3.193507380745573034e-03,3.951671382539007928e-05,2.103952044405731775e-03,5.834379008520283001e-04,-3.498882470744165037e-03,-3.367751859299035672e-04
0.000000000000000000e+00,0.000000000000000000e+00,0.000000000000000000e+00,5.813074479951163553e-04,-3.497793679564959336e-03,-3.053309813405985507e-04
0.000000000000000000e+00,0.000000000000000000e+00,0.000000000000000000e+00,4.986675289182507242e-04,-3.497905057671930537e-03,-3.316289211027362294e-04
0.000000000000000000e+00,0.000000000000000000e+00,0.000000000000000000e+00,4.927728225990746225e-04,-3.497988421795821846e-03,-2.944910992074417644e-04
3.437341031810192508e-03,1.109705840512964751e-05,2.216575441247542987e-03,4.829568244215133588e-04,-3.599055523047354870e-03,-2.511763920270210161e-04
3.486408207848558111e-03,6.665707673740421408e-05,2.218029531598820787e-03,4.768524640119883862e-04,-3.599133618072690270e-03,-2.139145710247593497e-04
0.000000000000000000e+00,0.000000000000000000e+00,0.000000000000000000e+00,4.746940661911613901e-04,-3.598364975952898087e-03,-1.825636638185801353e-04
3.522951180221518992e-03,3.720866570843309445e-05,2.302967274916249002e-03,4.646204209163069159e-04,-3.599258687854593308e-03,-1.385940496457958241e-04
0.000000000000000000e+00,0.000000000000000000e+00,0.000000000000000000e+00,3.857032487746270277e-04,-3.598584841331763096e-03,-1.717105328113421869e-04
3.603119389217116983e-03,8.088597109595010512e-06,2.267594674963540734e-03,3.753438487711141980e-04,-3.699400940987568071e-03,-1.277075491191488762e-04
0.000000000000000000e+00,0.000000000000000000e+00,0.000000000000000000e+00,4.373524248789673052e-04,-3.698423867079782268e-03,-1.732797525406670758e-04
0.000000000000000000e+00,0.000000000000000000e+00,0.000000000000000000e+00,4.308773177161828727e-04,-3.698576960363103572e-03,-1.358383772182558680e-04
3.776846780005590001e-03,3.548006027902844483e-05,2.386490684130361094e-03,4.202565730769445510e-04,-3.699383338797953766e-03,-9.132290489086840356e-05
0.000000000000000000e+00,0.000000000000000000e+00,0.000000000000000000e+00,4.180671087318232892e-04,-3.698854011491344018e-03,-6.038331042665379123e-05
3.895322474684030038e-03,7.203441283699879048e-06,2.383670248764756250e-03,3.306174214235676014e-04,-3.799508361716786350e-03,-8.025322282271369571e-05
0.000000000000000000e+00,0.000000000000000000e+00,0.000000000000000000e+00,3.284275056466556819e-04,-3.799107462680691855e-03,-4.969575686039617857e-05
0.000000000000000000e+00,0.000000000000000000e+00,0.000000000000000000e+00,3.216063183490991406e-04,-3.799250424244462153e-03,-1.171207445295474603e-05
4.018597811738826818e-03,3.589765999008236646e-05,2.503237449616621448e-03,3.103061187490349041e-04,-3.799735387889064883e-03,3.359342415083552244e-05
0.000000000000000000e+00,0.000000000000000000e+00,0.000000000000000000e+00,3.083484305917982837e-04,-3.899570395464769645e-03,6.365147478271104831e-05
4.066491203656695010e-03,8.480881275543881897e-06,2.506615118342872192e-03,2.963732734041455721e-04,-3.899904765448455966e-03,1.093180113179475279e-04
4.097820800658160713e-03,2.734027788953794844e-05,2.470220979357241539e-03,2.780789959735853597e-04,-3.899737950472819282e-03,6.588929587727406905e-06
0.000000000000000000e+00,0.000000000000000000e+00,0.000000000000000000e+00,2.758058018045295157e-04,-3.899552648899400932e-03,3.679941923270813042e-05
4.183802061421286814e-03,3.850084785227790839e-05,2.506174598046648130e-03,2.637090744251860039e-04,-3.899901769011733955e-03,8.280218105103509659e-05
0.000000000000000000e+00,0.000000000000000000e+00,0.000000000000000000e+00,2.613424216810766865e-04,-3.899905739670978064e-03,1.129378140200948399e-04
4.269619228653791752e-03,1.196035850834734674e-05,2.592223633694039353e-03,2.494360659454778807e-04,-4.000080035118668866e-03,1.589760645006927276e-04
4.268518573339526688e-03,6.933253706468953440e-05,2.593989981855670656e-03,2.420067007833865205e-04,-4.000169415092985625e-03,1.973323294479061984e-04
4.267430428362807039e-03,-1.422845550326593813e-05,2.595764140527227846e-03,1.587075924150823866e-04,-4.000219707827202403e-03,1.704813586350705033e-04
0.000000000000000000e+00,0.000000000000000000e+00,0.000000000000000000e+00,1.563702455668058988e-04,-4.000541915817558761e-03,2.003156378901777002e-04
4.385849970527920007e-03,3.559920555349526159e-05,2.594217919440219497e-03,1.435450123037864030e-04,-4.000422418252671218e-03,2.470883014373076946e-04
0.000000000000000000e+00,0.000000000000000000e+00,0.000000000000000000e+00,1.410422062819716160e-04,-4.000947643199283255e-03,2.767835305616944686e-04
4.421424446634189022e-03,1.001148986991031497e-05,2.680623123567709917e-03,1.284206707095138006e-04,-4.100626293111590132e-03,3.238743294410705432e-04
4.420284590821882756e-03,6.788930497193248689e-05,2.682471930197782590e-03,1.205658202404139153e-04,-4.100721740241203284e-03,3.623904371077111154e-04
4.469156799114660031e-03,-1.521627454387540092e-05,2.684328167705376644e-03,1.028012222601942653e-04,-4.100510266143054562e-03,2.595566625803137823e-04
0.000000000000000000e+00,0.000000000000000000e+00,0.000000000000000000e+00,1.004155101509418557e-04,-4.101125003930682772e-03,2.889687750656233511e-04
4.504642023284405328e-03,3.525066858116959691e-05,2.720969911397184884e-03,8.683764463473286400e-05,-4.100715756828138790e-03,3.367965653416487041e-04
0.000000000000000000e+00,0.000000000000000000e+00,0.000000000000000000e+00,8.435747735846543804e-05,-4.101563277521249815e-03,3.662295630737499863e-04
4.622854194711947980e-03,1.063968920856600583e-05,2.720062022480443809e-03,7.062378780011922526e-05,-4.100947120110433504e-03,4.139493287828109711e-04
4.621673544518869851e-03,6.903275760228445412e-05,2.721993094494902163e-03,-1.262548732116682709e-05,-4.200999160676088286e-03,3.864738503302640174e-04
0.000000000000000000e+00,0.000000000000000000e+00,0.000000000000000000e+00,-1.517884426682769572e-05,-4.202090557555558485e-03,4.154362315412080120e-04
0.000000000000000000e+00,0.000000000000000000e+00,0.000000000000000000e+00,-2.306342639324387989e-05,-4.202292089046349988e-03,4.537257537701733234e-04
4.705745246657282166e-03,3.752454579724512248e-05,2.810927142430327038e-03,-3.738927655374728678e-05,-4.201321754459880035e-03,5.023118873452902047e-04
0.000000000000000000e+00,0.000000000000000000e+00,0.000000000000000000e+00,-3.997597044991252346e-05,-4.202740571476180562e-03,5.307616551575439212e-04
0.000000000000000000e+00,0.000000000000000000e+00,0.000000000000000000e+00,-4.783640459049554039e-05,-4.303028969213659391e-03,5.690787618055775932e-04
4.910209932077856318e-03,6.500090688128814998e-06,2.895787698714269096e-03,-1.375474671692082553e-04,-4.301651671589901832e-03,5.516569974379913373e-04
4.908955660777656119e-03,6.545774058614787475e-05,2.897829520381058326e-03,-1.462093648056986251e-04,-4.301759144998962975e-03,5.904428892088302077e-04
0.000000000000000000e+00,0.000000000000000000e+00,0.000000000000000000e+00,-1.487596186832140788e-04,-4.303612146242001210e-03,6.186790645087564267e-04
0.000000000000000000e+00,0.000000000000000000e+00,0.000000000000000000e+00,-1.578446873611305534e-04,-4.203889594478562447e-03,6.575962932523077287e-04
4.992616545482451811e-03,3.516314085086910348e-05,2.987318703733155608e-03,-1.726197019269540831e-04,-4.202110011973326197e-03,7.068955098762988703e-04
4.991446090756220325e-03,2.781278069103129900e-05,2.989459289821208132e-03,-1.149634382485464109e-04,-4.201934963326987675e-03,6.711725919890945084e-04
0.000000000000000000e+00,0.000000000000000000e+00,0.000000000000000000e+00,-1.921968250726546756e-04,-4.203896125969548529e-03,6.329829965130984171e-04
5.109468649658333028e-03,5.373940649993037587e-06,2.989760132232632123e-03,-2.076539259129955525e-04,-4.102153920496854830e-03,6.824278853915499970e-04
0.000000000000000000e+00,0.000000000000000000e+00,0.000000000000000000e+00,-2.105847930669035861e-04,-4.104409301579610078e-03,7.109044282774951151e-04
5.194155425750875306e-03,5.765246164695636951e-05,3.027523362707074291e-03,-2.261429445652202337e-04,-4.002415043839227006e-03,7.603175067851264965e-04
5.192831930053642790e-03,-2.390031085579148430e-05,3.029679363874579305e-03,-2.354460921253587148e-04,-4.002529438203627360e-03,7.992885305360457543e-04
0.000000000000000000e+00,0.000000000000000000e+00,0.000000000000000000e+00,-3.129064759720412425e-04,-4.005046915695121244e-03,7.608950591808522068e-04
5.227359153705771200e-03,2.867618314583561932e-05,3.117589374558349218e-03,-3.281108029078023112e-04,-4.002755555725774628e-03,8.102619077699568058e-04
5.188997515341563574e-03,5.502756895033003879e-05,3.086228312084442812e-03,-3.374558907831870275e-04,-4.002807442433370042e-03,8.491009247188919390e-04
0.000000000000000000e+00,0.000000000000000000e+00,0.000000000000000000e+00,-3.408472839045995073e-04,-4.005771334090615400e-03,8.777791404018103760e-04
5.307004881427761223e-03,2.301742503452597487e-07,3.087194738655852332e-03,-3.566144564265854894e-04,-4.003112567785531775e-03,9.269604940778280230e-04
5.305717306961884455e-03,2.673471546343250593e-05,3.089430352356559509e-03,-3.662558429820269657e-04,-4.003230684028990551e-03,9.659207357787632153e-04
5.304426610339358153e-03,5.328254687456496311e-05,3.091664327747959459e-03,-4.498897314882864215e-04,-4.003283082327523980e-03,9.376019150976434239e-04
5.303138419089731444e-03,9.234449956829845379e-06,3.093899940842464048e-03,-4.596285660987415710e-04,-4.003401324599143753e-03,9.765772005168561146e-04
0.000000000000000000e+00,0.000000000000000000e+00,0.000000000000000000e+00,-4.633325673044641491e-04,-4.006913392262254764e-03,1.004907077703620644e-03
0.000000000000000000e+00,0.000000000000000000e+00,0.000000000000000000e+00,-4.735521933877384626e-04,-3.907150326138215252e-03,1.044508198675825339e-03
5.386069310257279343e-03,1.861727786589653620e-05,3.184412198896416010e-03,-4.893782013691975238e-04,-3.903803469630659842e-03,1.093607054079075332e-03
5.384734352726031070e-03,4.538046791326165382e-05,3.136668294208674358e-03,-4.997133569178023246e-04,-3.903935359127144993e-03,1.132581661623864979e-03
0.000000000000000000e+00,0.000000000000000000e+00,0.000000000000000000e+00,-5.772384031450528141e-04,-3.907854116340789968e-03,1.093461872053461126e-03
0.000000000000000000e+00,0.000000000000000000e+00,0.000000000000000000e+00,-5.874473451502604249e-04,-3.808254898256830528e-03,1.132948543337022884e-03
5.501377964187203172e-03,-1.537321519417195732e-05,3.190667623008743015e-03,-6.039055616403954992e-04,-3.704311260138025332e-03,1.182274935400997196e-03
0.000000000000000000e+00,0.000000000000000000e+00,0.000000000000000000e+00,-5.403215038199959963e-04,-3.708128830689677406e-03,1.137797806987042581e-03
5.585338132824644100e-03,3.855311235596655295e-05,3.229290778189889376e-03,-5.566529282071475734e-04,-3.704314649391819616e-03,1.186802363155264580e-03
5.534024737226512711e-03,3.154824326656588472e-05,3.231666435758907916e-03,-6.403016246706234090e-04,-3.704399419802130704e-03,1.158046890183479696e-03
5.495980841951375075e-03,2.199931395404149616e-05,3.199895575881857301e-03,-6.506178808450719395e-04,-3.704425677711040404e-03,1.196998155381942455e-03
0.000000000000000000e+00,0.000000000000000000e+00,0.000000000000000000e+00,-6.556176166432337027e-04,-3.608978690311306047e-03,1.226495823320947198e-03
0.000000000000000000e+00,0.000000000000000000e+00,0.000000000000000000e+00,-6.661840888689818385e-04,-3.609366737035695633e-03,1.265135433228536943e-03
5.614989345734417575e-03,-1.318437481972220248e-06,3.325159920760742665e-03,-6.826274123191267531e-04,-3.504961409940945353e-03,1.314548601462915082e-03
5.611272427288323261e-03,2.591594706144404671e-05,3.256843640114160613e-03,-6.932003948552254921e-04,-3.505010466528391683e-03,1.353539968505768380e-03
5.609902401926653362e-03,5.319836891138166881e-05,3.259197734172095649e-03,-7.769215802205991844e-04,-3.505060168548231308e-03,1.324246751965784839e-03
5.608597204827609622e-03,4.627694254891288346e-05,3.211589123904393626e-03,-7.879887169667184081e-04,-3.505206323769223531e-03,1.363203013044904030e-03
5.607224522534556485e-03,2.946421797143222733e-06,3.213942085735973890e-03,-7.988422899153622449e-04,-3.505333660735693822e-03,1.402213602902121917e-03
0.000000000000000000e+00,0.000000000000000000e+00,0.000000000000000000e+00,-8.042756885293655955e-04,-3.510616992388210060e-03,1.431687732559666637e-03
0.000000000000000000e+00,0.000000000000000000e+00,0.000000000000000000e+00,-8.152841485309370029e-04,-3.411032896100403555e-03,1.471023567695392553e-03
0.000000000000000000e+00,0.000000000000000000e+00,0.000000000000000000e+00,-8.267166002861037200e-04,-3.311456046312684972e-03,1.510217841302632924e-03
5.688036685575758970e-03,7.737706025037140476e-06,3.307773745372428239e-03,-9.159324179419899882e-04,-3.305836325036652906e-03,1.489780683266713401e-03
5.686682828441034718e-03,8.649330198330412297e-07,3.310185462163270104e-03,-9.271216171341365884e-04,-3.305965431804868890e-03,1.528684622389312169e-03
5.685256890349354650e-03,2.844859416364580072e-05,3.312555322226587006e-03,-9.383705274291666417e-04,-3.306094707982328018e-03,1.567570642999758157e-03
5.683827663575819096e-03,5.608281333467310549e-05,3.314923322801365500e-03,-9.498964539264009030e-04,-3.206221625325709600e-03,1.606922657443507398e-03
5.596298831464566019e-03,4.924099618556652193e-05,3.282801588027916845e-03,-9.612483311917190652e-04,-3.206250805971842983e-03,1.646004259985063599e-03
5.594959906479464451e-03,4.238962982734224762e-05,3.285175192813576724e-03,-1.044996843599060692e-03,-3.206302937127270599e-03,1.615789366324696559e-03
5.593553113753286544e-03,-5.776537551378785973e-07,3.237508595082953453e-03,-1.056699692195281265e-03,-3.206456409745970116e-03,1.654679973277368033e-03
0.000000000000000000e+00,0.000000000000000000e+00,0.000000000000000000e+00,-1.063225828410563345e-03,-3.212830616577942201e-03,1.684529012472096854e-03
0.000000000000000000e+00,0.000000000000000000e+00,0.000000000000000000e+00,-1.074876014151793235e-03,-3.113283283208118524e-03,1.723912711330613523e-03
0.000000000000000000e+00,0.000000000000000000e+00,0.000000000000000000e+00,-1.086588440543323486e-03,-3.113787653601463555e-03,1.762624988608282872e-03
0.000000000000000000e+00,0.000000000000000000e+00,0.000000000000000000e+00,-1.098372922249346573e-03,-3.114048926730666935e-03,1.801440225800032824e-03
5.793252674991408724e-03,-1.339730722971263794e-06,3.382742194130568172e-03,-1.187272468556193044e-03,-3.007220908780638535e-03,1.779763988844881807e-03
5.705931636080947486e-03,-8.128805607125321603e-06,3.300422004503702003e-03,-1.199310423066724755e-03,-3.007265782728675129e-03,1.818677638478289433e-03
5.704567351031536969e-03,-1.492461719015509269e-05,3.302840012174072543e-03,-1.211247492541969598e-03,-3.007396888140925241e-03,1.857413321469587961e-03
5.703131440892668033e-03,1.310423940609575437e-05,3.305216600644135267e-03,-1.223243879065114698e-03,-3.007528164424130759e-03,1.896119189501747990e-03
0.000000000000000000e+00,0.000000000000000000e+00,0.000000000000000000e+00,-1.230332951645318751e-03,-3.014970664080598300e-03,1.926478033106929222e-03
0.000000000000000000e+00,0.000000000000000000e+00,0.000000000000000000e+00,-1.242483746579203796e-03,-3.015458174093048511e-03,1.965187259749145987e-03
5.784724378849669287e-03,2.767529561515628757e-05,3.347335238047544678e-03,-1.331345122136648722e-03,-3.007968850484076147e-03,1.942443120092859996e-03
5.697558738290660514e-03,2.091168493179170699e-05,3.314822464500812634e-03,-1.343522035897421092e-03,-3.007972687361675206e-03,1.981244440869971667e-03
5.696174070933118783e-03,1.414338272149129889e-05,3.317229009866938527e-03,-1.355821921193813180e-03,-3.008103933213306797e-03,2.019864310061941521e-03
5.659089663550991890e-03,7.370741021952303944e-06,3.284621801754269467e-03,-1.368138514181621405e-03,-3.008052062786397817e-03,2.058417945763101834e-03
5.607726883316914782e-03,5.941119794605834788e-07,3.286994349819727119e-03,-1.380577830490255795e-03,-3.008232118510650952e-03,2.097238371709514698e-03
5.606294704242017514e-03,2.888554642771888088e-05,3.239325699462540769e-03,-1.464576516987318175e-03,-3.008317263858187405e-03,2.065655320650103700e-03
5.569318207199597075e-03,2.213214104117874718e-05,3.206592629213599055e-03,-1.477199750496862793e-03,-2.908254294562435081e-03,2.104391860272215604e-03
5.517975071152976356e-03,1.537577230544140839e-05,3.208929305900715470e-03,-1.489785438855800422e-03,-2.908434231888100407e-03,2.143104450550417997e-03
0.000000000000000000e+00,0.000000000000000000e+00,0.000000000000000000e+00,-1.497751419326953659e-03,-2.916710833782853833e-03,2.173815176324131460e-03
0.000000000000000000e+00,0.000000000000000000e+00,0.000000000000000000e+00,-1.510478017664018680e-03,-2.917227456685385356e-03,2.212280764047933057e-03
5.599082825053780521e-03,3.031365237923964862e-05,3.180400924672990848e-03,-1.527781240917592057e-03,-3.008802462889861948e-03,2.258297052519368017e-03
5.562505759993471507e-03,2.357893067254115239e-05,3.218219076516540961e-03,-1.611773048789736946e-03,-2.908811605755307322e-03,2.226461537666236945e-03
5.475716704302824658e-03,1.684297486461584019e-05,3.185265338363444960e-03,-1.624589636624319301e-03,-2.908787310359793338e-03,2.264986954797565313e-03
5.474383898097307660e-03,1.010613753408446241e-05,3.187560800628672607e-03,-1.637525660246402824e-03,-2.908912817044305085e-03,2.303330220133997536e-03
5.473047844545249688e-03,3.368771281032113293e-06,3.139854219770495287e-03,-1.650746302454635366e-03,-2.909079065939984120e-03,2.341655646377895431e-03
5.386367821773286983e-03,-3.368771281193884304e-06,3.106775577862460995e-03,-1.663765107439366857e-03,-2.909048105318429341e-03,2.380127563094996523e-03
5.385055091007899704e-03,-1.010613753408446241e-05,3.109035652304705053e-03,-1.747522967591966236e-03,-2.909092970479809637e-03,2.347615589220018208e-03
5.298458103800953757e-03,-1.684297486448182603e-05,3.075864118250087008e-03,-1.760615676602474882e-03,-2.909055120901559831e-03,2.385989368612456349e-03
5.297168890581317562e-03,-2.357893067254115239e-05,3.028090727639131015e-03,-1.774192655134743286e-03,-2.809219783468864390e-03,2.424443275878027972e-03
5.295876537068019974e-03,-3.031365237933456375e-05,3.030315638139930660e-03,-1.787470115183110650e-03,-2.809342421236659532e-03,2.462611464873187220e-03
0.000000000000000000e+00,0.000000000000000000e+00,0.000000000000000000e+00,-1.796590554849819554e-03,-2.818493556887023081e-03,2.493551256355447387e-03
5.293345145038638733e-03,-8.616792637814621759e-06,3.034795934321315482e-03,-1.884279448083367274e-03,-2.809509425762288671e-03,2.467752066073195666e-03
5.206973048742936927e-03,1.975617628872622679e-05,3.001472858656006795e-03,-1.897685251665265534e-03,-2.809459728929963526e-03,2.505876284206269393e-03
5.205698362378117887e-03,1.296969905551384932e-05,3.003661049414782080e-03,-1.911163523475188555e-03,-2.809580607193886640e-03,2.543894473551178842e-03
5.169348554823676410e-03,6.186152159226863322e-06,2.920209104126308269e-03,-1.924865943202055734e-03,-2.809509517487274784e-03,2.581839256565403740e-03
5.118097119370106085e-03,-5.941119796216568523e-07,2.922364355702239142e-03,-1.938474218289101348e-03,-2.809692676584845793e-03,2.620019978396389854e-03
5.081831640791041084e-03,-7.370741022248081920e-06,2.888821498357461819e-03,-1.952096410772425576e-03,-2.809567050180379610e-03,2.657916597788049281e-03
5.080605117618115091e-03,-1.414338272188142532e-05,2.890943831852827058e-03,-2.035939410637973342e-03,-2.709602608284480702e-03,2.624644514652003068e-03
5.029375346883436897e-03,-2.091168493211523969e-05,2.893064410876109490e-03,-2.049680962373734861e-03,-2.709785115188430120e-03,2.662683296323026336e-03
4.993221769943433606e-03,-2.767529561483275487e-05,2.809398844247526766e-03,-2.063639460724014853e-03,-2.709700841470422204e-03,2.700445774754863231e-03
0.000000000000000000e+00,0.000000000000000000e+00,0.000000000000000000e+00,-2.073737103647776969e-03,-2.719556247336864675e-03,2.731414249263278138e-03
4.990928002400038879e-03,2.853504484752557559e-05,2.813640316258089660e-03,-2.091193384415906097e-03,-2.709931555164136075e-03,2.775860923070442784e-03
4.989717156706158750e-03,2.172681411090065333e-05,2.815724950618797139e-03,-2.174845606931347965e-03,-2.709967552535145000e-03,2.741846865556631183e-03
4.903702025207965290e-03,1.492461718992694098e-05,2.781905896218587939e-03,-2.188792731085552074e-03,-2.709887696846354291e-03,2.779640078795462665e-03
4.902515935684931964e-03,8.128805607029920282e-06,2.783957944210511092e-03,-2.202851604700963375e-03,-2.710001044874621456e-03,2.817250582323996624e-03
4.901326966953891209e-03,1.339730722607820379e-06,2.786008283818246223e-03,-2.216972831159153001e-03,-2.710114334594697881e-03,2.854831892815514610e-03
0.000000000000000000e+00,0.000000000000000000e+00,0.000000000000000000e+00,-2.155936404463099088e-03,-2.619517901001669133e-03,2.817050537181231551e-03
0.000000000000000000e+00,0.000000000000000000e+00,0.000000000000000000e+00,-2.097548512045688263e-03,-2.719555507473330521e-03,2.784515397589629182e-03
4.897860518915525541e-03,5.031485729209258037e-05,2.792216104030148353e-03,-2.112462360301659015e-03,-2.709565126194943534e-03,2.687269834397184535e-03
4.812041070779093065e-03,4.349498461528989541e-05,2.758182677205866986e-03,-2.126539538394831962e-03,-2.709488242711785913e-03,2.725000513965617887e-03
0.000000000000000000e+00,0.000000000000000000e+00,0.000000000000000000e+00,-2.065258147123438803e-03,-2.618655138150799075e-03,2.687351077790528509e-03
0.000000000000000000e+00,0.000000000000000000e+00,0.000000000000000000e+00,-2.078912255429776756e-03,-2.718876747750994215e-03,2.724437290677492185e-03
0.000000000000000000e+00,0.000000000000000000e+00,0.000000000000000000e+00,-2.020837073054004840e-03,-2.718901821898551518e-03,2.692306979366523856e-03
4.891942467302658193e-03,-5.608281333444341726e-05,2.802480974353527103e-03,-2.035482203877785664e-03,-2.709241285936267538e-03,2.595181870157403387e-03
4.890845766144252642e-03,6.018375431061116153e-06,2.804583534977548188e-03,-1.976991768981769312e-03,-2.709084555689167482e-03,2.563659278809901198e-03
4.805191038750559508e-03,-8.649330196053094338e-07,2.770365118581932795e-03,-1.918629508240800178e-03,-2.708753990263554259e-03,2.532494086284611118e-03
4.804001740483157881e-03,-7.737706025171127536e-06,2.772367842949576434e-03,-1.932958337548946505e-03,-2.608863514460012679e-03,2.570309878804321636e-03
0.000000000000000000e+00,0.000000000000000000e+00,0.000000000000000000e+00,-1.943856340619443124e-03,-2.617924476945421297e-03,2.601556692933174042e-03
4.801672911068450601e-03,1.289408728213600062e-05,2.776401721795536924e-03,-1.957248667696710829e-03,-2.608740177701332399e-03,2.503950030536135265e-03
4.716219073712646891e-03,4.033829494022309531e-05,2.692065704406582972e-03,-1.971680179027282976e-03,-2.608723524183218824e-03,2.541483499690132784e-03
0.000000000000000000e+00,0.000000000000000000e+00,0.000000000000000000e+00,-1.982415057527608937e-03,-2.617574898020978875e-03,2.572781020851191980e-03
0.000000000000000000e+00,0.000000000000000000e+00,0.000000000000000000e+00,-1.924198437308732856e-03,-2.517271941854932332e-03,2.541810777999614634e-03
0.000000000000000000e+00,0.000000000000000000e+00,0.000000000000000000e+00,-1.865399668353195928e-03,-2.517278034024530119e-03,2.510524409155057146e-03
4.795941053002749505e-03,8.275747276301462617e-06,2.786537217939436852e-03,-1.810056665425790632e-03,-2.508499143835152094e-03,2.485532935013730869e-03
4.710568074873557921e-03,1.318437481903929911e-06,2.702014608746933048e-03,-1.819980266179978138e-03,-2.408145077043163940e-03,2.382018592717044785e-03
0.000000000000000000e+00,0.000000000000000000e+00,0.000000000000000000e+00,-1.757929478175213056e-03,-2.415898915137985013e-03,2.345479243604148278e-03
0.000000000000000000e+00,0.000000000000000000e+00,0.000000000000000000e+00,-1.772217595706560012e-03,-2.416115341918187703e-03,2.382902971807168702e-03
4.791194901232036403e-03,4.866631859155045074e-05,2.794550481112862469e-03,-1.716264657558035480e-03,-2.408064958653041189e-03,2.357590017192826275e-03
4.705988596058091264e-03,5.077853692513654606e-06,2.759938396091721029e-03,-1.657257807311124506e-03,-2.407757836765935140e-03,2.326802785337489694e-03
4.704848177807949110e-03,-3.855311235619378817e-05,2.711921369355559108e-03,-1.739792507257888242e-03,-2.407827316301355304e-03,2.290943616755252051e-03
4.619789069948507937e-03,2.240964346416979690e-05,2.677254942981548320e-03,-1.680502045966048410e-03,-2.407522917947292878e-03,2.260337817866478385e-03
4.618621665476799372e-03,1.537321519424047212e-05,2.679175811213268654e-03,-1.694818693294433860e-03,-2.407629433154707087e-03,2.297669879199072066e-03
0.000000000000000000e+00,0.000000000000000000e+00,0.000000000000000000e+00,-1.705945627459293235e-03,-2.415066027679621617e-03,2.329395226424044174e-03
0.000000000000000000e+00,0.000000000000000000e+00,0.000000000000000000e+00,-1.646836680694097055e-03,-2.415108323071952882e-03,2.298865355246315634e-03
4.615268756161667631e-03,2.526947955505148998e-05,2.685024259409346265e-03,-1.658366473660877975e-03,-2.407358265764530676e-03,2.200035306125289972e-03
4.543495269361947503e-03,-1.861727786603048260e-05,2.683964829660270227e-03,-1.599073949496652427e-03,-2.406971293339020979e-03,2.169548742699106518e-03
0.000000000000000000e+00,0.000000000000000000e+00,0.000000000000000000e+00,-1.610708789411274822e-03,-2.314240614640391495e-03,2.201965239404482522e-03
4.491249184945814849e-03,3.477528788954133300e-05,2.687735120981014393e-03,-1.553859627408696060e-03,-2.406981584034978243e-03,2.176502305726965309e-03
0.000000000000000000e+00,0.000000000000000000e+00,0.000000000000000000e+00,-1.632934656763951331e-03,-2.314001970692275683e-03,2.134929575792587908e-03
0.000000000000000000e+00,0.000000000000000000e+00,0.000000000000000000e+00,-1.572940949086776286e-03,-2.413707403603715732e-03,2.103899406947634665e-03
4.487907274514057500e-03,6.932002149754039676e-06,2.693405509527563649e-03,-1.516432897072445907e-03,-2.406716282933850110e-03,2.079011124834270925e-03
4.486717671193152582e-03,-2.301742501147488112e-07,2.695249950823521302e-03,-1.456941540168395048e-03,-2.306568103421400510e-03,2.049068538716568993e-03
0.000000000000000000e+00,0.000000000000000000e+00,0.000000000000000000e+00,-1.394368030537163072e-03,-2.312822684997599843e-03,2.013784069941002008e-03
4.484441566718139899e-03,5.265005227703397841e-05,2.699000235438146419e-03,-1.404464685956071258e-03,-2.306199366545243039e-03,1.914740740349732103e-03
4.399801801957624499e-03,-2.867618314583561932e-05,2.613818977607958085e-03,-1.418846963336475560e-03,-2.306207371893961161e-03,1.951763184821983478e-03
0.000000000000000000e+00,0.000000000000000000e+00,0.000000000000000000e+00,-1.355967326928109173e-03,-2.312056166171535566e-03,1.916656826072046793e-03
4.397573135281172656e-03,2.390031085530648679e-05,2.617503164844428229e-03,-1.373102537280371195e-03,-2.306163152512074981e-03,1.958692459518349312e-03
0.000000000000000000e+00,0.000000000000000000e+00,0.000000000000000000e+00,-1.310094106895309807e-03,-2.311740210829285949e-03,1.923702339584401622e-03
4.395383642642762892e-03,3.911793218512281942e-05,2.621210022685623031e-03,-1.394125914386592450e-03,-2.306044671462088771e-03,1.891065342841710033e-03
4.310868490735678474e-03,-5.373940649993037587e-06,2.585822088574524658e-03,-1.408436321176452727e-03,-2.306016588892301385e-03,1.928093196960599387e-03
0.000000000000000000e+00,0.000000000000000000e+00,0.000000000000000000e+00,-1.345349494183745165e-03,-2.311700195486330548e-03,1.893212565470092645e-03
4.308678215198465632e-03,4.674132522039669310e-05,2.589433973627621160e-03,-1.287985321717653774e-03,-2.305733718365367540e-03,1.868273758728649942e-03
4.307621529440083981e-03,-3.516314085093827558e-05,2.591262783941388360e-03,-1.302334077033495945e-03,-2.305832086877086101e-03,1.904925301932279330e-03
4.223311789915712260e-03,2.403109352340576318e-05,2.505762856797643604e-03,-1.383355353423484880e-03,-2.205763057500204159e-03,1.867276215634418486e-03
0.000000000000000000e+00,0.000000000000000000e+00,0.000000000000000000e+00,-1.320246353376131054e-03,-2.211152627105368584e-03,1.832817507041215044e-03
0.000000000000000000e+00,0.000000000000000000e+00,0.000000000000000000e+00,-1.334635175711307298e-03,-2.211344641588198438e-03,1.869473192739848355e-03
4.220129659272441741e-03,-6.500090688128814998e-06,2.511100376139311155e-03,-1.276833674086605332e-03,-2.205580970092889653e-03,1.844127508455688669e-03
0.000000000000000000e+00,0.000000000000000000e+00,0.000000000000000000e+00,-1.213596371184011424e-03,-2.210788052313566662e-03,1.809790922864012996e-03
4.217969148778207000e-03,4.490330852410069021e-05,2.514634529433555990e-03,-1.371756916052875716e-03,-2.205698330704197827e-03,1.842235357680613436e-03
0.000000000000000000e+00,0.000000000000000000e+00,0.000000000000000000e+00,-1.308386494455637816e-03,-2.210752526896095620e-03,1.807881938555272461e-03
4.182850914308981066e-03,2.109924719944535060e-05,2.480689736480710950e-03,-1.250484205108262463e-03,-2.105258157293303425e-03,1.782771314977431775e-03
0.000000000000000000e+00,0.000000000000000000e+00,0.000000000000000000e+00,-1.187157476513989174e-03,-2.110203434499554991e-03,1.748987997416878715e-03
4.093151735228980730e-03,7.208874537200202659e-05,2.517133913993687550e-03,-1.194863293384782399e-03,-2.104919049514338177e-03,1.648509913052629422e-03
4.092101756319359469e-03,-1.063968920856600583e-05,2.518856715661381591e-03,-1.133947173434780376e-03,-2.104781251866734947e-03,1.618829908954955155e-03
0.000000000000000000e+00,0.000000000000000000e+00,0.000000000000000000e+00,-1.145609852506446202e-03,-2.109502296429985671e-03,1.651083336315251060e-03
0.000000000000000000e+00,0.000000000000000000e+00,0.000000000000000000e+00,-1.159762935660890726e-03,-2.109683344235638476e-03,1.687124962998401423e-03
0.000000000000000000e+00,0.000000000000000000e+00,0.000000000000000000e+00,-1.098818069992013591e-03,-2.109606862402813206e-03,1.657462920365643244e-03
4.087814049467851200e-03,1.521627454357999140e-05,2.525691844980903437e-03,-1.181313193691885472e-03,-2.104850909859370262e-03,1.622504217365439106e-03
0.000000000000000000e+00,0.000000000000000000e+00,0.000000000000000000e+00,-1.117494439223820635e-03,-2.109185135045110043e-03,1.588948109854548818e-03
4.085701087727423159e-03,-1.001148986977649901e-05,2.529127254182598084e-03,-1.058795518172319684e-03,-2.104573554781823987e-03,1.563409089419940182e-03
0.000000000000000000e+00,0.000000000000000000e+00,0.000000000000000000e+00,-1.070455993185670529e-03,-2.109095173970903722e-03,1.595412918420302528e-03
0.000000000000000000e+00,0.000000000000000000e+00,0.000000000000000000e+00,-1.084625376610248715e-03,-2.109274838617361710e-03,1.631402206511353703e-03
0.000000000000000000e+00,0.000000000000000000e+00,0.000000000000000000e+00,-1.088676628918205935e-03,-2.108864263016286492e-03,1.526146282879434213e-03
4.031358369589725654e-03,1.422845550313214081e-05,2.535923112433054009e-03,-1.105615914158196737e-03,-2.004678136781434025e-03,1.566448939726981359e-03
0.000000000000000000e+00,0.000000000000000000e+00,0.000000000000000000e+00,-1.041404850047111807e-03,-2.008772379961831344e-03,1.533054278108611501e-03
3.996651348364583210e-03,-1.196035850848113390e-05,2.501398304942111656e-03,-9.824085495750184589e-04,-2.004267233189439661e-03,1.507547194538873649e-03
3.995616433109448057e-03,4.531537818484836905e-05,2.503080770105242572e-03,-1.061783863059336409e-03,-1.904285785190846072e-03,1.467563837721056440e-03
0.000000000000000000e+00,0.000000000000000000e+00,0.000000000000000000e+00,-9.976624472016748513e-04,-1.908097775034724858e-03,1.434490352105105559e-03
3.911054032125299562e-03,1.859108081666188388e-05,2.468409410425333444e-03,-9.381287595581082371e-04,-1.903926121484146756e-03,1.408916852855860878e-03
0.000000000000000000e+00,0.000000000000000000e+00,0.000000000000000000e+00,-9.500064158513010781e-04,-1.908006661807882002e-03,1.440882324891840094e-03
3.909017594827251564e-03,-8.480881275543881897e-06,2.471699445385972405e-03,-9.665184056214807173e-04,-1.904100349216332868e-03,1.480011432164376811e-03
0.000000000000000000e+00,0.000000000000000000e+00,0.000000000000000000e+00,-1.043235474341264180e-03,-1.908214519398637472e-03,1.435616194410210822e-03
0.000000000000000000e+00,0.000000000000000000e+00,0.000000000000000000e+00,-9.810930853995092349e-04,-1.907948055443850054e-03,1.406300203624852307e-03
3.905953900144413637e-03,2.073519899008453225e-05,2.476627217635258681e-03,-9.976126148303289445e-04,-1.904070309322028389e-03,1.445205797867397338e-03
0.000000000000000000e+00,0.000000000000000000e+00,0.000000000000000000e+00,-9.331685417615087630e-04,-1.907643184444041302e-03,1.412456302380377116e-03
3.815682216714266686e-03,-7.203441283797812998e-06,2.512148645482725502e-03,-8.732989274858314090e-04,-1.903801348130228308e-03,1.386714925307449414e-03
0.000000000000000000e+00,0.000000000000000000e+00,0.000000000000000000e+00,-9.497810680092477753e-04,-1.907417921113803514e-03,1.341905038269072814e-03
0.000000000000000000e+00,0.000000000000000000e+00,0.000000000000000000e+00,-8.871243078569790441e-04,-1.907154887995554356e-03,1.312671563111655892e-03
3.780353728383367695e-03,2.070030557420722908e-05,2.478663064541253725e-03,-8.270060302871917301e-04,-1.903440610874864748e-03,1.286930912780359475e-03
0.000000000000000000e+00,0.000000000000000000e+00,0.000000000000000000e+00,-8.389911074667688595e-04,-1.907058005625347731e-03,1.318488828341943253e-03
3.778284101144171406e-03,-8.088597109595010512e-06,2.481802833767995584e-03,-9.195569382749027359e-04,-1.803540227201865138e-03,1.280471902477330537e-03
0.000000000000000000e+00,0.000000000000000000e+00,0.000000000000000000e+00,-9.319167796844052276e-04,-1.707260017440259464e-03,1.312549654210362626e-03
0.000000000000000000e+00,0.000000000000000000e+00,0.000000000000000000e+00,-8.691655198617143085e-04,-1.706995602053409077e-03,1.283177644117575178e-03
3.725171383169202741e-03,1.852575565801433140e-05,2.486505529910720737e-03,-8.082215252285642262e-04,-1.803390860185469929e-03,1.256991082419472343e-03
0.000000000000000000e+00,0.000000000000000000e+00,0.000000000000000000e+00,-7.436230768751439513e-04,-1.706329722933939193e-03,1.224923092487603671e-03
3.691154915798580075e-03,-1.109705840545251445e-05,2.401148184846562186e-03,-8.235426981106632686e-04,-1.703189577927998778e-03,1.185750643925389744e-03
3.690147047999491493e-03,4.437075294608008847e-05,2.402686282501618250e-03,-8.375242722265255823e-04,-1.703270045122740398e-03,1.220370900154689421e-03
0.000000000000000000e+00,0.000000000000000000e+00,0.000000000000000000e+00,-8.496075846788908592e-04,-1.706683253553471910e-03,1.251874992794527186e-03
0.000000000000000000e+00,0.000000000000000000e+00,0.000000000000000000e+00,-7.864870845502025531e-04,-1.706423850958471537e-03,1.222700403076149023e-03
3.637172504292667235e-03,-7.719586021960748570e-06,2.407331658525360511e-03,-7.253840255722840153e-04,-1.703120431648577583e-03,1.196537866988293996e-03
0.000000000000000000e+00,0.000000000000000000e+00,0.000000000000000000e+00,-7.237194241405120465e-04,-1.705610308050702333e-03,1.087165487811847520e-03
0.000000000000000000e+00,0.000000000000000000e+00,0.000000000000000000e+00,-7.375826684821173984e-04,-1.705764918738981615e-03,1.121411501691246815e-03
3.563735606877090848e-03,1.645188320082722680e-05,2.404945294966416222e-03,-7.535695346003359451e-04,-1.702953629500065678e-03,1.158734342278088273e-03
0.000000000000000000e+00,0.000000000000000000e+00,0.000000000000000000e+00,-7.655539446179693286e-04,-1.706073259115497079e-03,1.190126391856144439e-03
0.000000000000000000e+00,0.000000000000000000e+00,0.000000000000000000e+00,-8.428027576512509000e-04,-1.706106983776631107e-03,1.146678268032441661e-03
0.000000000000000000e+00,0.000000000000000000e+00,0.000000000000000000e+00,-7.792085036106843887e-04,-1.705850408068276510e-03,1.117463514572439309e-03
3.559720504054814105e-03,1.687352763280926604e-05,2.410849215009787383e-03,-7.176379936903634193e-04,-1.702791858940306408e-03,1.091019502532207183e-03
0.000000000000000000e+00,0.000000000000000000e+00,0.000000000000000000e+00,-6.521798483736240826e-04,-1.605336345488901553e-03,1.059419614048401348e-03
3.507655122505491142e-03,-1.508305221480679140e-05,2.413760429178352616e-03,-6.678423708990775982e-04,-1.702766032165217627e-03,1.095868395807777671e-03
3.475155031016492931e-03,3.914806191466104585e-05,2.376368276143065242e-03,-7.447416790526431530e-04,-1.602688306172853029e-03,1.052135809162732961e-03
3.424231161485239913e-03,1.553539287148363932e-05,2.377849555781553180e-03,-6.808066837575358883e-04,-1.602589138917446306e-03,1.022960770770690387e-03
0.000000000000000000e+00,0.000000000000000000e+00,0.000000000000000000e+00,-6.929319549835444292e-04,-1.605173016782206804e-03,1.053934727719349485e-03
3.390840975660527196e-03,-1.716383887454826418e-05,2.291765553212507783e-03,-7.085823035425906124e-04,-1.602662264976443922e-03,1.090130690701419588e-03
0.000000000000000000e+00,0.000000000000000000e+00,0.000000000000000000e+00,-7.832429227312420750e-04,-1.605310264206688195e-03,1.043159448501362885e-03
3.299989277389532051e-03,1.245713348326216955e-05,2.325925578985670126e-03,-7.209456608334469541e-04,-1.602551597905938537e-03,1.016420912456749781e-03
0.000000000000000000e+00,0.000000000000000000e+00,0.000000000000000000e+00,-6.551317490017805056e-04,-1.504814953371866847e-03,9.849241808691094890e-04
3.297975024370470784e-03,-2.097453005158491897e-05,2.328642765775394610e-03,-5.924207269948759437e-04,-1.602301766355456944e-03,9.579534585869233128e-04
0.000000000000000000e+00,0.000000000000000000e+00,0.000000000000000000e+00,-6.825744793333976546e-04,-1.504978865331651084e-03,1.051347147045411656e-03
3.264858362098805623e-03,7.658328062848647767e-06,2.292327328846916965e-03,-6.822593542983313971e-04,-1.502304275055145640e-03,9.462838008995196840e-04
3.213886244235656005e-03,6.087900514834842006e-05,2.293660846024758813e-03,-6.176968420990512328e-04,-1.502206573390089386e-03,9.171348540595495409e-04
0.000000000000000000e+00,0.000000000000000000e+00,0.000000000000000000e+00,-6.298350764201154917e-04,-1.504413532140870015e-03,9.476910639847901940e-04
0.000000000000000000e+00,0.000000000000000000e+00,0.000000000000000000e+00,-6.433001758795464653e-04,-1.504547653017014770e-03,9.806283371450036368e-04
3.179960574638377151e-03,1.158470696940507698e-06,2.258497242149243734e-03,-5.802857232897830385e-04,-1.502143701025770040e-03,9.536516650502866723e-04
3.129047737103519966e-03,1.477885540206757192e-05,2.209822199477393979e-03,-5.776073223009644013e-04,-1.502006836498137425e-03,8.460061566264040706e-04
3.057905748166798998e-03,2.826182697009742105e-05,2.202888530528548678e-03,-5.127643877377146284e-04,-1.401794195867239355e-03,8.168683248478312512e-04
0.000000000000000000e+00,0.000000000000000000e+00,0.000000000000000000e+00,-4.462546064669670187e-04,-1.403372615857028088e-03,7.856118969283010234e-04
0.000000000000000000e+00,0.000000000000000000e+00,0.000000000000000000e+00,-4.596794626111622151e-04,-1.403500314520796143e-03,8.182810943451190866e-04
3.005124009060540155e-03,-3.320523357213356986e-05,2.206640057372804154e-03,-5.364580623447699368e-04,-1.401775714718602080e-03,7.742455244374407512e-04
0.000000000000000000e+00,0.000000000000000000e+00,0.000000000000000000e+00,-5.483109026681587395e-04,-1.403561482510769622e-03,8.045615607136236136e-04
3.003293662272265869e-03,-7.390661817184660071e-06,2.209157132656384363e-03,-4.845468367743782818e-04,-1.401722375653850034e-03,7.772743185084688387e-04
2.921556948817703725e-03,4.470929925792646516e-05,2.170994338396942287e-03,-5.766918050639258412e-04,-1.401913078560413891e-03,8.712278188207173103e-04
2.920700458670037747e-03,1.788092449101148681e-05,2.122245196646163796e-03,-5.113985146441116540e-04,-1.401812869432892111e-03,8.417748564035922422e-04
2.889051346675579422e-03,-4.093480150704179206e-07,2.083997272029610402e-03,-5.074078044007441233e-04,-1.301583530769956452e-03,7.336192360442370239e-04
0.000000000000000000e+00,0.000000000000000000e+00,0.000000000000000000e+00,-4.404938639986921700e-04,-1.302920178035867245e-03,7.025177676582144981e-04
2.797828904162627615e-03,-4.603888405865638804e-05,2.117048084275666153e-03,-4.551247303305032692e-04,-1.301528525581525280e-03,7.362650598284996295e-04
0.000000000000000000e+00,0.000000000000000000e+00,0.000000000000000000e+00,-4.670104305360966990e-04,-1.303070400326719180e-03,7.663307756246573454e-04
2.765465291609484327e-03,-2.203560160347294209e-05,2.079826936143406614e-03,-4.816442697123850063e-04,-1.301579971271802760e-03,7.998531968700525957e-04
0.000000000000000000e+00,0.000000000000000000e+00,0.000000000000000000e+00,-5.548104330261871553e-04,-1.303207745359889281e-03,7.507313321565428632e-04
2.713752726572889358e-03,1.432357607284438002e-06,2.032098962760694929e-03,-5.693696983292734388e-04,-1.301681204416647300e-03,7.839641498071720426e-04
2.682429136718740125e-03,-2.666013224535696076e-05,1.993627198846432795e-03,-5.034277727226868114e-04,-1.201506266952086710e-03,7.544696431316405159e-04
2.631574874294088755e-03,2.436707028230581575e-05,1.994714320462975896e-03,-4.373180569309135591e-04,-1.201419437636340156e-03,7.250464791434228784e-04
2.600346509600714832e-03,-4.041670603321217734e-06,1.906162783814618769e-03,-5.907324603035900117e-04,-1.201534568924143669e-03,7.378349858999026616e-04
2.509821442336667482e-03,4.677060756183574932e-05,1.937616557302317653e-03,-5.244897385674619078e-04,-1.201431616593431244e-03,7.082688421473882449e-04
2.478662923809666751e-03,1.804680437896008998e-05,1.898953797542288170e-03,-4.582007406014803404e-04,-1.101268443736817555e-03,6.787101705475436560e-04
2.477896642535040196e-03,-1.085995506569903612e-05,1.899991759985808623e-03,-4.712474456891359298e-04,-1.101318537340363179e-03,7.097285105019974106e-04
2.396783713073172544e-03,3.960735544107882750e-05,1.861212132872874705e-03,-4.842766424362460295e-04,-1.101324061920682653e-03,7.407726616011818272e-04
0.000000000000000000e+00,0.000000000000000000e+00,0.000000000000000000e+00,-4.774078305580520265e-04,-1.102388208061099535e-03,6.301680253858604752e-04
0.000000000000000000e+00,0.000000000000000000e+00,0.000000000000000000e+00,-4.106773756074044712e-04,-1.102195354895138058e-03,6.005090430473009055e-04
0.000000000000000000e+00,0.000000000000000000e+00,0.000000000000000000e+00,-4.235824272926791423e-04,-1.102292214606786711e-03,6.311978586966554561e-04
0.000000000000000000e+00,0.000000000000000000e+00,0.000000000000000000e+00,-3.567311102758985442e-04,-1.102098785429138318e-03,6.015705531496329250e-04
0.000000000000000000e+00,0.000000000000000000e+00,0.000000000000000000e+00,-4.493746471458948122e-04,-1.102485065595285117e-03,6.924446446745641248e-04
0.000000000000000000e+00,0.000000000000000000e+00,0.000000000000000000e+00,-5.223673371534953702e-04,-1.102481072759714477e-03,6.429568049691747333e-04
0.000000000000000000e+00,0.000000000000000000e+00,0.000000000000000000e+00,-4.552804263504572901e-04,-1.102285054219994537e-03,6.131252675787846051e-04
0.000000000000000000e+00,0.000000000000000000e+00,0.000000000000000000e+00,-4.682650739341598367e-04,-1.002378743490641832e-03,6.435353599061055530e-04
0.000000000000000000e+00,0.000000000000000000e+00,0.000000000000000000e+00,-4.010507798044571359e-04,-1.002182138827239100e-03,6.136174410273087521e-04
0.000000000000000000e+00,0.000000000000000000e+00,0.000000000000000000e+00,-3.336482304353571848e-04,-1.001985238485370282e-03,5.837931257905853988e-04
2.298366433469546319e-03,2.869102160588974602e-05,1.902034041956218377e-03,-4.071602710116818441e-04,-1.001007718409668715e-03,5.348076355773327250e-04
2.217692338204331568e-03,-2.306579712940520569e-06,1.812918403842451618e-03,-3.396784774365947039e-04,-1.000886571959798627e-03,5.049201332633537591e-04
2.216903947648906498e-03,4.672268588756844557e-05,1.813818982699772278e-03,-2.720388091718080629e-04,-1.000790513493375524e-03,4.750405773813804237e-04
2.186327954981678867e-03,1.541974935929394579e-05,1.774627341280589918e-03,-2.845290278807974423e-04,-1.000795501943629959e-03,5.047897674711975501e-04
2.135613714325954038e-03,-1.606065104158739277e-05,1.775536672106614805e-03,-2.971275332208460069e-04,-9.008510564483691299e-04,5.346223287953807924e-04
2.064916559246470287e-03,3.263504830750757951e-05,1.715997192052759034e-03,-3.692182208174311681e-04,-9.008095990858792403e-04,4.838300780345940123e-04
2.014208625628908893e-03,8.511344230834949253e-07,1.716845932877900409e-03,-3.816485070884424193e-04,-9.008624520913797356e-04,5.132843980995511817e-04
1.983802183381128646e-03,-3.110921324268212134e-05,1.677467756211310345e-03,-3.940559538177822239e-04,-9.008550859708950014e-04,5.425468947790364335e-04
0.000000000000000000e+00,0.000000000000000000e+00,0.000000000000000000e+00,-3.252160087553468415e-04,-9.015505728869787272e-04,5.115416072110773316e-04
0.000000000000000000e+00,0.000000000000000000e+00,0.000000000000000000e+00,-2.570392247186470414e-04,-9.013781422628980647e-04,4.814004604309363167e-04
1.931729323208471140e-03,-4.744445659899833827e-05,1.679896204165750879e-03,-2.487811119321694815e-04,-8.005782940375226605e-04,3.717463910840789138e-04
0.000000000000000000e+00,0.000000000000000000e+00,0.000000000000000000e+00,-3.410223524218380931e-04,-8.014176252497130217e-04,4.591253608839107603e-04
0.000000000000000000e+00,0.000000000000000000e+00,0.000000000000000000e+00,-3.532564391294235051e-04,-8.014917019742902066e-04,4.879285263139493400e-04
1.859829239669733838e-03,-6.065024850024528903e-06,1.621483401169668400e-03,-3.660715052119169915e-04,-8.007682468222728943e-04,5.173442137424242443e-04
1.809118282866591662e-03,4.157616626703876855e-05,1.622208540430825942e-03,-3.782799760087719862e-04,-8.008172594832512923e-04,5.460319713250660510e-04
1.779012563716437199e-03,8.298769420758266108e-06,1.582543155221788822e-03,-4.493221865489896265e-04,-8.007794915900115886e-04,4.936484378362828145e-04
1.778369701819109035e-03,-2.515204139539078314e-05,1.583273555293660071e-03,-3.806342311561360906e-04,-7.006995324862131573e-04,4.632537822152840322e-04
0.000000000000000000e+00,0.000000000000000000e+00,0.000000000000000000e+00,-3.112680288207547719e-04,-7.011998601145847049e-04,4.322793234411009822e-04
0.000000000000000000e+00,0.000000000000000000e+00,0.000000000000000000e+00,-2.422865510957050716e-04,-7.010454701515149087e-04,4.018297173960516666e-04
0.000000000000000000e+00,0.000000000000000000e+00,0.000000000000000000e+00,-2.542348739824618065e-04,-7.011108307363681652e-04,4.299944686990131437e-04
1.696504506598567720e-03,6.001599294657987855e-05,1.495622769556512752e-03,-2.440858917143590959e-04,-7.004533757377648731e-04,3.190472734266611241e-04
1.605323600900474424e-03,2.573391963098306523e-05,1.525553291795082042e-03,-2.558933689670454315e-04,-7.004844119495028543e-04,3.470427789996532921e-04
1.575488435395153413e-03,-8.719589234542676257e-06,1.485628808982280159e-03,-2.676634918514297717e-04,-7.004833065669156334e-04,3.748734875134555628e-04
1.574882115422670224e-03,-4.334417000492774843e-05,1.436269646528438642e-03,-2.795551058626722144e-04,-6.005196837564252734e-04,4.026791210559206298e-04
0.000000000000000000e+00,0.000000000000000000e+00,0.000000000000000000e+00,-2.908790898157320726e-04,-6.010482127888713442e-04,4.299110098027469906e-04
0.000000000000000000e+00,0.000000000000000000e+00,0.000000000000000000e+00,-3.608187282229113890e-04,-6.010653764277078173e-04,3.760681038072338778e-04
1.494007496857093983e-03,-8.742464996907481684e-06,1.397511006375169642e-03,-2.914786559348610771e-04,-6.004608102805280385e-04,3.457059660161155949e-04
0.000000000000000000e+00,0.000000000000000000e+00,0.000000000000000000e+00,-3.840659067783080971e-04,-6.011790042983764046e-04,4.306313203797235145e-04
0.000000000000000000e+00,0.000000000000000000e+00,0.000000000000000000e+00,-3.956973996328549958e-04,-6.012354661613443204e-04,4.577740827575865756e-04
0.000000000000000000e+00,0.000000000000000000e+00,0.000000000000000000e+00,-3.257930789278828954e-04,-6.010757480367065388e-04,4.268177395866795676e-04
1.371998891727538306e-03,-1.163485972326991286e-05,1.388114511952104379e-03,-3.956239552197850012e-04,-5.005163850074427056e-04,3.726403342221297726e-04
1.371403601275983201e-03,3.395849652372318105e-05,1.388639928291379852e-03,-4.070838329537070175e-04,-5.005417737006667570e-04,3.994302272418482117e-04
1.320834059094840897e-03,-2.181596566787724585e-06,1.339191148370407966e-03,-3.368949560835204221e-04,-5.004909039583226114e-04,3.683799815625537349e-04
0.000000000000000000e+00,0.000000000000000000e+00,0.000000000000000000e+00,-3.479326776532065679e-04,-5.009594654614738744e-04,3.946236341091091671e-04
0.000000000000000000e+00,0.000000000000000000e+00,0.000000000000000000e+00,-3.592191813027723057e-04,-5.010080572853092525e-04,4.211313119109744152e-04
1.290373207325368719e-03,2.771309960309887096e-05,1.299949099592687509e-03,-3.465996203910678974e-04,-5.004224241039164148e-04,3.084495291221406072e-04
1.211109362652788802e-03,-9.116723591476755904e-06,1.259548288991574035e-03,-2.759917887270845198e-04,-4.003344871675102909e-04,2.773273611353594195e-04
0.000000000000000000e+00,0.000000000000000000e+00,0.000000000000000000e+00,-2.049612493311148143e-04,-4.005431791352096534e-04,2.458840092622316398e-04
1.169136393025171309e-03,5.598477016660875592e-05,1.239215228274421392e-03,-2.162631802761043602e-04,-4.002940090105817092e-04,2.722638579818089906e-04
1.089982339254865059e-03,1.863546900868093566e-05,1.198683926169247065e-03,-2.272741629075101198e-04,-4.002962018533160349e-04,2.982986918709832572e-04
0.000000000000000000e+00,0.000000000000000000e+00,0.000000000000000000e+00,-3.200731089000319329e-04,-4.007958198818355059e-04,3.811465044574607886e-04
0.000000000000000000e+00,0.000000000000000000e+00,0.000000000000000000e+00,-3.882120972588110064e-04,-4.008166336465577694e-04,3.247473557829172464e-04
0.000000000000000000e+00,0.000000000000000000e+00,0.000000000000000000e+00,-3.170788829431891998e-04,-3.006972517931459556e-04,2.934015853934685003e-04
0.000000000000000000e+00,0.000000000000000000e+00,0.000000000000000000e+00,-2.457566984117587339e-04,-3.005776734010428327e-04,2.618860660538735452e-04
0.000000000000000000e+00,0.000000000000000000e+00,0.000000000000000000e+00,-2.565399717333605167e-04,-3.005804075039385237e-04,2.872964559994112266e-04
9.674766623230426476e-04,-1.296970286608893307e-05,1.188641360179642451e-03,-2.674348676603190145e-04,-3.002974909743483505e-04,3.127190027377594402e-04
0.000000000000000000e+00,0.000000000000000000e+00,0.000000000000000000e+00,-3.603263591923644427e-04,-3.007936179983311574e-04,3.945537574727986385e-04
0.000000000000000000e+00,0.000000000000000000e+00,0.000000000000000000e+00,-4.277886188164270465e-04,-3.008194627315003821e-04,3.371807467262427638e-04
8.876980380277227052e-04,9.819033305024987826e-06,1.098577272220602934e-03,-3.561438558087969930e-04,-3.003273450217083329e-04,3.054590035790657044e-04
8.872428000870598644e-04,-2.928371275547454205e-05,1.098930593762494599e-03,-3.667681608435730618e-04,-2.003436934778006994e-04,3.302461342119945679e-04
0.000000000000000000e+00,0.000000000000000000e+00,0.000000000000000000e+00,-3.772022040420264233e-04,-2.007246928209010161e-04,3.548314039366340378e-04
8.363388090399441433e-04,3.101256726077549636e-05,1.099644627262128188e-03,-3.877821217300878509e-04,-2.003857594966880614e-04,3.793841997904150859e-04
0.000000000000000000e+00,0.000000000000000000e+00,0.000000000000000000e+00,-4.545415024215238020e-04,-2.007245713051847985e-04,3.210625373533393390e-04
7.659749539430900974e-04,7.929858823553875171e-06,1.037204418081733633e-03,-3.823343731011589249e-04,-2.003135888860623685e-04,2.890147232310340698e-04
7.155288805062465793e-04,-3.207333002276384657e-05,1.037497612880226676e-03,-3.099419381045123039e-04,-2.002685233367207211e-04,2.569266591426558615e-04
0.000000000000000000e+00,0.000000000000000000e+00,0.000000000000000000e+00,-2.374184809477153379e-04,-1.003873981183485767e-04,2.248552246327528703e-04
6.865943239422350221e-04,2.631900478161736950e-05,9.966997014579533336e-04,-1.647949386139421660e-04,-1.001452815797831286e-04,1.927880095879283768e-04
0.000000000000000000e+00,0.000000000000000000e+00,0.000000000000000000e+00,-1.747962961924365288e-04,-1.003195842380838823e-04,2.167133685239408525e-04
6.078060756394977181e-04,1.105837341346983974e-06,9.558256692723168108e-04,-2.407963448414463491e-04,-1.001536862025441968e-04,1.576832063736638596e-04
6.074279727825791092e-04,-3.979081781576813964e-05,9.060698097809296095e-04,-1.677962838039634072e-04,-1.001161450117502493e-04,1.254354804315163956e-04
0.000000000000000000e+00,0.000000000000000000e+00,0.000000000000000000e+00,-1.775817327891449082e-04,-1.002536750247328507e-04,1.490044985134053590e-04
4.872908430160096793e-04,1.670844964567801469e-05,8.929399746993452527e-04,-1.874425772200086736e-04,-1.222045910285946677e-07,1.725115325077456374e-04
0.000000000000000000e+00,0.000000000000000000e+00,0.000000000000000000e+00,-1.971979241304211428e-04,-2.675595892612974216e-07,1.958343113349081399e-04
4.865707712705248482e-04,-1.062230979030934074e-05,8.933373395379407477e-04,-2.899879896631260947e-04,-1.907284416863129956e-07,2.746404616248420707e-04
4.862037195166318154e-04,-5.240552716584959874e-05,8.435225873878811516e-04,-3.552657546312052426e-04,-2.144839025730098134e-07,2.144877192561572593e-04
4.080970562324427535e-04,4.433407974262758706e-05,8.021187264236613428e-04,-3.648581456121060542e-04,-1.974528322384164952e-07,2.373231775142277140e-04
0.000000000000000000e+00,0.000000000000000000e+00,0.000000000000000000e+00,-3.745158411567750534e-04,9.959070316456378018e-05,2.600497730464029766e-04
4.074429078908365590e-04,1.528223735058801297e-05,8.024656082567985889e-04,-3.006944070051402072e-04,9.983067747816854701e-05,2.272222150385589138e-04
3.294681928022036429e-04,-2.722419709270923444e-05,7.609622654748784184e-04,-3.934737666008610566e-04,9.980646831721469230e-05,3.049881805628783574e-04
2.874908578478617568e-04,-1.467308716820373620e-05,7.387292246086816236e-04,-3.195086141965824056e-04,9.983394136808927883e-05,2.720547993831929755e-04
0.000000000000000000e+00,0.000000000000000000e+00,0.000000000000000000e+00,-3.006417558627516584e-04,9.972354299086670041e-05,1.557595460460192704e-04
2.593129163241858948e-04,3.793670656042609035e-05,6.972121733794361389e-04,-2.263218155240491740e-04,9.991084546664097627e-05,1.227731974873708966e-04
0.000000000000000000e+00,0.000000000000000000e+00,0.000000000000000000e+00,-2.355386963502903441e-04,1.998049200765288948e-04,1.448450311146709524e-04
2.087466833821604814e-04,6.271961609526191493e-06,6.973944983230957306e-04,-3.280621055444352292e-04,1.998614503406460571e-04,2.216742437043097086e-04
1.810236957494241561e-04,-3.733400977695189077e-05,6.556754444928252368e-04,-3.371379419003564786e-04,1.998870715915722351e-04,2.433912811580126714e-04
1.307737972923689426e-04,5.735484025804446528e-05,6.057400730738931932e-04,-2.624800134046340050e-04,1.998988324637405490e-04,2.101661194269552704e-04
0.000000000000000000e+00,0.000000000000000000e+00,0.000000000000000000e+00,-2.425200543814121090e-04,1.998367328462337866e-04,9.326680080584681676e-05
8.840863011083048128e-05,2.398814506156998267e-05,6.332089352279535784e-04,-2.512013845888474181e-04,1.999084370264788595e-04,1.146550091809668922e-04
0.000000000000000000e+00,0.000000000000000000e+00,0.000000000000000000e+00,-3.438262421149307357e-04,2.997956360293632899e-04,1.905370063391698121e-04
1.059847788158719623e-05,-1.027170775355487849e-05,5.913616632717824326e-04,-3.524220726195020133e-04,2.998955456006309190e-04,2.115641296412480905e-04
0.000000000000000000e+00,0.000000000000000000e+00,0.000000000000000000e+00,-2.772896101319588524e-04,2.998348202705538625e-04,1.780230021792561512e-04
0.000000000000000000e+00,0.000000000000000000e+00,0.000000000000000000e+00,-2.858338439880592219e-04,2.998642816520909735e-04,1.989104498648502917e-04
0.000000000000000000e+00,0.000000000000000000e+00,0.000000000000000000e+00,-3.486925875905155792e-04,2.998308426608726194e-04,1.356392180761334387e-04
0.000000000000000000e+00,0.000000000000000000e+00,0.000000000000000000e+00,-4.411139442797029631e-04,3.997874420544885810e-04,2.104283713147553359e-04
-1.368024371542952619e-04,1.132621912028380006e-05,4.844533162661134279e-04,-4.493765314398801957e-04,3.999224790043655071e-04,2.307836019763280543e-04
0.000000000000000000e+00,0.000000000000000000e+00,0.000000000000000000e+00,-4.578284381732133923e-04,3.998291600839103577e-04,2.509465700851892800e-04
-1.871844417685623126e-04,-2.602281336938218445e-05,4.343113062962010722e-04,-3.818203822998166410e-04,3.999215668745016261e-04,2.169524325619021966e-04
0.000000000000000000e+00,0.000000000000000000e+00,0.000000000000000000e+00,-3.901132471081369957e-04,3.998587427328200773e-04,2.369385073593965885e-04
0.000000000000000000e+00,0.000000000000000000e+00,0.000000000000000000e+00,-3.982144727553427188e-04,3.999059353645600446e-04,2.567857138155993368e-04
-2.146792794712225132e-04,2.748589072408024996e-05,3.919637828247883376e-04,-3.757932416405285214e-04,4.999463232650092981e-04,1.384113648528412037e-04
0.000000000000000000e+00,0.000000000000000000e+00,0.000000000000000000e+00,-2.994979736024028227e-04,4.999091009065298637e-04,1.041224166541399043e-04
-2.918469445215732695e-04,-1.204999443542926705e-05,3.496008795805943814e-04,-2.228420375693850812e-04,4.999819974348613041e-04,7.001426051765823825e-05
-3.341699962658006427e-04,-5.325981557780852814e-06,3.263113511450102316e-04,-3.148714766120380725e-04,4.999692122640219619e-04,1.431210592962421115e-04
-3.843079687652238758e-04,-5.246484901898831052e-05,3.261566855082372236e-04,-2.381296092267163396e-04,4.999742176138611020e-04,1.087610966279862091e-04
0.000000000000000000e+00,0.000000000000000000e+00,0.000000000000000000e+00,-1.613030378110336116e-04,4.999707713212043613e-04,7.435194854449322932e-05
-4.113152436545674845e-04,4.420601517655833694e-05,2.835967729404988234e-04,-8.419409566103307771e-05,5.999982411159309565e-04,4.009912272675845361e-05
0.000000000000000000e+00,0.000000000000000000e+00,0.000000000000000000e+00,-2.295935651452918336e-04,5.999506447562682598e-04,2.781152090015892586e-05
-4.615299763755447240e-04,1.987828539627791307e-06,2.332523004108718332e-04,-2.367381255258548022e-04,5.999736009723199330e-04,4.667266507938135501e-05
-4.882595903903372064e-04,7.167266490195325125e-06,1.907555819705754893e-04,-2.439633659931253007e-04,5.999942776898632528e-04,6.532063817778391128e-05
0.000000000000000000e+00,0.000000000000000000e+00,0.000000000000000000e+00,-2.511955698678569604e-04,5.999945538713231160e-04,8.366680202541443290e-05
-5.307741129880711806e-04,-3.642930202004900471e-05,2.169157563575175576e-04,-2.582253809886683499e-04,6.999980318049088199e-04,1.021636449539341219e-04
-6.073782706798198103e-04,5.274302143599964249e-05,1.242947759654796692e-04,-3.500015155983318910e-04,7.000238455598519838e-04,1.733787000583371656e-04
0.000000000000000000e+00,0.000000000000000000e+00,0.000000000000000000e+00,-3.570783549404765722e-04,7.000649325525475780e-04,1.911741976877712190e-04
0.000000000000000000e+00,0.000000000000000000e+00,0.000000000000000000e+00,-4.169019281625718776e-04,7.000150939419315030e-04,1.241633179760170957e-04
-6.839698968972606537e-04,1.150062411293540290e-05,8.109214584450898436e-05,-3.387615231403658025e-04,7.000219642400940185e-04,8.918606736631187943e-05
-6.839920468241429989e-04,-1.151849565416351932e-05,8.082159393401823651e-05,-4.304458826993565906e-04,7.000430953855252356e-04,1.595417489809458904e-04
0.000000000000000000e+00,0.000000000000000000e+00,0.000000000000000000e+00,-3.521498655658650279e-04,8.000616579590467525e-04,1.239288196464433112e-04
-6.840448905507150656e-04,-3.189938668617519360e-05,3.028143549049426583e-05,-2.735730172713758896e-04,8.000168217562137135e-04,8.891036991912777394e-05
-7.103484928089684068e-04,-2.932959588363812407e-05,-1.253021853216354322e-05,-2.800379285476232473e-04,8.000443384093734126e-04,1.061594285828789687e-04
0.000000000000000000e+00,0.000000000000000000e+00,0.000000000000000000e+00,-3.715783565838570723e-04,8.001318614119265309e-04,1.753912793195505637e-04
0.000000000000000000e+00,0.000000000000000000e+00,0.000000000000000000e+00,-4.303370743669043819e-04,8.000755459426786781e-04,1.071023754294492258e-04
0.000000000000000000e+00,0.000000000000000000e+00,0.000000000000000000e+00,-3.513350364713341278e-04,8.000828346617764632e-04,7.145797595786707035e-05
-8.790599405475310948e-04,1.108866572742850730e-05,-3.018533035443587750e-05,-3.574456488999837311e-04,9.000536156654570345e-04,8.830148237044253324e-05
-8.790426353647898781e-04,1.234864025504191526e-05,-8.053252382312820509e-05,-3.634029137187122656e-04,9.000518878782657207e-04,1.047751365533736964e-04
0.000000000000000000e+00,0.000000000000000000e+00,0.000000000000000000e+00,-2.840155746366423983e-04,9.000770820473974086e-04,6.857061828050015073e-05
-9.050132666305418403e-04,-3.804585077237289945e-05,-1.239127578571201605e-04,-2.045303218768753815e-04,9.000332420309529579e-04,3.317422092452242794e-05
-9.049603256082064222e-04,-3.756776678063855092e-05,-1.242805901634647515e-04,-2.102556811587512689e-04,9.000412471656930478e-04,4.935005337533328069e-05
0.000000000000000000e+00,0.000000000000000000e+00,0.000000000000000000e+00,-3.013169578328644960e-04,9.001465025272405206e-04,1.168296403591118082e-04
-1.023518144132023978e-03,4.804433189611991082e-05,-1.918374138756649542e-04,-3.587781573086059467e-04,1.000057635134799948e-03,4.754597356953622043e-05
0.000000000000000000e+00,0.000000000000000000e+00,0.000000000000000000e+00,-3.641835575696195093e-04,1.000133868732158747e-03,6.265517227238559528e-05
0.000000000000000000e+00,0.000000000000000000e+00,0.000000000000000000e+00,-2.839860070816824233e-04,1.000081371039728993e-03,2.631451216110469726e-05
0.000000000000000000e+00,0.000000000000000000e+00,0.000000000000000000e+00,-3.748909401566358213e-04,1.000205706633037562e-03,9.336607760501713926e-05
-1.099007972597872834e-03,-6.544475647186526020e-06,-2.863582001226410182e-04,-2.944850023113327491e-04,1.100070617153884938e-03,5.746513339251990943e-05
-1.098904688451978308e-03,-7.932696444060175444e-06,-2.868016394957332172e-04,-2.996030018622246869e-04,1.100079755023692122e-03,7.257067139612859868e-05
-1.174523457556573159e-03,-9.602613667077532206e-06,-3.301220169848368443e-04,-3.046649926913542030e-04,1.100109704923644136e-03,8.745950106696168938e-05
-1.217283121636498827e-03,-1.155403327338750544e-05,-3.048982474843090948e-04,-3.953986962046666552e-04,1.100159547639505001e-03,1.536621886117709975e-04
0.000000000000000000e+00,0.000000000000000000e+00,0.000000000000000000e+00,-4.514919837373954081e-04,1.100242958400801836e-03,8.173362824975827223e-05
0.000000000000000000e+00,0.000000000000000000e+00,0.000000000000000000e+00,-3.702836279541044107e-04,1.100172648641783036e-03,4.493922880870193648e-05
0.000000000000000000e+00,0.000000000000000000e+00,0.000000000000000000e+00,-3.748868923185710855e-04,1.200227480799614639e-03,5.902248186563652244e-05
0.000000000000000000e+00,0.000000000000000000e+00,0.000000000000000000e+00,-3.794471331834969874e-04,1.200247883487224774e-03,7.319622112650359114e-05
0.000000000000000000e+00,0.000000000000000000e+00,0.000000000000000000e+00,-2.979236565677778614e-04,1.200168060903521530e-03,3.619023726253445261e-05
-1.367469609483723970e-03,5.919301199071915665e-06,-4.939079709987880202e-04,-3.024523051556944251e-04,1.200107669970098883e-03,5.083403267597904376e-05
-1.367279274657302868e-03,2.112985534502703647e-06,-4.944454443730710415e-04,-3.067195512824794665e-04,1.200117911556335733e-03,6.462844758939378985e-05
-1.410150158989115264e-03,-1.973352154154569434e-06,-4.695712580769352096e-04,-3.969791239637286001e-04,1.300175341921938447e-03,1.290490703420621216e-04
-1.409979016709172681e-03,-6.339523079047286889e-06,-4.701423052743144526e-04,-4.011138600003045108e-04,1.300186098056055730e-03,1.424729046979957318e-04
-1.435149497178263333e-03,-1.098533904418655081e-05,-5.138158023846656946e-04,-3.189895929332879632e-04,1.300167439422155423e-03,1.050820198974521699e-04
-1.434942480674300741e-03,-1.591061245258483775e-05,-5.144064281445979211e-04,-4.597594677686603543e-04,1.300189047734804596e-03,8.264516246100625573e-05
0.000000000000000000e+00,0.000000000000000000e+00,0.000000000000000000e+00,-3.768666491401617691e-04,1.300267617968027794e-03,4.398854604185931105e-05
0.000000000000000000e+00,0.000000000000000000e+00,0.000000000000000000e+00,-3.805382947431601437e-04,1.300324757244446672e-03,5.683931202198067023e-05
0.000000000000000000e+00,0.000000000000000000e+00,0.000000000000000000e+00,-3.840598993086752344e-04,1.400346701829184842e-03,6.938849977053407336e-05
0.000000000000000000e+00,0.000000000000000000e+00,0.000000000000000000e+00,-3.875507537695055404e-04,1.400368355687727894e-03,8.179591160488441925e-05
0.000000000000000000e+00,0.000000000000000000e+00,0.000000000000000000e+00,-3.043601475521962030e-04,1.400288433131202746e-03,4.392135101420613363e-05
0.000000000000000000e+00,0.000000000000000000e+00,0.000000000000000000e+00,-3.076273685781449885e-04,1.400299978663641694e-03,5.623462266057810410e-05
0.000000000000000000e+00,0.000000000000000000e+00,0.000000000000000000e+00,-3.107317032641221388e-04,1.500353082520358011e-03,6.808553237819259252e-05
0.000000000000000000e+00,0.000000000000000000e+00,0.000000000000000000e+00,-4.002324365207643453e-04,1.500526225193069777e-03,1.301538871743557202e-04
0.000000000000000000e+00,0.000000000000000000e+00,0.000000000000000000e+00,-4.532488517533517225e-04,1.500481282807992426e-03,5.532949522753238814e-05
0.000000000000000000e+00,0.000000000000000000e+00,0.000000000000000000e+00,-4.561102308626718838e-04,1.500504591363257569e-03,6.677216588950318776e-05
0.000000000000000000e+00,0.000000000000000000e+00,0.000000000000000000e+00,-5.453258542432726230e-04,1.600741460013333558e-03,1.278817096842799206e-04
0.000000000000000000e+00,0.000000000000000000e+00,0.000000000000000000e+00,-4.613050007847840916e-04,1.600579821663603887e-03,8.915793830781282292e-05
0.000000000000000000e+00,0.000000000000000000e+00,0.000000000000000000e+00,-4.638911126095823789e-04,1.600603720113362959e-03,1.003361762155763337e-04
0.000000000000000000e+00,0.000000000000000000e+00,0.000000000000000000e+00,-4.662042691602197308e-04,1.600673516680190325e-03,1.113159854677220340e-04
0.000000000000000000e+00,0.000000000000000000e+00,0.000000000000000000e+00,-4.684787837399007060e-04,1.700697398205264482e-03,1.217819040786327633e-04
-1.991655007807686950e-03,4.120514398952336452e-05,-1.028368106308507344e-03,-3.847022400166671898e-04,1.700297971178622251e-03,8.464081018642465211e-05
-1.991232910266383868e-03,3.163624748988028769e-05,-1.029157524787899496e-03,-3.868370188788634889e-04,1.700309987106553723e-03,9.522901740321950998e-05
-1.990809900473974534e-03,2.179099196199925598e-05,-1.029946107237404403e-03,-4.758314889787065567e-04,1.700417861625450533e-03,1.550320783285594477e-04
-1.990385980099531812e-03,1.166955210276084580e-05,-1.080734277162264355e-03,-4.776759430549821378e-04,1.700417622932713082e-03,1.652418279888752969e-04
-2.033482474720938859e-03,1.272101866004395315e-06,-1.056905453558691383e-03,-4.417143146985468504e-04,1.700261345500535736e-03,3.906362843105215283e-05
-2.033076251425599505e-03,-9.401185548411474598e-06,-1.057726117654932173e-03,-5.304513199572294738e-04,1.700367073736603132e-03,9.815417722584460474e-05
-2.107215650429441599e-03,-2.035013769889312715e-05,-1.102106243742172328e-03,-4.449069279422048591e-04,1.800315007239197554e-03,5.855730109467942378e-05
-2.106772763302682590e-03,-3.157458291053971510e-05,-1.102944642756076028e-03,-3.591963672742647063e-04,1.800226238483173787e-03,1.915536552354069416e-05
-2.106328910881851476e-03,-4.307435028482652979e-05,-1.103782150220021085e-03,-3.605000667511531424e-04,1.800237506816105247e-03,2.868905989081639606e-05
0.000000000000000000e+00,0.000000000000000000e+00,0.000000000000000000e+00,-4.479443192606513691e-04,1.800686689282050184e-03,8.504152150755339701e-05
0.000000000000000000e+00,0.000000000000000000e+00,0.000000000000000000e+00,-4.488948953150773136e-04,1.800752090731559283e-03,9.419200014119943898e-05
-2.179392147493011342e-03,5.683654256661852802e-05,-1.199961418312191132e-03,-4.509693293745309166e-04,1.800390262734153464e-03,1.050132114722434902e-04
-2.178909662787630042e-03,4.420598780661776734e-05,-1.200814462464074766e-03,-5.391745164675981923e-04,1.900505543650238792e-03,1.624208725550606823e-04
-2.178426203012055751e-03,3.130084530483801653e-05,-1.201666552248454537e-03,-4.526283026917952436e-04,1.900411279984341121e-03,1.224267568655139165e-04
0.000000000000000000e+00,0.000000000000000000e+00,0.000000000000000000e+00,-4.521794901857223437e-04,1.900880695655894409e-03,1.288887439131886081e-04
0.000000000000000000e+00,0.000000000000000000e+00,0.000000000000000000e+00,-5.010441524488928877e-04,1.900770550840097470e-03,4.978721323432855339e-05
0.000000000000000000e+00,0.000000000000000000e+00,0.000000000000000000e+00,-5.889576518198769151e-04,1.900990948742429208e-03,1.061688256919213202e-04
0.000000000000000000e+00,0.000000000000000000e+00,0.000000000000000000e+00,-5.016092357306156657e-04,2.000838045432809433e-03,6.555341753747279121e-05
-2.318112170458414521e-03,1.092236327393440174e-05,-1.369403064506631096e-03,-5.029105085319915489e-04,2.000427783015251964e-03,7.574453219820756684e-05
-2.317572051849609623e-03,-3.696815924868179624e-06,-1.370321578897553240e-03,-5.905960227111663706e-04,2.000551649669500640e-03,1.316374171810885706e-04
-2.391092180156832205e-03,-1.858945927058228636e-05,-1.415069132879194329e-03,-5.029710438497138510e-04,2.000481580607072971e-03,9.086624626030139688e-05
0.000000000000000000e+00,0.000000000000000000e+00,0.000000000000000000e+00,-5.013922591073916024e-04,2.000961701402615995e-03,9.585374384141198689e-05
0.000000000000000000e+00,0.000000000000000000e+00,0.000000000000000000e+00,-5.888525906686536970e-04,2.001219334577682661e-03,1.510601302341790797e-04
-2.413384791046105978e-03,-1.699359802478917197e-05,-1.511801402631924229e-03,-5.896736391949876062e-04,2.100659695222394357e-03,1.603729422027668590e-04
-2.412769666916711464e-03,-3.304858763346419964e-05,-1.512751693452002531e-03,-5.891996467264883292e-04,2.100668372226908998e-03,1.672166480862773044e-04
-2.412153498321922569e-03,-4.937626920397399598e-05,-1.513700808258660289e-03,-5.886075710767012248e-04,2.100676749663213123e-03,1.739021491229358451e-04
0.000000000000000000e+00,0.000000000000000000e+00,0.000000000000000000e+00,-4.984333507828120347e-04,2.101094758653147647e-03,1.300169934643213843e-04
-2.504913567359668032e-03,5.271223484051395088e-05,-1.491797373845633488e-03,-4.990828514696574528e-04,2.100554917467691799e-03,1.390811485847961244e-04
-2.528096200736920651e-03,3.553451696231516184e-05,-1.586759199225002684e-03,-5.859417129399660485e-04,2.100718829373950276e-03,1.929537722663932976e-04
0.000000000000000000e+00,0.000000000000000000e+00,0.000000000000000000e+00,-6.306993916729286553e-04,2.101289187738038765e-03,1.083544603334846146e-04
0.000000000000000000e+00,0.000000000000000000e+00,0.000000000000000000e+00,-6.292757384156466571e-04,2.201303261397905865e-03,1.139517244194282464e-04
-2.599936640186259213e-03,2.972799535928628064e-05,-1.633832268559084902e-03,-6.296279559334696510e-04,2.200708371990330470e-03,1.222907737841696018e-04
-2.599261220618557990e-03,1.139222204731959654e-05,-1.684844617148069856e-03,-6.279533741022272743e-04,2.200699608529508872e-03,1.278239474905342181e-04
0.000000000000000000e+00,0.000000000000000000e+00,0.000000000000000000e+00,-6.244646165347589317e-04,2.201403541848063160e-03,1.303354906714987438e-04
0.000000000000000000e+00,0.000000000000000000e+00,0.000000000000000000e+00,-6.227060301977616064e-04,2.201415219406610904e-03,1.355445481786843320e-04
-2.670846344794322157e-03,1.836660486391289569e-06,-1.732033883786170559e-03,-6.225828723431918194e-04,2.300761730590939001e-03,1.431929117130876150e-04
-2.670131261725199739e-03,-1.765493104081439856e-05,-1.733058660251597530e-03,-6.205719432965154346e-04,2.300767118150975118e-03,1.480869671866866613e-04
0.000000000000000000e+00,0.000000000000000000e+00,0.000000000000000000e+00,-6.162112535380570577e-04,2.301508447502368781e-03,1.497379748394978005e-04
-2.692213402344983009e-03,-1.057862121445319387e-05,-1.829323850239048975e-03,-6.159874102827435664e-04,2.300808402082687130e-03,1.574224741464943904e-04
-2.691460110581338043e-03,-3.095323951996457851e-05,-1.830362230224861402e-03,-5.252228788681463298e-04,2.300666679657110796e-03,1.150339231924709776e-04
0.000000000000000000e+00,0.000000000000000000e+00,0.000000000000000000e+00,-5.205546171715980108e-04,2.301292124378196031e-03,1.162465141743285191e-04
-2.734252482192490313e-03,-2.585023902767821300e-05,-1.809155769158231472e-03,-6.083277026034067479e-04,2.300810810406772426e-03,1.702304974205574362e-04
-2.733492547397721462e-03,-2.865831428982186185e-06,-1.810210836464055170e-03,-6.055580428395142354e-04,2.300814555465276190e-03,1.741481922600900101e-04
0.000000000000000000e+00,0.000000000000000000e+00,0.000000000000000000e+00,-6.005575205831892305e-04,2.301602685229209126e-03,1.748286411409893937e-04
-2.805300172802597906e-03,4.458004305422406878e-05,-1.906661778433821558e-03,-6.878697965223404048e-04,2.400999342577526258e-03,2.277472678486680091e-04
0.000000000000000000e+00,0.000000000000000000e+00,0.000000000000000000e+00,-7.288214155254379989e-04,2.401814564920982768e-03,1.391759366638767315e-04
0.000000000000000000e+00,0.000000000000000000e+00,0.000000000000000000e+00,-7.254734087968062184e-04,2.401818426203542953e-03,1.423467442441400665e-04
-2.876171954297337616e-03,2.371486895738729109e-05,-2.004292410937026127e-03,-7.240874126534625017e-04,2.400958591807300559e-03,1.485814205742965594e-04
0.000000000000000000e+00,0.000000000000000000e+00,0.000000000000000000e+00,-7.180602833138927110e-04,2.401895199035484953e-03,1.479837841618092398e-04
-2.874623120948990602e-03,2.359298443129206888e-05,-2.006540233315333432e-03,-6.278147087981708488e-04,2.500806836573539558e-03,1.078766247434632833e-04
-2.873804469989113368e-03,2.395203516615407433e-09,-2.007632232994432855e-03,-7.126526610877529332e-04,2.500962166043764045e-03,1.565170369514431591e-04
0.000000000000000000e+00,0.000000000000000000e+00,0.000000000000000000e+00,-6.173009217080860367e-04,2.501587221171950540e-03,1.093143339418872761e-04
-2.895199857931188541e-03,-2.085657045847803883e-06,-2.104293555592636270e-03,-5.265724347165311094e-04,2.500677679393432766e-03,6.932316104751333800e-05
0.000000000000000000e+00,0.000000000000000000e+00,0.000000000000000000e+00,-6.084318696658597148e-04,2.501644809649185286e-03,1.137093394022736792e-04
-2.988029178470854967e-03,-5.529579918094880145e-06,-2.083681148864986298e-03,-6.064881004713479004e-04,2.500820797334886002e-03,1.191601543901367065e-04
-2.987186573287570809e-03,-3.060647044443317677e-05,-2.084817281252663614e-03,-6.018572895943895057e-04,2.500819578699940010e-03,1.209489985341150883e-04
0.000000000000000000e+00,0.000000000000000000e+00,0.000000000000000000e+00,-6.834687544251538682e-04,2.501938175353305652e-03,1.646937652695634746e-04
-3.008363947529364008e-03,-3.601329520106284250e-05,-2.181658303773535354e-03,-6.808890608714688415e-04,2.601010588742545121e-03,1.694725065190410315e-04
0.000000000000000000e+00,0.000000000000000000e+00,0.000000000000000000e+00,-6.730500891176660616e-04,2.601996345750814781e-03,1.667712437850993323e-04
0.000000000000000000e+00,0.000000000000000000e+00,0.000000000000000000e+00,-6.678178057528683098e-04,2.601989614653557950e-03,1.679157511769308053e-04
0.000000000000000000e+00,0.000000000000000000e+00,0.000000000000000000e+00,-6.625085299385435889e-04,2.602049609933529406e-03,1.685536526286474102e-04
-3.077604292544131124e-03,3.827625102292053273e-05,-2.280918896975773439e-03,-7.487415700512084190e-04,2.701197346015570596e-03,2.184162748415418361e-04
0.000000000000000000e+00,0.000000000000000000e+00,0.000000000000000000e+00,-6.508939075420272502e-04,2.702031044818082109e-03,1.695641586604845763e-04
-3.098420993536828497e-03,2.888114521891988693e-05,-2.327917576835285361e-03,-5.589940999235481090e-04,2.700892859736486306e-03,1.290229252628801067e-04
0.000000000000000000e+00,0.000000000000000000e+00,0.000000000000000000e+00,-6.391799128259156859e-04,2.702074681682660028e-03,1.702303723386117129e-04
-3.191246707220108877e-03,1.813426205434231646e-05,-2.357828421988524166e-03,-6.359839962538053762e-04,2.701028129018398245e-03,1.743594511988774296e-04
0.000000000000000000e+00,0.000000000000000000e+00,0.000000000000000000e+00,-6.266002143541227198e-04,2.702048102982257567e-03,1.699715349788022412e-04
-3.211880988981337219e-03,6.036358358540026129e-06,-2.404988273905666208e-03,-7.126880814863597105e-04,2.801244485519998381e-03,2.187751014878135331e-04
0.000000000000000000e+00,0.000000000000000000e+00,0.000000000000000000e+00,-7.028584583562702548e-04,2.802429498083309350e-03,2.137969073754963922e-04
-3.210010422234618483e-03,-7.411821841184573402e-06,-2.457489677785459035e-03,-7.440557257207204740e-04,2.801120333690545940e-03,1.282239841781414986e-04
0.000000000000000000e+00,0.000000000000000000e+00,0.000000000000000000e+00,-8.232582687280887157e-04,2.802575078627906561e-03,1.675257698003917994e-04
-3.280427337226033812e-03,-2.220954753282334458e-05,-2.504739756375209177e-03,-7.302249019194681674e-04,2.801154422848194103e-03,1.262080840322418534e-04
0.000000000000000000e+00,0.000000000000000000e+00,0.000000000000000000e+00,-7.195732470312021789e-04,2.802247754810718167e-03,1.207074220039155987e-04
-3.278477617861394987e-03,-3.835610093082765710e-05,-2.557261338153917537e-03,-8.050828706697317743e-04,2.801299604752264041e-03,1.681556260786436186e-04
-3.277525646097695627e-03,2.006077728579766780e-05,-2.558538429222750182e-03,-7.976141136522458012e-04,2.801289143409774716e-03,1.665754735092372419e-04
0.000000000000000000e+00,0.000000000000000000e+00,0.000000000000000000e+00,-7.867344862504399572e-04,2.802551302401201649e-03,1.602511310042353809e-04
-3.297662971430858313e-03,4.669889795141326410e-05,-2.605871737185410861e-03,-7.821699150833195426e-04,2.901325967582852553e-03,1.628810284519835818e-04
0.000000000000000000e+00,0.000000000000000000e+00,0.000000000000000000e+00,-7.704945591910927760e-04,2.902579279125216613e-03,1.560437062444880452e-04
-3.295631930356088864e-03,2.718189028033185655e-05,-2.608408615890216858e-03,-8.559059560059551841e-04,2.901490689403832691e-03,2.026991118236015448e-04
0.000000000000000000e+00,0.000000000000000000e+00,0.000000000000000000e+00,-8.439473095114280454e-04,2.902904607940589351e-03,1.954580361144125922e-04
0.000000000000000000e+00,0.000000000000000000e+00,0.000000000000000000e+00,-7.454203479412280231e-04,2.902570395326455315e-03,1.485921074838303380e-04
-3.409498707249269955e-03,1.732646403539258296e-05,-2.685221590874209158e-03,-8.304252477990716049e-04,3.001473827448301879e-03,1.945420916308821034e-04
0.000000000000000000e+00,0.000000000000000000e+00,0.000000000000000000e+00,-8.177358089468400593e-04,3.002879435211444105e-03,1.864657424230781180e-04
-3.429295332213630042e-03,-5.626046798442283906e-06,-2.782803519929278376e-03,-8.127099886603958477e-04,3.001484504709564516e-03,1.885042889917950767e-04
-3.428270601439909349e-03,4.234292116389729222e-06,-2.784169299914831652e-03,-8.036467241644546216e-04,3.001467707301186220e-03,1.852213556841807109e-04
0.000000000000000000e+00,0.000000000000000000e+00,0.000000000000000000e+00,-7.903165043792181876e-04,3.002858542357026220e-03,1.766155499324101319e-04
-3.426114649805528899e-03,-2.080559356582081448e-05,-2.786811435181882433e-03,-7.851021290466067126e-04,3.001432433034267790e-03,1.781585127506646652e-04
0.000000000000000000e+00,0.000000000000000000e+00,0.000000000000000000e+00,-8.614967508957516173e-04,3.003184041805729773e-03,2.126853558114955023e-04
-3.495656447381793267e-03,-4.718977556492439410e-05,-2.884490407999975789e-03,-8.556774633009273535e-04,3.101635614077019858e-03,2.134688037820094532e-04
-3.494566518251659634e-03,5.843160005285067977e-06,-2.885843247567589608e-03,-8.459818191914101173e-04,3.001614819861063693e-03,2.094442963322508747e-04
0.000000000000000000e+00,0.000000000000000000e+00,0.000000000000000000e+00,-8.319988590003157825e-04,3.003149095624470244e-03,1.998415783809742718e-04
0.000000000000000000e+00,0.000000000000000000e+00,0.000000000000000000e+00,-7.310143125800472319e-04,3.102695898943976481e-03,1.518682797558984499e-04
-3.512799096164028606e-03,2.935971233026418272e-05,-2.934955809383276056e-03,-8.153859828533899972e-04,3.101614543835541204e-03,1.958316959859774168e-04
-3.511695237482363209e-03,3.581338584852804578e-05,-2.936338479633776848e-03,-7.145926655491203778e-04,3.101379620481744571e-03,1.479283472932913174e-04
0.000000000000000000e+00,0.000000000000000000e+00,0.000000000000000000e+00,-6.993598882731877353e-04,3.102629988710582567e-03,1.375407732072536637e-04
-3.509378247496918856e-03,4.584473247604541757e-06,-2.989009340362559688e-03,-7.830878683458752584e-04,3.101524565284243060e-03,1.808007006052069095e-04
-3.508270778576320567e-03,9.892145443624200080e-06,-2.990386284092437334e-03,-7.720283698791575912e-04,3.101500059354693559e-03,1.754585187205617565e-04
0.000000000000000000e+00,0.000000000000000000e+00,0.000000000000000000e+00,-8.466197314594969825e-04,3.103320069698151454e-03,2.072787056425495766e-04
-3.555946658844037853e-03,-2.341971087198020828e-05,-2.993043777721833467e-03,-8.397288864084983401e-04,3.201655395392153346e-03,2.065721097966637858e-04
-3.504835549895812894e-03,-1.925752675667888667e-05,-2.994414461729162213e-03,-8.281747569995040860e-04,3.201633734703862155e-03,2.009012923767048711e-04
-3.503723326027164721e-03,-1.549996341723459891e-05,-2.995783080373257655e-03,-9.070748515996312090e-04,3.101815940215022546e-03,2.375705621529027771e-04
0.000000000000000000e+00,0.000000000000000000e+00,0.000000000000000000e+00,-8.001204667229533385e-04,3.103104118679991807e-03,1.833010046715377594e-04
0.000000000000000000e+00,0.000000000000000000e+00,0.000000000000000000e+00,-7.877484484117847074e-04,3.203127412616678729e-03,1.765449019634213190e-04
-3.571407704859203523e-03,4.156142006269566394e-05,-3.095034640898559463e-03,-8.707020814033644088e-04,3.201773551304730372e-03,2.178026125902271742e-04
-3.570256886282039462e-03,4.380272853965364537e-05,-3.096411892774494825e-03,-8.582875398887619559e-04,3.201743864524080746e-03,2.109895863215318756e-04
0.000000000000000000e+00,0.000000000000000000e+00,0.000000000000000000e+00,-9.314633288438622927e-04,3.203805627316489227e-03,2.408469530002094183e-04
0.000000000000000000e+00,0.000000000000000000e+00,0.000000000000000000e+00,-9.187139577190306383e-04,3.203742653088405279e-03,2.333134520112606358e-04
-3.587734476925851217e-03,6.008739193597391944e-06,-3.195792746177387924e-03,-9.104215403429944320e-04,3.301914216312218115e-03,2.314960620033111030e-04
-3.586544584539764786e-03,6.701219074403674566e-06,-3.197178131078046593e-03,-9.882108166520944727e-04,3.202099988300794418e-03,2.661480530529212823e-04
-3.585353537666062171e-03,6.989404277108126828e-06,-3.198561329159278332e-03,-9.749456448990168490e-04,3.202066553785922007e-03,2.583626112639220650e-04
0.000000000000000000e+00,0.000000000000000000e+00,0.000000000000000000e+00,-1.047598528266302509e-03,3.204338786390956845e-03,2.865361078394218497e-04
-3.582859505992830405e-03,-3.546042041670702488e-05,-3.201224222281894190e-03,-1.038633187215740701e-03,3.302218405465429888e-03,2.839259541761381968e-04
-3.581665018160793551e-03,-3.631604698786236802e-05,-3.202600772266676714e-03,-1.024841195646423184e-03,3.302183140509993165e-03,2.755705672991239021e-04
-3.580469392880977937e-03,-3.757580695688611050e-05,-3.203975128177662026e-03,-1.101762189807729050e-03,3.302367027532668049e-03,3.087209888295563889e-04
-3.579247814034035302e-03,6.228037737683273856e-06,-3.205325060816180405e-03,-9.968790691011388677e-04,3.202109760268940109e-03,2.585185141846817647e-04
0.000000000000000000e+00,0.000000000000000000e+00,0.000000000000000000e+00,-1.068347327963126148e-03,3.204522269917688907e-03,2.855574853484199593e-04
0.000000000000000000e+00,0.000000000000000000e+00,0.000000000000000000e+00,-9.626200105752324987e-04,3.304005545987096296e-03,2.346350864679963566e-04
0.000000000000000000e+00,0.000000000000000000e+00,0.000000000000000000e+00,-9.475521466204561705e-04,3.304024644195993014e-03,2.254458415257148962e-04
0.000000000000000000e+00,0.000000000000000000e+00,0.000000000000000000e+00,-1.023683364150596020e-03,3.304375458250394249e-03,2.570897356485996044e-04
-3.709921098909115846e-03,-3.786622972263890775e-06,-3.382494471390716170e-03,-1.013678817601178879e-03,3.402226435384139280e-03,2.534423511789806881e-04
-3.708665027427632092e-03,-7.773694969245876368e-06,-3.383919996895369629e-03,-1.089518039906989212e-03,3.402413810674998883e-03,2.848732329880350011e-04
-3.661830551942205948e-03,-1.216470742062831802e-05,-3.405904891200950239e-03,-9.829578796356863539e-04,3.402155595109803039e-03,2.336776889289569924e-04
-3.610555497698350515e-03,-1.695963110651293370e-05,-3.407291389866968796e-03,-9.264080028861711039e-04,3.302211564196121888e-03,3.151982546053138691e-04
-3.588732588191499272e-03,-4.265067898535855167e-05,-3.313015329946144508e-03,-1.001992126023923011e-03,3.302342393723397412e-03,3.459162859049278653e-04
0.000000000000000000e+00,0.000000000000000000e+00,0.000000000000000000e+00,-9.806786295554204003e-04,3.304521102067849332e-03,3.294989332742609411e-04
0.000000000000000000e+00,0.000000000000000000e+00,0.000000000000000000e+00,-9.638484166364369443e-04,3.404533703130632229e-03,3.186068017086152171e-04
0.000000000000000000e+00,0.000000000000000000e+00,0.000000000000000000e+00,-1.038800589269084362e-03,3.404890653522209699e-03,3.482432574422739124e-04
0.000000000000000000e+00,0.000000000000000000e+00,0.000000000000000000e+00,-1.021934306448035734e-03,3.404904582030748080e-03,3.372027404867361522e-04
0.000000000000000000e+00,0.000000000000000000e+00,0.000000000000000000e+00,-1.096578725880981153e-03,3.405276532212259122e-03,3.666352485158091978e-04
-3.787717796273235623e-03,-1.099966510248085949e-05,-3.587896408174252785e-03,-9.938673013409615731e-04,3.502437701542497877e-03,3.205423488418637562e-04
-3.736381639402410349e-03,-1.892496945368566397e-05,-3.589329849417571047e-03,-9.767418089705142119e-04,3.502393997993512396e-03,3.092645677408323865e-04
-3.714827576845923431e-03,-2.725403017543341083e-05,-3.495029528655838481e-03,-1.051056781295793118e-03,3.502524931304849126e-03,3.379538610291930346e-04
-3.713523690189053737e-03,-3.598682637974598869e-05,-3.496442623339140500e-03,-1.033731816253210178e-03,3.402472575645284179e-03,3.261946114702843195e-04
-3.712193775613974005e-03,6.382060445146539281e-07,-3.497829839200091839e-03,-1.107567726789211336e-03,3.402655763387514316e-03,3.543516740385042473e-04
-3.665086688763155576e-03,3.688955366071512622e-05,-3.519328233096473933e-03,-1.089731500940194740e-03,3.402611967913235936e-03,3.420166752118455823e-04
-3.613764190152495524e-03,2.697621379295614795e-05,-3.520699854260214614e-03,-1.071647819742578295e-03,3.402566451336435770e-03,3.297563602788522214e-04
-3.592396010433889734e-03,1.665913329399472230e-05,-3.476262531194893989e-03,-1.144890967742904445e-03,3.402658346787540769e-03,3.571298318722834352e-04
-3.591105939021040430e-03,5.938328742627183680e-06,-3.477614250074667970e-03,-1.126424160046339247e-03,3.402605229650482177e-03,3.442112830711035326e-04
-3.589814843592708041e-03,-5.186184157154213803e-06,-3.478963618998211042e-03,-1.199420200631910694e-03,3.402780261438048074e-03,3.710767259527487298e-04
-3.588522728710430345e-03,-1.671439058404049596e-05,-3.430310056734791127e-03,-1.180821791870013873e-03,3.402754691103135245e-03,3.577548553581682503e-04
-3.587229598940925007e-03,-2.864627660549743472e-05,-3.431654658284315641e-03,-1.161759068500839605e-03,3.402699074542360046e-03,3.442660464260108495e-04
-3.516061776851496772e-03,-4.098182918299662377e-05,-3.387115175801935080e-03,-1.234338256574400369e-03,3.302784797628290688e-03,3.707479330052264018e-04
-3.514754449645358849e-03,3.807175713579712101e-05,-3.388395362537231781e-03,-1.214915086681116500e-03,3.302729036036950675e-03,3.569267563846565457e-04
-3.513492710157314035e-03,2.495881449086392834e-05,-3.389718118238157444e-03,-1.195248457597456989e-03,3.302672783051891544e-03,3.428664517295233554e-04
-3.512229980260442221e-03,1.144215869331516517e-05,-3.391038567143934545e-03,-1.175369012150919053e-03,3.302615845772610432e-03,3.286392318483331572e-04
-3.510966264449849519e-03,-2.478200867281835090e-06,-3.392356707770068265e-03,-1.155275898219918895e-03,3.302558222760080056e-03,3.142450994097840586e-04
-3.413746150393686275e-03,-1.680225572685458145e-05,-3.413373562836203787e-03,-1.135000837779223323e-03,3.302519337774587668e-03,2.998555638347681217e-04
-3.392799086993026226e-03,-3.152999834933708134e-05,-3.368682799001856878e-03,-1.114401646835722678e-03,3.302374258443914121e-03,2.850949308981202035e-04
-3.391552123681845950e-03,-4.666142213560808464e-05,-3.319944882785673141e-03,-1.093909744956968405e-03,3.302343154980516820e-03,2.702001513489162097e-04
0.000000000000000000e+00,0.000000000000000000e+00,0.000000000000000000e+00,-9.362932094110210102e-04,3.304225929438507538e-03,3.023148407018672046e-04
0.000000000000000000e+00,0.000000000000000000e+00,0.000000000000000000e+00,-1.006858845497893284e-03,3.304545739422722148e-03,3.264077007473775716e-04
0.000000000000000000e+00,0.000000000000000000e+00,0.000000000000000000e+00,-9.855354880082822788e-04,3.304528558586121087e-03,3.110343739970711230e-04
0.000000000000000000e+00,0.000000000000000000e+00,0.000000000000000000e+00,-9.636622638434788612e-04,3.304403119248873824e-03,2.951643172125067993e-04
-3.474286745547881285e-03,2.662562735100525191e-06,-3.518398931031230248e-03,-1.039547970045542630e-03,3.402457814781930517e-03,3.239497951564557329e-04
-3.472965748336467179e-03,-1.493097399213591613e-05,-3.519676398270230825e-03,-1.017768323058625265e-03,3.302391855531566171e-03,3.081897612128807603e-04
-3.402250632884797846e-03,-3.292825650302757238e-05,-3.474864667588258797e-03,-1.087686062024972432e-03,3.302478648886116031e-03,3.310839857821452860e-04
-3.400940286703585651e-03,-5.228106723392545460e-06,-3.476100645284661405e-03,-1.065335661621095303e-03,3.302413942782382247e-03,3.147204467919120026e-04
0.000000000000000000e+00,0.000000000000000000e+00,0.000000000000000000e+00,-1.037331538438768241e-03,3.304655413532295739e-03,2.926950926516735940e-04
0.000000000000000000e+00,0.000000000000000000e+00,0.000000000000000000e+00,-1.106444023033947843e-03,3.304971750511157859e-03,3.145931465094037316e-04
0.000000000000000000e+00,0.000000000000000000e+00,0.000000000000000000e+00,-1.083080530417390719e-03,3.404949652884669935e-03,2.973346848030161693e-04
0.000000000000000000e+00,0.000000000000000000e+00,0.000000000000000000e+00,-1.151820177275775237e-03,3.405270433086242821e-03,3.183497454055800313e-04
-3.482943537458888222e-03,-1.867311120066876551e-05,-3.624789533110467452e-03,-1.134432015444608154e-03,3.402670840088746398e-03,3.069824367315028731e-04
-3.462428378285964219e-03,-3.953746834275919162e-05,-3.579875067791628371e-03,-1.203058387235158124e-03,3.402740998253905771e-03,3.277737807183727162e-04
0.000000000000000000e+00,0.000000000000000000e+00,0.000000000000000000e+00,-1.173123601198033938e-03,3.405304284942231325e-03,3.045941909267657621e-04
0.000000000000000000e+00,0.000000000000000000e+00,0.000000000000000000e+00,-1.149030487260116473e-03,3.405278114096646925e-03,2.863614873630515589e-04
0.000000000000000000e+00,0.000000000000000000e+00,0.000000000000000000e+00,-1.216826114574631745e-03,3.405598875409093871e-03,3.064024986947910811e-04
-3.495149645847422330e-03,-1.553203693431462197e-05,-3.727380937602158863e-03,-1.160305669203884078e-03,3.502928598313484465e-03,3.863811700290975038e-04
-3.493802971303955080e-03,-1.944090857538988159e-05,-3.728712552599473470e-03,-1.228314546583307576e-03,3.403091294730316990e-03,4.060948400797980621e-04
-3.473431801346270071e-03,3.501453864404015861e-06,-3.683689618081680862e-03,-1.203360957005643675e-03,3.402917794295705258e-03,3.873788494265239277e-04
0.000000000000000000e+00,0.000000000000000000e+00,0.000000000000000000e+00,-1.171964504085742931e-03,3.405637349027394213e-03,3.627585717982384494e-04
0.000000000000000000e+00,0.000000000000000000e+00,0.000000000000000000e+00,-1.239204214790401437e-03,3.406081572712805171e-03,3.815165119374075431e-04
-3.488202618356479878e-03,-3.710621234372101831e-06,-3.783795072953027687e-03,-1.219419985410953155e-03,3.502987025296205176e-03,3.680436762737199934e-04
-3.486851940418630568e-03,-9.851805326326861019e-06,-3.785115090011747542e-03,-1.286270346308258710e-03,3.503145577830283231e-03,3.862740890287424760e-04
-3.485446614071072320e-03,-3.524264831320027643e-05,-3.736373842825864953e-03,-1.260703753018689024e-03,3.403094117105365940e-03,3.668237717428951290e-04
0.000000000000000000e+00,0.000000000000000000e+00,0.000000000000000000e+00,-1.320823732379960980e-03,3.406249931616432084e-03,3.788824901823778513e-04
0.000000000000000000e+00,0.000000000000000000e+00,0.000000000000000000e+00,-1.293645474394367056e-03,3.506221075696693609e-03,3.582867464096972654e-04
-3.481290198723765040e-03,1.627151077783539260e-05,-3.790206455917725405e-03,-1.180698476082374252e-03,3.502816281818120665e-03,3.068331089226396875e-04
-3.479881813424313790e-03,-1.077815340310744787e-05,-3.791455669109548583e-03,-1.246518949095459620e-03,3.502971300990244136e-03,3.238227047119733777e-04
0.000000000000000000e+00,0.000000000000000000e+00,0.000000000000000000e+00,-1.213075452226375361e-03,3.405710666928052008e-03,2.978674003473180676e-04
-3.495689265550622465e-03,-4.751883824163403796e-05,-3.840428211015982796e-03,-1.247570065157828064e-03,3.503228480098763854e-03,4.126178306380200059e-04
-3.425716479275719897e-03,3.559497865305875707e-05,-3.795258830860194152e-03,-1.219949615707812329e-03,3.503051563659329796e-03,3.920194569130055475e-04
0.000000000000000000e+00,0.000000000000000000e+00,0.000000000000000000e+00,-1.278760826528002603e-03,3.406326575198590032e-03,4.023081906834452548e-04
0.000000000000000000e+00,0.000000000000000000e+00,0.000000000000000000e+00,-1.250003765262963640e-03,3.506280748186286003e-03,3.806535405519312354e-04
-3.490024678874687359e-03,-1.487512934550484448e-05,-3.895565200500712092e-03,-1.228425327281825342e-03,3.503084468734383831e-03,3.649601695452374980e-04
-3.438576526226115680e-03,-4.486747968608688152e-05,-3.896809832812615088e-03,-1.292883023403437054e-03,3.503246515211720733e-03,3.803959058465436146e-04
0.000000000000000000e+00,0.000000000000000000e+00,0.000000000000000000e+00,-1.257336033766098815e-03,3.506086360147301142e-03,3.525923821478815778e-04
-3.435744111032864451e-03,2.363691831341533631e-05,-3.899364654181565904e-03,-1.328089260813962837e-03,3.503305803095465958e-03,3.732342436765652654e-04
-3.369463227284359794e-03,-7.612141014295998470e-06,-3.872371698059526302e-03,-1.298830746606334649e-03,3.503121114744486581e-03,3.508559443699324205e-04
0.000000000000000000e+00,0.000000000000000000e+00,0.000000000000000000e+00,-1.356408515986062824e-03,3.406505514737534056e-03,3.593685152218084600e-04
-3.384921426390406426e-03,1.169726052219442069e-05,-3.921398542721884345e-03,-1.332752859784212558e-03,3.503278563253239483e-03,3.422878128696238637e-04
0.000000000000000000e+00,0.000000000000000000e+00,0.000000000000000000e+00,-1.296339041348737453e-03,3.406128731304156575e-03,3.139906779953266502e-04
0.000000000000000000e+00,0.000000000000000000e+00,0.000000000000000000e+00,-1.322605647813834828e-03,3.506728210914179106e-03,4.201363355446491310e-04
-3.380610727459783856e-03,-4.218750493422174816e-06,-3.975075904704371103e-03,-1.298746601116918756e-03,3.503285941214353064e-03,4.028545827791740557e-04
-3.379144374909374537e-03,-3.800951848681371955e-05,-3.926263001168057119e-03,-1.361632915930380142e-03,3.503465090854633156e-03,4.156828578884382485e-04
0.000000000000000000e+00,0.000000000000000000e+00,0.000000000000000000e+00,-1.323950793247652413e-03,3.506625702041651135e-03,3.861167718706010055e-04
-3.376274156722564902e-03,2.252358241752755062e-05,-3.978706128215845315e-03,-1.392637918098298946e-03,3.503477720226281459e-03,4.044453350323332780e-04
0.000000000000000000e+00,0.000000000000000000e+00,0.000000000000000000e+00,-1.354707538191113336e-03,3.506712773662581419e-03,3.748740559660485028e-04
-3.373442140931361133e-03,-1.205865455526537357e-05,-3.981186937834211605e-03,-1.422954406404581791e-03,3.503520786979976397e-03,3.921972361474285423e-04
-3.321952404126980556e-03,-1.312220053261790475e-06,-3.982337820583197602e-03,-1.391184517638728059e-03,3.503427813402267780e-03,3.680329415119715925e-04
0.000000000000000000e+00,0.000000000000000000e+00,0.000000000000000000e+00,-1.352504579300584098e-03,3.506586436121999963e-03,3.377690502993635491e-04
-3.319096390468654050e-03,8.058488869041251535e-06,-3.984779854514451311e-03,-1.420091989500166111e-03,3.503465696273543040e-03,3.545705145863772682e-04
0.000000000000000000e+00,0.000000000000000000e+00,0.000000000000000000e+00,-1.344913303042760688e-03,3.506827545369345725e-03,4.172073082372718122e-04
-3.334050629053273308e-03,-3.114271114267288040e-05,-4.033963705908141621e-03,-1.412552837010150938e-03,3.503698174536803815e-03,4.335485940910193976e-04
0.000000000000000000e+00,0.000000000000000000e+00,0.000000000000000000e+00,-1.372529587927551198e-03,3.506892226774122219e-03,4.024788150858021885e-04
-3.331050985620540809e-03,3.541965007500754382e-06,-4.086325066165294624e-03,-1.439469336803476246e-03,3.503696017143629986e-03,4.182506845168563938e-04
-3.311904738426010505e-03,-1.765833053873217063e-05,-3.990791195814529131e-03,-1.406179426244051362e-03,3.503510338953109114e-03,3.924955973611830092e-04
0.000000000000000000e+00,0.000000000000000000e+00,0.000000000000000000e+00,-1.365451357694835721e-03,3.506746017159441224e-03,3.607667365311956198e-04
-3.326645311510831489e-03,3.210086874327667845e-05,-4.089966446340550024e-03,-1.431728541937374050e-03,3.503613427242926407e-03,3.759041096018921079e-04
0.000000000000000000e+00,0.000000000000000000e+00,0.000000000000000000e+00,-1.390662579750068240e-03,3.506796800014983038e-03,3.437847918733583086e-04
-3.276914620592835063e-03,-1.356944695147245698e-05,-4.109969860395497679e-03,-1.421383324169959560e-03,3.503729535417814817e-03,4.518225678349231775e-04
-3.275392999783105497e-03,-5.463868380056579314e-05,-4.111091676204359745e-03,-1.386697007558531378e-03,3.503616210894440128e-03,4.251719721417731267e-04
-3.206445564853228902e-03,3.254594848896921077e-05,-4.065449336001594229e-03,-1.445438189132783715e-03,3.403647400745946506e-03,4.337920954727626267e-04
0.000000000000000000e+00,0.000000000000000000e+00,0.000000000000000000e+00,-1.403656608160108732e-03,3.407038943958576056e-03,4.012802171064616674e-04
-3.220990905364335983e-03,-1.687142206013990774e-05,-4.114650668406373731e-03,-1.468237799869247934e-03,3.503781538631041328e-03,4.142339609037529592e-04
0.000000000000000000e+00,0.000000000000000000e+00,0.000000000000000000e+00,-1.425743658417411019e-03,3.407070256385759301e-03,3.814259566186639638e-04
-3.218008063444719596e-03,2.559598935681720315e-05,-4.116952125593847066e-03,-1.396427648178069593e-03,3.503546139610285749e-03,3.592564128828453353e-04
0.000000000000000000e+00,0.000000000000000000e+00,0.000000000000000000e+00,-1.447170115028373338e-03,3.407095030009292102e-03,3.607963018343596229e-04
-3.215060728923017051e-03,-2.757147162161075022e-05,-4.119291121815775100e-03,-1.417325858164993589e-03,3.503558747832018899e-03,3.381191822046776757e-04
0.000000000000000000e+00,0.000000000000000000e+00,0.000000000000000000e+00,-1.433107811180445168e-03,3.407273240498742608e-03,4.331047207098703833e-04
-3.212074656534025588e-03,1.124365480683198391e-05,-4.121572546933054831e-03,-1.402819210324299020e-03,3.503648090550984511e-03,4.100202670425395378e-04
0.000000000000000000e+00,0.000000000000000000e+00,0.000000000000000000e+00,-1.452675482461418532e-03,3.407437071374615559e-03,4.105296881404124631e-04
-3.209105465269558415e-03,1.289236996081662689e-06,-4.173867876625150450e-03,-1.421608254197049464e-03,3.503619236599175932e-03,3.870569051463858376e-04
0.000000000000000000e+00,0.000000000000000000e+00,0.000000000000000000e+00,-1.471245002160892490e-03,3.407443039334665316e-03,3.871853650094098098e-04
-3.206134668095991531e-03,-1.051863755454825820e-05,-4.176152707136921750e-03,-1.439634837455263088e-03,3.503621194987446494e-03,3.633217672388106782e-04
-3.157704670327153053e-03,-2.356744879948955240e-05,-4.194421101018891429e-03,-1.401429602883521794e-03,3.403507471161336135e-03,3.340771841226854752e-04
0.000000000000000000e+00,0.000000000000000000e+00,0.000000000000000000e+00,-1.450095589643485283e-03,3.407057407867145667e-03,3.336962167604720642e-04
-3.104688997090310904e-03,8.790628447844156125e-06,-4.196599927542675121e-03,-1.383950881043200312e-03,3.403588966484434510e-03,4.033035886322993541e-04
0.000000000000000000e+00,0.000000000000000000e+00,0.000000000000000000e+00,-1.432170653065889532e-03,3.407198522975426157e-03,4.020500435692048180e-04
-3.101673175850512207e-03,3.934034439910261285e-05,-4.198768812286621938e-03,-1.399543827968832872e-03,3.403583952557090453e-03,3.773580465718621448e-04
-3.100182298496236347e-03,6.874070764886533696e-06,-4.199873163633712284e-03,-1.453924874071608163e-03,3.403705474586460767e-03,3.808804641591791358e-04
-3.081839739250431115e-03,-2.606867878574200550e-05,-4.103900038975209080e-03,-1.414244153412261892e-03,3.403500807761021974e-03,3.503878054325315606e-04
-3.030412073465636909e-03,4.416761188321762439e-06,-4.105028714066288886e-03,-1.468154018101192363e-03,3.403626366583381579e-03,3.536067998702010682e-04
0.000000000000000000e+00,0.000000000000000000e+00,0.000000000000000000e+00,-1.421173260563346474e-03,3.306902175429737595e-03,3.180083087992655044e-04
-3.027477853937123910e-03,-1.678435080026266239e-05,-4.107172883337866474e-03,-1.447640276861227992e-03,3.403688708502532016e-03,4.195626581752286794e-04
-3.026049397312285342e-03,1.219690145225382765e-05,-4.108294332940414136e-03,-1.406833232170924108e-03,3.303556683565455569e-03,3.884468312746337370e-04
0.000000000000000000e+00,0.000000000000000000e+00,0.000000000000000000e+00,-1.358868135370228103e-03,3.306767930368019123e-03,3.521849717861638696e-04
-3.023113432265819942e-03,-1.184972656382523893e-05,-4.110423728637623529e-03,-1.418345104789214741e-03,3.303537737533047709e-03,3.589284448110423320e-04
-2.974478808652034241e-03,-9.920165481670618797e-07,-4.128090993503553789e-03,-1.376517743986845066e-03,3.303415240239462956e-03,3.270365926328977295e-04
0.000000000000000000e+00,0.000000000000000000e+00,0.000000000000000000e+00,-1.422011704385606201e-03,3.306804868261025137e-03,3.238090510574651026e-04
-2.971564891036153604e-03,-1.126887110019531436e-05,-4.130203738552270382e-03,-1.386402278406775618e-03,3.303393550422123633e-03,2.962194788999553542e-04
-2.920075898963381874e-03,-1.818314332438069690e-06,-4.131212588366008250e-03,-1.405040642204590916e-03,3.303582090864986328e-03,3.915238728611432936e-04
0.000000000000000000e+00,0.000000000000000000e+00,0.000000000000000000e+00,-1.355429460848767143e-03,3.306628394021872679e-03,3.542940719179904496e-04
-2.917160274385168471e-03,-1.504592619757802488e-05,-4.133310719425319947e-03,-1.413467499556227179e-03,3.303554533189929487e-03,3.593222124392855907e-04
-2.899253248511023031e-03,-7.004043381197673679e-06,-4.087084523817767316e-03,-1.369911500646252668e-03,3.303310401437463406e-03,3.263420885192023038e-04
0.000000000000000000e+00,0.000000000000000000e+00,0.000000000000000000e+00,-1.413986808046829857e-03,3.306776974993529041e-03,3.213636608710851439e-04
-2.912754347498043399e-03,-2.318511156035951779e-05,-4.136395787292988790e-03,-1.376753342980179288e-03,3.303383815420733987e-03,2.928752201532777190e-04
-2.894976360845786471e-03,4.702746711136267385e-05,-4.090170062489664228e-03,-1.299704413274250375e-03,3.303211111251157499e-03,3.539803816555155093e-04
0.000000000000000000e+00,0.000000000000000000e+00,0.000000000000000000e+00,-1.343439059315665318e-03,3.206580889892698266e-03,3.487815456197224107e-04
-2.794809303863293563e-03,-3.569072595905692586e-05,-4.108425657990039809e-03,-1.305147527547663748e-03,3.203189457416033819e-03,3.194425301707929776e-04
-2.793370918479782996e-03,3.304439818036672768e-05,-4.109410907852480664e-03,-1.354595335494569079e-03,3.203290615232095434e-03,3.179679257724038867e-04
-2.791918587964492202e-03,-9.521996401781942303e-06,-4.110373457137139405e-03,-1.309143568021561886e-03,3.203150854430483491e-03,2.837520985437178532e-04
0.000000000000000000e+00,0.000000000000000000e+00,0.000000000000000000e+00,-1.351899498557629364e-03,3.206283700289315995e-03,2.771889071058880605e-04
-2.789027452278430332e-03,1.468863429637706536e-05,-4.112311869718702877e-03,-1.279918047058310705e-03,3.203172991595352060e-03,3.418351677180645571e-04
-2.721531551236662776e-03,-1.323953199681178162e-05,-4.015989133944622945e-03,-1.328495596836548566e-03,3.203208196460582535e-03,3.394884281669183559e-04
0.000000000000000000e+00,0.000000000000000000e+00,0.000000000000000000e+00,-1.275927311698565880e-03,3.106043469836583873e-03,3.005370084868258518e-04
0.000000000000000000e+00,0.000000000000000000e+00,0.000000000000000000e+00,-1.323215131689203794e-03,3.206230088475259254e-03,2.971750380102167188e-04
-2.733273435455520206e-03,-3.752126564647729069e-05,-4.116204405707086893e-03,-1.282667664150713730e-03,3.203085215151625729e-03,2.662235225949148272e-04
-2.715880314792481522e-03,2.722923302983977850e-05,-4.069784551322966348e-03,-1.330151057568866027e-03,3.103077127527887214e-03,2.628138674914701840e-04
-2.667104818821555267e-03,-3.317529095833009663e-06,-4.036701634084715468e-03,-1.250835929424217114e-03,3.103037445354512279e-03,3.218099694468283642e-04
0.000000000000000000e+00,0.000000000000000000e+00,0.000000000000000000e+00,-1.196737259200664205e-03,3.105566999651609029e-03,2.820950398461780084e-04
0.000000000000000000e+00,0.000000000000000000e+00,0.000000000000000000e+00,-1.243297929737541274e-03,3.105870966505160785e-03,2.778971846170708027e-04
-2.662825414075373556e-03,-3.501785181338416521e-05,-4.089407529571931210e-03,-1.200763092971123078e-03,3.102809693257829824e-03,2.454872191911060372e-04
-2.611407829936944307e-03,2.722177955745706517e-05,-4.040318547755886863e-03,-1.247022063091607650e-03,3.102934337741322223e-03,2.409693183244951300e-04
-2.594220637737626109e-03,-2.170349303768466591e-05,-3.993753657435941684e-03,-1.197775299082763645e-03,3.102695381289881111e-03,2.043186408081304538e-04
0.000000000000000000e+00,0.000000000000000000e+00,0.000000000000000000e+00,-1.205712843034278947e-03,3.105629762039975768e-03,2.899845860249161689e-04
0.000000000000000000e+00,0.000000000000000000e+00,0.000000000000000000e+00,-1.156005384490454979e-03,3.105337413281209283e-03,2.529874532440079538e-04
-2.605738779505954814e-03,-4.507994407795813641e-05,-4.043941097397572328e-03,-1.207225999261348501e-03,3.102870358465125832e-03,2.512206565745794514e-04
-2.588697050860176360e-03,1.464312179510077744e-05,-3.997345044320004502e-03,-1.156859443969597730e-03,3.102630469179290355e-03,2.139049294909658885e-04
-2.537339057640294882e-03,-2.115237934527177481e-05,-3.998273918124861832e-03,-1.201437335506670701e-03,3.002716115007159504e-03,2.079317268587618848e-04
0.000000000000000000e+00,0.000000000000000000e+00,0.000000000000000000e+00,-1.113405684468493639e-03,3.005085719462985503e-03,2.614941288510419515e-04
0.000000000000000000e+00,0.000000000000000000e+00,0.000000000000000000e+00,-1.157402376170901803e-03,3.005362398821184548e-03,2.546560814826390184e-04
0.000000000000000000e+00,0.000000000000000000e+00,0.000000000000000000e+00,-1.105938492919844585e-03,3.005062108907571080e-03,2.166604524506260399e-04
0.000000000000000000e+00,0.000000000000000000e+00,0.000000000000000000e+00,-1.148943730668205987e-03,3.005337312927894820e-03,2.093148971516259338e-04
-2.498271466690284333e-03,-1.395665046255644581e-06,-4.115642325630814932e-03,-1.102843584201307174e-03,3.102552220024764641e-03,1.744572724549364197e-04
-2.496857136058270015e-03,7.212273819198316213e-06,-4.116515252952366796e-03,-1.050634637121501550e-03,3.002395497132354964e-03,1.360440656091158106e-04
-2.480093247594614136e-03,-3.228903949551320556e-05,-4.069824797048026202e-03,-1.062263911571830963e-03,3.002447563304202430e-03,2.231275872723583408e-04
-2.428698437807451285e-03,2.284660484019050672e-05,-4.020661080281525378e-03,-1.009538457319694845e-03,3.002323517655538111e-03,1.844318643383781699e-04
-2.427290724623390721e-03,-3.302740920336980481e-05,-4.021473152718408467e-03,-1.051442889040180755e-03,3.002399174950303156e-03,1.758855302748794274e-04
0.000000000000000000e+00,0.000000000000000000e+00,0.000000000000000000e+00,-9.923256482228248743e-04,2.904304029481282346e-03,1.331931048789009031e-04
0.000000000000000000e+00,0.000000000000000000e+00,0.000000000000000000e+00,-1.033248258939911679e-03,3.004550387736426229e-03,1.238883623843958781e-04
0.000000000000000000e+00,0.000000000000000000e+00,0.000000000000000000e+00,-9.483353548567219349e-04,3.004345205887087172e-03,1.795118685814431347e-04
0.000000000000000000e+00,0.000000000000000000e+00,0.000000000000000000e+00,-9.891352478481607591e-04,3.004488355554836045e-03,1.699630817192029908e-04
0.000000000000000000e+00,0.000000000000000000e+00,0.000000000000000000e+00,-9.343519345795803233e-04,3.004264208670170966e-03,1.299601576048442508e-04
-2.386400346003163947e-03,-1.693084888782775337e-05,-4.189261248237011355e-03,-9.805460285289859228e-04,3.002235639563344358e-03,1.235004001114676597e-04
0.000000000000000000e+00,0.000000000000000000e+00,0.000000000000000000e+00,-9.191380527142634094e-04,3.004098996080182063e-03,7.952943727940892105e-05
-2.383552792590832095e-03,-1.069664464289740785e-05,-4.190894808092879634e-03,-9.346644822214841873e-04,3.002194014561126740e-03,1.679295894497659727e-04
-2.382117355703186525e-03,3.932243809675054142e-05,-4.141687146024198608e-03,-8.788983005297138808e-04,3.002051291075974460e-03,1.271711720709870223e-04
-2.315734638456763868e-03,-6.580394997551510020e-06,-4.094812398124512282e-03,-9.180999572572258721e-04,2.902054428790783094e-03,1.164698420981398350e-04
-2.314332375370602331e-03,4.239955345173615335e-05,-4.095590650787408853e-03,-8.614660294506791679e-04,2.901891274813187590e-03,7.533814292193741701e-05
-2.298047459790157447e-03,-4.583893409135658658e-06,-3.998679913269511006e-03,-8.702657009871709280e-04,2.901962636652690754e-03,1.592479067768669742e-04
-2.296678147956387941e-03,4.335587969911636831e-05,-3.999444135413613051e-03,-8.130476841248400130e-04,2.901801358588310814e-03,1.177642247445377514e-04
-2.245331145798220435e-03,-4.708948525267810304e-06,-4.000245869955391075e-03,-7.556763665519492142e-04,2.801640034384752197e-03,7.640957660096783853e-05
-2.181396778577897842e-03,4.218960064563531936e-05,-3.968057153896881878e-03,-7.932526834134116236e-04,2.801655739199203268e-03,6.414676126648746193e-05
-2.180072467782932094e-03,-6.957384320119415930e-06,-3.918811208188352317e-03,-7.352375379512074731e-04,2.801515630411042460e-03,2.209784860915559067e-05
-2.163983220990783364e-03,3.889888470981259076e-05,-3.871747704670673845e-03,-7.426913294971811347e-04,2.801563509384806007e-03,1.049513817047327411e-04
-2.112690879218256761e-03,-1.133104022756677509e-05,-3.872487710469072440e-03,-6.840729032104046672e-04,2.701408083626339555e-03,6.286759406185680142e-05
-2.111378473580515641e-03,3.348188478478565975e-05,-3.823187240547557160e-03,-7.207290148926201543e-04,2.701481659014146573e-03,4.971140229664662374e-05
-2.095440285809419597e-03,-1.783177127718113544e-05,-3.776115483143800602e-03,-6.611884798572267071e-04,2.701273534142542825e-03,6.925779274853990293e-06
-2.044160342558139568e-03,2.593673810252097750e-05,-3.776802075370505954e-03,-6.972122878062775135e-04,2.601325526709501786e-03,-6.429950344330216356e-06
-1.980492122378215997e-03,-2.646144822875169818e-05,-3.694277764205779972e-03,-6.080623002997128648e-04,2.601194923282192269e-03,4.600585916756397492e-05
-1.979236147447085460e-03,1.626156610164311743e-05,-3.694918777650383051e-03,-6.433322587677807892e-04,2.601246664215528265e-03,3.187157733358289818e-05
-1.977999610549476244e-03,-3.722195770686066940e-05,-3.645593126781801561e-03,-5.827858925278095242e-04,2.601107341792233477e-03,-1.160804375283457475e-05
-1.912258784007448385e-03,4.454474293004535126e-06,-3.598374500118889114e-03,-6.175452293233589648e-04,2.501112576952336380e-03,-2.597013560155007637e-05
-1.911045466231331208e-03,-2.249137955220287781e-06,-3.599018032281420861e-03,-5.272428690872491388e-04,2.501000976556187229e-03,2.590164563752176611e-05
-1.895411751522205852e-03,-9.486447873868890469e-06,-3.501784039892794336e-03,-5.614286467359788906e-04,2.501020607510744467e-03,1.078681654661310224e-05
0.000000000000000000e+00,0.000000000000000000e+00,0.000000000000000000e+00,-4.950428878168766644e-04,2.501707127148909172e-03,-3.574163189658252637e-05
-1.893050742439158400e-03,-2.556312714497466587e-05,-3.503042616869527729e-03,-5.328428754988252976e-04,2.500915298618101856e-03,-4.900960331003752560e-05
0.000000000000000000e+00,0.000000000000000000e+00,0.000000000000000000e+00,-4.661286566627342864e-04,2.401492577283466118e-03,-9.547645926108461190e-05
0.000000000000000000e+00,0.000000000000000000e+00,0.000000000000000000e+00,-4.703233115135319053e-04,2.401672894865402794e-03,-1.578141104116581594e-05
0.000000000000000000e+00,0.000000000000000000e+00,0.000000000000000000e+00,-4.070209283695280789e-04,2.401369437169917440e-03,-6.065037046387722341e-05
0.000000000000000000e+00,0.000000000000000000e+00,0.000000000000000000e+00,-3.431282555025338965e-04,2.401064530006398641e-03,-1.057068596693189200e-04
-1.803426709075550997e-03,-1.297415234394065956e-05,-3.618334571633502646e-03,-3.793033054804634046e-04,2.400610417255393068e-03,-1.203241833335854229e-04
-1.788063011337359979e-03,3.760326539794298757e-05,-3.571017399059103151e-03,-2.865828703917916963e-04,2.400467457267993748e-03,-6.981697510738762730e-05
-1.786883597703160147e-03,-2.245595811323138633e-05,-3.521617007408365911e-03,-3.180446349469022048e-04,2.400515128474141682e-03,-8.709269315057587609e-05
-1.721587781890461348e-03,1.287237861862509246e-05,-3.474211052690755457e-03,-2.530247352767896717e-04,2.400340047108825460e-03,-1.326696544710548515e-04
-1.720432745530837623e-03,-2.976277094617596934e-07,-3.474781681383383013e-03,-2.838471080717059843e-04,2.300376672890265452e-03,-1.503577603720061330e-04
0.000000000000000000e+00,0.000000000000000000e+00,0.000000000000000000e+00,-1.863336951817284870e-04,2.300498651252201252e-03,-1.024537946941322941e-04
0.000000000000000000e+00,0.000000000000000000e+00,0.000000000000000000e+00,-2.163829258554628154e-04,2.300571150419331891e-03,-1.206761435754433176e-04
0.000000000000000000e+00,0.000000000000000000e+00,0.000000000000000000e+00,-1.498443510326019634e-04,2.300262216835532135e-03,-1.671343020039142702e-04
0.000000000000000000e+00,0.000000000000000000e+00,0.000000000000000000e+00,-1.792216826461690005e-04,2.300354540985047672e-03,-1.858492071789771827e-04
-1.666674046098803310e-03,4.966517369493723071e-05,-3.491595224127115853e-03,-8.843217006385626353e-05,2.300068932192053314e-03,-1.346689933585395007e-04
-1.665519563136781634e-03,-1.481130474415216886e-05,-3.492139501295345085e-03,-1.172073299403045472e-04,2.300103965530602909e-03,-1.538564606438559440e-04
0.000000000000000000e+00,0.000000000000000000e+00,0.000000000000000000e+00,-4.579372811841508906e-05,2.299863076625598309e-03,-2.026911718775586957e-04
-1.613196221077690994e-03,-4.932509779550194105e-05,-3.493190401388698938e-03,-7.768438239704649265e-05,2.299977115211213324e-03,-2.205086258501352630e-04
0.000000000000000000e+00,0.000000000000000000e+00,0.000000000000000000e+00,2.166278297377477458e-05,2.199680408909319030e-03,-1.735844194624830417e-04
0.000000000000000000e+00,0.000000000000000000e+00,0.000000000000000000e+00,-5.852266202754918822e-06,2.199741978511620105e-03,-1.937270650705369412e-04
-1.609758873277773424e-03,-2.962350602688359750e-05,-3.494849608790771226e-03,5.951821201284597458e-05,2.199722693949292870e-03,-2.397806833970870871e-04
-1.594906437821057938e-03,-1.270594448706913302e-06,-3.397260119490020779e-03,3.257386962474831198e-05,2.199759085492998013e-03,-2.604251382856763680e-04
0.000000000000000000e+00,0.000000000000000000e+00,0.000000000000000000e+00,1.333124184853540228e-04,2.199238275243755800e-03,-2.139714727876634859e-04
0.000000000000000000e+00,0.000000000000000000e+00,0.000000000000000000e+00,1.071121309667022459e-04,2.199294229597172946e-03,-2.350509084954044425e-04
-1.493425402510001072e-03,-1.991818575920944483e-06,-3.412406332232811347e-03,1.736874987354276910e-04,2.199513103272673128e-03,-2.819590442973401848e-04
-1.492307755568395835e-03,3.777963218640322115e-05,-3.412916199747723350e-03,1.481565645574093215e-04,2.199541419214708689e-03,-3.035148162956522832e-04
-1.477653141813830857e-03,-3.283419901533465949e-05,-3.365264704573572851e-03,2.461700161681641750e-04,2.099429939008417342e-03,-2.560740207750645723e-04
0.000000000000000000e+00,0.000000000000000000e+00,0.000000000000000000e+00,2.245852176911977693e-04,2.098873104740379362e-03,-2.796671761049682181e-04
0.000000000000000000e+00,0.000000000000000000e+00,0.000000000000000000e+00,2.963170496540490362e-04,2.098563039958627457e-03,-3.289155960726694583e-04
-1.424387370838227579e-03,-2.851880711587047638e-05,-3.366728514024444792e-03,3.650760902740322672e-04,2.099139013024532274e-03,-3.765451692570033178e-04
-1.423280251984694253e-03,-5.056391913218046802e-06,-3.317166865070989099e-03,3.678573010459494793e-04,2.099179066750019636e-03,-3.029426578011533379e-04
0.000000000000000000e+00,0.000000000000000000e+00,0.000000000000000000e+00,4.437791029148208111e-04,1.998086138801386229e-03,-3.540272373671118911e-04
0.000000000000000000e+00,0.000000000000000000e+00,0.000000000000000000e+00,4.205709467645091237e-04,1.998079067592266247e-03,-3.771805697470945185e-04
-1.420019946860126558e-03,-7.605038355674402060e-06,-3.318611034355419508e-03,5.173129934574043640e-04,1.998908755947622403e-03,-3.294316539101050842e-04
-1.357434276370077892e-03,1.367394509643231012e-05,-3.284112560628068764e-03,4.947581359060892071e-04,1.998987720461685349e-03,-3.531523287889611951e-04
0.000000000000000000e+00,0.000000000000000000e+00,0.000000000000000000e+00,5.722135359003122090e-04,1.997623116548637515e-03,-4.047361005782151855e-04
0.000000000000000000e+00,0.000000000000000000e+00,0.000000000000000000e+00,5.503471107910495874e-04,1.997663496355844663e-03,-4.288168147892415516e-04
-1.304246748757782563e-03,4.246699852378175040e-06,-3.285417262070365520e-03,6.482748795847853313e-04,1.998710609019445882e-03,-3.817988735270514528e-04
0.000000000000000000e+00,0.000000000000000000e+00,0.000000000000000000e+00,6.301106373906018021e-04,1.997430250419741926e-03,-4.077059534893442971e-04
0.000000000000000000e+00,0.000000000000000000e+00,0.000000000000000000e+00,7.056041811224211813e-04,1.897116620665870168e-03,-4.586090159229075369e-04
-1.301063616399816261e-03,-1.040925287620107987e-05,-3.286708143957535293e-03,7.080405225016084443e-04,1.898610219783797293e-03,-3.859228329388031311e-04
-1.299985809447952272e-03,7.016316532671039297e-06,-3.237090388534365898e-03,7.841829806588072188e-04,1.898432700335307569e-03,-4.373570410384901861e-04
0.000000000000000000e+00,0.000000000000000000e+00,0.000000000000000000e+00,7.673698696718522783e-04,1.896993204698252085e-03,-4.639415254018564028e-04
-1.234871399552653565e-03,-4.329370779235262797e-05,-3.189649401053560283e-03,8.413008397167203237e-04,1.898346063054965087e-03,-5.144912592886766341e-04
-1.185555733722552579e-03,-1.454390266860397656e-05,-3.203032536821949928e-03,8.480525282720413095e-04,1.898397290337362677e-03,-4.439319962952347366e-04
0.000000000000000000e+00,0.000000000000000000e+00,0.000000000000000000e+00,9.284998092656815416e-04,1.796462496205155713e-03,-4.970526497881551375e-04
0.000000000000000000e+00,0.000000000000000000e+00,0.000000000000000000e+00,9.098943138373671857e-04,1.796491414792255117e-03,-5.235228666285278443e-04
-1.182451130519582283e-03,-4.135184021751964867e-05,-3.204172447651848672e-03,1.011243076618423622e-03,1.798115343803325088e-03,-4.781896675720612275e-04
0.000000000000000000e+00,0.000000000000000000e+00,0.000000000000000000e+00,9.961137567741085164e-04,1.796344013578728485e-03,-5.061546871269681502e-04
-1.117583834669332249e-03,1.083769147073153512e-05,-3.156607979246819993e-03,1.072528174324845467e-03,1.798045799504560715e-03,-5.577394453233931997e-04
-1.116566994769752075e-03,2.326668418285354065e-05,-3.106930880737860182e-03,1.055286042876438625e-03,1.798030008232730627e-03,-5.851288596823058918e-04
0.000000000000000000e+00,0.000000000000000000e+00,0.000000000000000000e+00,1.163194457323490916e-03,1.695782176702233419e-03,-5.424861308080362876e-04
-1.114580355743865136e-03,-2.476414484074496020e-05,-3.107700636164778540e-03,1.144012082392728081e-03,1.697900297756006066e-03,-5.692526683175821740e-04
-1.100884298916876385e-03,-1.401189669921715091e-05,-3.059654731071857325e-03,1.224706053027929155e-03,1.697844584086343313e-03,-6.227314825146585027e-04
0.000000000000000000e+00,0.000000000000000000e+00,0.000000000000000000e+00,1.236733398982003962e-03,1.695694393634243667e-03,-5.550555511033734846e-04
-1.000571143728230935e-03,3.112823384591329996e-05,-3.022991864721352295e-03,1.315403091474895945e-03,1.697688425513536664e-03,-6.079657561724113868e-04
0.000000000000000000e+00,0.000000000000000000e+00,0.000000000000000000e+00,1.302633891664073396e-03,1.595410733425082833e-03,-6.375021918679744937e-04
-9.986180176699500834e-04,-3.547001557237840626e-05,-3.023619640133551160e-03,1.407338763260655365e-03,1.597553941649708766e-03,-5.939322920436545909e-04
-9.851201666234191915e-04,-1.497354258937022041e-05,-2.975537387354336861e-03,1.393045050256751325e-03,1.597674436975480856e-03,-6.231218570046901132e-04
0.000000000000000000e+00,0.000000000000000000e+00,0.000000000000000000e+00,1.478118927284888251e-03,1.594995584910235357e-03,-6.783681195228589977e-04
-9.832398982734279810e-04,2.422685614244414471e-05,-2.926164161298627428e-03,1.486970391630906742e-03,1.597505770925480720e-03,-6.103788112339730799e-04
0.000000000000000000e+00,0.000000000000000000e+00,0.000000000000000000e+00,1.572580617199448305e-03,1.494896835764068961e-03,-6.657278952415593420e-04
-9.189662795529413529e-04,-3.584136750128383075e-05,-2.878372059334034349e-03,1.557374269876251813e-03,1.497468898051795318e-03,-6.950027529829043383e-04
-9.180439653858638114e-04,-3.072265444119764668e-05,-2.878626703828107355e-03,1.666474874909826265e-03,1.497334557894054209e-03,-6.532431922869456637e-04
0.000000000000000000e+00,0.000000000000000000e+00,0.000000000000000000e+00,1.656282678050624568e-03,1.494640601962269081e-03,-6.844797742132924245e-04
-8.677694181285825446e-04,2.520692273007888512e-06,-2.841535148813341058e-03,1.739065960011520725e-03,1.497168766649103469e-03,-7.392592172749071905e-04
0.000000000000000000e+00,0.000000000000000000e+00,0.000000000000000000e+00,1.729462394148506554e-03,1.394568989241821814e-03,-7.707193281147710351e-04
-8.036935320822805430e-04,3.336434476284201470e-05,-2.793590487226695930e-03,1.837712821051129455e-03,1.397157110416522279e-03,-7.289444877752757155e-04
0.000000000000000000e+00,0.000000000000000000e+00,0.000000000000000000e+00,1.828903866203934747e-03,1.394300520465084669e-03,-7.610173604063429076e-04
-8.019369266291472747e-04,-3.517966977605886382e-05,-2.794125126283628687e-03,1.913384193051405986e-03,1.397017031988328833e-03,-8.163779306595583905e-04
-7.888865816961447390e-04,-3.403272528425174676e-05,-2.695834448558853073e-03,1.927647128439522470e-03,1.397129114386161343e-03,-7.513292105400937301e-04
-7.880498021885937393e-04,-9.174879643495480373e-06,-2.696123390400336547e-03,2.014663282759897832e-03,1.296990097310905029e-03,-8.076713279246637003e-04
-7.371880749634315702e-04,-9.170968934307798342e-06,-2.696324031072448810e-03,2.005395140022384840e-03,1.296969709003185185e-03,-8.399575767685691112e-04
-7.242747822994868119e-04,2.356350238766762298e-06,-2.598044580276001603e-03,2.117397040962891528e-03,1.296950613691157843e-03,-7.996791100494421867e-04
0.000000000000000000e+00,0.000000000000000000e+00,0.000000000000000000e+00,2.110523242580653047e-03,1.293907212644891669e-03,-8.329466121620304753e-04
0.000000000000000000e+00,0.000000000000000000e+00,0.000000000000000000e+00,2.198931594379671672e-03,1.193668052670847661e-03,-8.899701702683136817e-04
0.000000000000000000e+00,0.000000000000000000e+00,0.000000000000000000e+00,2.215103305316934446e-03,1.193667813266706618e-03,-8.261273153549152093e-04
0.000000000000000000e+00,0.000000000000000000e+00,0.000000000000000000e+00,2.304754823353016846e-03,1.193396531465134485e-03,-8.835385181106721053e-04
-6.216363592623041058e-04,2.382124671622575412e-06,-2.611128944103039556e-03,2.295894094095844544e-03,1.196677938897479886e-03,-9.164869527573884936e-04
-6.089348553997655546e-04,-3.828872655080329537e-05,-2.512769865957505122e-03,2.409822114690816138e-03,1.196671679863251913e-03,-8.771410883389931402e-04
-6.081439462916259043e-04,-3.100423009867802964e-05,-2.512960140607940502e-03,2.403370535305115931e-03,1.096669455033240891e-03,-9.112288396175763491e-04
-5.955419846181835312e-04,-1.250415692872066166e-05,-2.464606745956510799e-03,2.494363833718812613e-03,1.096734848022265941e-03,-9.692319310417987560e-04
-5.947729408713819206e-04,-1.825209839938447666e-05,-2.414747770796127953e-03,2.512317371132825449e-03,1.096669285498832460e-03,-9.066682496717558314e-04
-5.440229572832195075e-04,-1.024677029462312816e-06,-2.414966960763102917e-03,2.604033758094872423e-03,1.096516120485712840e-03,-9.648993575057501207e-04
0.000000000000000000e+00,0.000000000000000000e+00,0.000000000000000000e+00,2.720976036577615886e-03,9.931362201008884019e-04,-9.264380004755864984e-04
-4.821945201340609014e-04,8.028248271890855826e-06,-2.378412000287047617e-03,2.617828932559674009e-03,9.967378176562145808e-04,-9.379784356529765948e-04
0.000000000000000000e+00,0.000000000000000000e+00,0.000000000000000000e+00,2.614814264532805410e-03,9.933917460025489497e-04,-9.737637271237040149e-04
-4.807270965662279621e-04,1.465150532037796649e-05,-2.328690210886381722e-03,2.535711495727920473e-03,9.967820056886443104e-04,-8.887314588667187369e-04
0.000000000000000000e+00,0.000000000000000000e+00,0.000000000000000000e+00,2.533469318747316734e-03,9.936073452071283747e-04,-9.250756955372467505e-04
-4.792619876594115895e-04,1.884196500723013884e-05,-2.328965437177183458e-03,2.431769277280309248e-03,9.968962092576521584e-04,-9.379632729161191656e-04
0.000000000000000000e+00,0.000000000000000000e+00,0.000000000000000000e+00,2.453158770131858013e-03,8.940779678554048281e-04,-8.774416088014082293e-04
0.000000000000000000e+00,0.000000000000000000e+00,0.000000000000000000e+00,2.353292853491950609e-03,8.942981162588751077e-04,-8.912628111487057997e-04
-4.155868154341236143e-04,3.204861487383835693e-05,-2.280746612395466097e-03,2.350114210720673051e-03,8.971610535228467971e-04,-9.282091137987899879e-04
0.000000000000000000e+00,0.000000000000000000e+00,0.000000000000000000e+00,2.275082473584766340e-03,8.944957399013961537e-04,-8.456314653913117596e-04
-4.141879849364019117e-04,3.008309189803505960e-05,-2.230998740715950043e-03,2.272644356936788599e-03,8.972020010271999652e-04,-8.831323334664337339e-04
0.000000000000000000e+00,0.000000000000000000e+00,0.000000000000000000e+00,2.198025399821057491e-03,7.949218827618053599e-04,-8.011482072091576090e-04
-3.527322933613097691e-04,2.567375543863343842e-05,-2.193926477136909099e-03,2.196434360873269782e-03,7.974982155767949138e-04,-8.392494271082865916e-04
-3.020631028478912663e-04,3.389098259373631841e-05,-2.194048672696638502e-03,2.098716839775977960e-03,7.975817830036078127e-04,-8.550191984310910511e-04
0.000000000000000000e+00,0.000000000000000000e+00,0.000000000000000000e+00,2.122397866694658575e-03,7.953429224647025949e-04,-7.966285076995861109e-04
-2.894376793079467269e-04,2.574987144671593990e-05,-2.095507599289980413e-03,2.024447095612272405e-03,6.977809566469630933e-04,-8.129761071613703571e-04
0.000000000000000000e+00,0.000000000000000000e+00,0.000000000000000000e+00,2.026171492534256657e-03,6.955296066472368543e-04,-8.525111466235243268e-04
0.000000000000000000e+00,0.000000000000000000e+00,0.000000000000000000e+00,1.952352841160354124e-03,6.957067410116183140e-04,-7.722417773762674242e-04
-2.875169304062399835e-04,2.012977711374397047e-05,-2.095772425921170815e-03,1.855694608069104797e-03,6.979616617703764342e-04,-7.896592244902612967e-04
0.000000000000000000e+00,0.000000000000000000e+00,0.000000000000000000e+00,1.880583223038190255e-03,5.960681264419748909e-04,-7.324690675170105608e-04
-2.251061475457817541e-04,5.793232717694953963e-06,-1.997176713615322462e-03,1.784761768151056161e-03,5.981210735197818032e-04,-7.505972931408792835e-04
-2.245002911970586624e-04,8.802929000378580725e-06,-1.997276764543842384e-03,1.787420619487425401e-03,5.981132175548015909e-04,-7.913600193916752899e-04
0.000000000000000000e+00,0.000000000000000000e+00,0.000000000000000000e+00,1.715829792836576217e-03,5.965862710379265556e-04,-7.128260001377749455e-04
-1.634761082957266528e-04,-9.284426411871772854e-06,-1.909684156849156744e-03,1.718657889894176314e-03,5.983096687420559742e-04,-7.540928082718864221e-04
-1.628941672064865471e-04,-8.241291621224340247e-06,-1.909744726164464175e-03,1.646853662593124237e-03,4.983826115882586741e-04,-6.760712443808729452e-04
0.000000000000000000e+00,0.000000000000000000e+00,0.000000000000000000e+00,1.651656619108710089e-03,4.969188838735982827e-04,-7.179334116698757318e-04
-1.007744550916666432e-04,-3.008666927586487136e-05,-1.811015211934212171e-03,1.558134534040093045e-03,4.985352648291874796e-04,-7.381235721239263938e-04
-1.002230960919264275e-04,-3.101357953299121290e-05,-1.811066148177348277e-03,1.584935293600306166e-03,4.985139331590564445e-04,-6.829393212912018970e-04
0.000000000000000000e+00,0.000000000000000000e+00,0.000000000000000000e+00,1.493063002668049144e-03,3.972108696016997311e-04,-7.039736549425985174e-04
-8.825497847578510921e-05,4.098767592142059249e-05,-1.762288455356403067e-03,1.520167364161489378e-03,3.986976308505033408e-04,-6.492494039393279133e-04
-8.773464597284143121e-05,3.810140907893962728e-05,-1.712329944014763777e-03,1.428581631555433332e-03,3.987388110943055329e-04,-6.707496212478154503e-04
0.000000000000000000e+00,0.000000000000000000e+00,0.000000000000000000e+00,1.435534315583519849e-03,3.974722576962888467e-04,-7.142605824875785520e-04
-2.591801664332831864e-05,8.743343402426829536e-06,-1.663530356815969219e-03,1.365905213986036730e-03,2.988894237490102098e-04,-6.387635494851728402e-04
-2.542803757649838851e-05,3.879819803617884750e-06,-1.613562689026276165e-03,1.373113455524236411e-03,2.988480210818090913e-04,-6.827704350405360088e-04
0.000000000000000000e+00,0.000000000000000000e+00,0.000000000000000000e+00,1.304902389988926714e-03,2.978787467462367961e-04,-6.079521771752546475e-04
0.000000000000000000e+00,0.000000000000000000e+00,0.000000000000000000e+00,1.312901414747380535e-03,2.978683174472320904e-04,-6.524903088533052717e-04
3.554841381476051991e-05,-3.610290175187489320e-05,-1.575409904093740248e-03,1.244602633389138699e-03,1.990814025143122052e-04,-5.782841101721624983e-04
3.601378301287810343e-05,5.408860445280525350e-05,-1.575393013883485092e-03,1.253363480566981134e-03,1.990775246054078392e-04,-6.234306305711407800e-04
0.000000000000000000e+00,0.000000000000000000e+00,0.000000000000000000e+00,1.165074743265437363e-03,1.982410533931736052e-04,-6.475874924342546468e-04
0.000000000000000000e+00,0.000000000000000000e+00,0.000000000000000000e+00,1.195812558270059611e-03,1.981901498360324684e-04,-5.954584260410723112e-04
9.794694052234854736e-05,6.386214146408034630e-06,-1.476444490869813480e-03,1.107878280085769105e-03,1.992376150986786734e-04,-6.202238749699733609e-04
0.000000000000000000e+00,0.000000000000000000e+00,0.000000000000000000e+00,1.139390291914677000e-03,9.840001846198390134e-05,-5.686365495510244464e-04
0.000000000000000000e+00,0.000000000000000000e+00,0.000000000000000000e+00,1.052340722900391157e-03,9.852946900815433978e-05,-5.940457645383818985e-04
0.000000000000000000e+00,0.000000000000000000e+00,0.000000000000000000e+00,1.084366132272363004e-03,9.847840871429779964e-05,-5.430396280809391893e-04
1.601035833923311971e-04,3.853089091513665269e-05,-1.377422547452110011e-03,9.980267153191187731e-04,9.935812959243778026e-05,-5.690638007218970680e-04
0.000000000000000000e+00,0.000000000000000000e+00,0.000000000000000000e+00,1.009990471942057155e-03,-1.254359783842270634e-06,-6.163264681853094715e-04
0.000000000000000000e+00,0.000000000000000000e+00,0.000000000000000000e+00,9.452557813229844896e-04,-1.180332003983481162e-06,-5.451992206661473647e-04
2.102301513188526013e-04,-2.271472305097690337e-05,-1.337642349943557853e-03,9.579741350426071965e-04,-6.083679849166610474e-07,-5.929286315150987313e-04
2.209469093350369519e-04,-3.755034814687250092e-05,-1.288661877237515891e-03,8.938853965670244149e-04,-4.971525448439477275e-07,-5.224286997241931038e-04
2.213254994933483205e-04,4.479449655134862794e-05,-1.288592314173913960e-03,9.073206345914006750e-04,-1.004990553858980718e-04,-5.707403742699786436e-04
0.000000000000000000e+00,0.000000000000000000e+00,0.000000000000000000e+00,8.439185250819214446e-04,-1.009559000533163942e-04,-5.009100095509136895e-04
0.000000000000000000e+00,0.000000000000000000e+00,0.000000000000000000e+00,8.582264647490900344e-04,-1.008665162816569857e-04,-5.496854420185986502e-04
2.826473265173454078e-04,-2.622875060664784478e-05,-1.189415586184573194e-03,7.955017288249628367e-04,-1.004052051141323830e-04,-4.804011881893235371e-04
2.829951943878756659e-04,5.348916094074562322e-05,-1.189338808189691890e-03,8.105326439796920390e-04,-2.004076417432475122e-04,-5.297583371133786270e-04
2.833445189503794575e-04,3.461896784714730158e-05,-1.139269179670863953e-03,7.484287923438734391e-04,-2.003982836675414299e-04,-4.610961846968791335e-04
0.000000000000000000e+00,0.000000000000000000e+00,0.000000000000000000e+00,7.642956109412679666e-04,-2.006790352298259408e-04,-5.109743420131031451e-04
0.000000000000000000e+00,0.000000000000000000e+00,0.000000000000000000e+00,7.028395357926431330e-04,-2.006318132330831396e-04,-4.429138236224413726e-04
3.434081236306389456e-04,-4.621467363599349854e-05,-1.100089495983236527e-03,7.195957599877863100e-04,-3.002900140097045155e-04,-4.932306405615411934e-04
4.037498202083482477e-04,3.019196162251501113e-05,-1.000990429701833356e-03,6.387732683680653238e-04,-3.002128750604721673e-04,-5.238221472738450969e-04
4.040461619633571415e-04,7.948781063939380339e-06,-1.000878387085337492e-03,5.783444107866744831e-04,-3.001960596421638988e-04,-4.567174393826516662e-04
0.000000000000000000e+00,0.000000000000000000e+00,0.000000000000000000e+00,5.962093161615555914e-04,-3.003898253203547827e-04,-5.079474967052317620e-04
0.000000000000000000e+00,0.000000000000000000e+00,0.000000000000000000e+00,5.363600854997319090e-04,-4.002953985898752461e-04,-4.415436189378346568e-04
0.000000000000000000e+00,0.000000000000000000e+00,0.000000000000000000e+00,5.551218063074569997e-04,-4.002897747155181526e-04,-4.931916887280255943e-04
4.150866467072989352e-04,-9.645172651707571934e-06,-9.013742022631680536e-04,4.962258429633398509e-04,-4.001294722614529703e-04,-4.272092219534299280e-04
4.751996798495544076e-04,-3.527216598548360815e-05,-8.022334223863110013e-04,5.158202476835117801e-04,-4.001062603536575859e-04,-4.794018617180155874e-04
4.754336433853430352e-04,3.646294270043474030e-05,-8.021024429658186062e-04,4.573712463408360039e-04,-5.000964168769397649e-04,-4.141709340230190304e-04
4.756703258479612752e-04,9.463602368148402315e-06,-8.019766446226100996e-04,4.777644060136666858e-04,-5.000931466291463900e-04,-4.668462661325100543e-04
0.000000000000000000e+00,0.000000000000000000e+00,0.000000000000000000e+00,4.199569722440621433e-04,-5.001070475013137152e-04,-4.023066555008006188e-04
0.000000000000000000e+00,0.000000000000000000e+00,0.000000000000000000e+00,4.411489309091853883e-04,-5.000966393109738473e-04,-4.555398539948627042e-04
0.000000000000000000e+00,0.000000000000000000e+00,0.000000000000000000e+00,3.840617392339984448e-04,-6.000863822566877837e-04,-3.914919028843921386e-04
5.450017696254348155e-04,-2.670617662768279434e-05,-6.130080182347248836e-04,4.063530639704600366e-04,-5.999887875108731112e-04,-4.450234064167812626e-04
0.000000000000000000e+00,0.000000000000000000e+00,0.000000000000000000e+00,3.498193092088541789e-04,-5.999939338727400436e-04,-3.817899146821204098e-04
5.953661431461699984e-04,9.934452541981024271e-06,-6.126704782399278572e-04,3.728583069796742653e-04,-6.999915643233735807e-04,-4.358364182868609241e-04
6.051411752497940725e-04,-2.184284490331760628e-05,-5.134311798997473995e-04,3.172630910131862196e-04,-6.999712331299720027e-04,-3.729414413481889584e-04
6.052922750412002145e-04,4.383916761273098451e-05,-5.132550947005422260e-04,3.409611119332951832e-04,-6.999606251811375584e-04,-4.276712372110158772e-04
6.054468923984511865e-04,1.068131457483623185e-05,-5.130823470964074881e-04,2.860339829416599683e-04,-6.999648154731261682e-04,-3.653752416152930712e-04
0.000000000000000000e+00,0.000000000000000000e+00,0.000000000000000000e+00,3.104774952690236844e-04,-7.998679559152602550e-04,-4.208873842002809618e-04
0.000000000000000000e+00,0.000000000000000000e+00,0.000000000000000000e+00,2.562242607548892437e-04,-7.998834646748926788e-04,-3.592125754094763895e-04
0.000000000000000000e+00,0.000000000000000000e+00,0.000000000000000000e+00,2.816244734191730714e-04,-7.998234604191222777e-04,-4.149237708923605647e-04
0.000000000000000000e+00,0.000000000000000000e+00,0.000000000000000000e+00,2.281333169412702588e-04,-8.998454074041655534e-04,-3.539881634495676416e-04
0.000000000000000000e+00,0.000000000000000000e+00,0.000000000000000000e+00,2.543774834632417381e-04,-8.998173163552599350e-04,-4.102007847963939913e-04
6.844386375201772692e-04,-2.517699802322849711e-05,-2.646789700755347824e-04,2.016972355566125493e-04,-8.999057703714699553e-04,-3.493713437069890983e-04
0.000000000000000000e+00,0.000000000000000000e+00,0.000000000000000000e+00,2.287338794777493689e-04,-8.997809515071157008e-04,-4.064157211936840139e-04
7.336968831704853561e-04,-3.553549227061171345e-06,-2.236086728543715350e-04,1.767496604386742604e-04,-9.998856457657052856e-04,-3.461844365544484384e-04
7.430481962486029310e-04,5.535528467263430268e-05,-1.742590867443676971e-04,2.046493077441486036e-04,-9.998457006161101234e-04,-4.034087610966480644e-04
7.930938555838459901e-04,1.531242759160228104e-05,-1.240362135509437229e-04,1.533635500655141357e-04,-9.998795366351444832e-04,-3.441411616286304664e-04
7.931391341596261135e-04,-2.543166935071107903e-05,-1.238136754577517581e-04,1.023306645785060278e-04,-9.998980849853266514e-04,-2.851179381953392218e-04
8.023780467602693433e-04,3.141693997897269518e-05,-7.444362947835962002e-05,1.314775108303435896e-04,-1.099863527698756189e-03,-3.431444120870686581e-04
8.023950076988458106e-04,-1.071986058443746098e-05,-7.421616003885630824e-05,8.117283521819229793e-05,-1.099886485723006960e-03,-2.847067431004161831e-04
8.024068337866936337e-04,4.475598199301203969e-05,-2.398798166766506000e-05,1.112935811643926990e-04,-1.099865960079123408e-03,-3.431910923515343664e-04
8.024233223806893347e-04,1.224569432405833566e-06,-2.376084529296791130e-05,6.172093412540498314e-05,-1.099887495163976792e-03,-2.853374167431308719e-04
8.115224096861575710e-04,5.532553412233679623e-05,2.563396100244527454e-05,9.259632149290741561e-05,-1.099853241106616471e-03,-3.443085792274553714e-04
8.115107629386893173e-04,1.039759415266547159e-05,7.586660610999014140e-05,4.384821678319925195e-05,-1.199880130060444793e-03,-2.870767751603738103e-04
8.114989041085458573e-04,-3.523472436396181303e-05,7.609836810270669764e-05,7.563405158188945003e-05,-1.199854859196501904e-03,-3.465334329103657014e-04
8.204867066784366251e-04,1.679517334259016069e-05,1.255126377718538159e-04,2.749174202103137199e-05,-1.199873260816249629e-03,-2.898476517333380652e-04
8.204334136518493968e-04,-3.921303463251951400e-05,1.257469366647777343e-04,6.016007036784580048e-05,-1.199844553575096394e-03,-3.497944478746907904e-04
0.000000000000000000e+00,0.000000000000000000e+00,0.000000000000000000e+00,1.297872340644268263e-05,-1.199751515768134784e-03,-2.942132868793533723e-04
0.000000000000000000e+00,0.000000000000000000e+00,0.000000000000000000e+00,4.654443071250291553e-05,-1.299684747764627947e-03,-3.548627234200175257e-04
0.000000000000000000e+00,0.000000000000000000e+00,0.000000000000000000e+00,3.781474477992929906e-08,-1.299744158459815394e-03,-2.993047050581492535e-04
8.880110745190905163e-04,-2.858844787762106625e-05,3.251083394752937467e-04,5.198213498273780123e-05,-1.399878197005552079e-03,-2.612852490209765718e-04
8.879104196734784789e-04,1.929462853443617649e-05,3.253515209866574974e-04,-1.162173742326649092e-05,-1.399871405816166276e-03,-3.047460158831288499e-04
8.878148915574974329e-04,-3.194676867540187609e-05,3.255962250550629013e-04,4.129503130237803803e-05,-1.399877470100619132e-03,-2.677236477608522115e-04
8.877140425697018378e-04,1.454974691586951219e-05,3.758393391519626895e-04,-2.133963415855486865e-05,-1.399869815353300484e-03,-3.117785554122824319e-04
8.963705126475441645e-04,6.035673792273383914e-05,4.253088181385850921e-04,3.230655548143742366e-05,-1.399870867457609974e-03,-2.752205098092880579e-04
8.962473549475011595e-04,7.009010667873528969e-06,4.255573979161901424e-04,-2.955235936389846927e-05,-1.399865814484775551e-03,-3.198617080547791480e-04
8.961189091135845445e-04,5.142615882261836516e-05,4.258030732394453132e-04,2.492700323503563588e-05,-1.499868956043412527e-03,-2.838173992723437675e-04
9.452377524582125223e-04,-3.331704148872834015e-06,4.673757971251883562e-04,-1.859069458721168084e-05,-1.499885439102835319e-03,-2.305330757256681643e-04
1.003762427306638698e-03,3.969343615134168091e-05,5.168944364506753526e-04,1.926663343961504266e-05,-1.499847552606727854e-03,-2.934906580915653293e-04
1.003616713869490574e-03,-1.647653568800028164e-05,5.171734036710043956e-04,-2.360371936707196424e-05,-1.499886060529169538e-03,-2.408131683434568636e-04
1.003465163417453874e-03,2.515442485943460388e-05,5.674491434899939018e-04,-8.321028512251093980e-05,-1.499877264398580008e-03,-2.869555638053051020e-04
1.003319294244898975e-03,-3.242963639487737198e-05,5.677271937284482893e-04,-2.680019805327424142e-05,-1.499880810983117126e-03,-2.520351930589169519e-04
1.011707307579727891e-03,7.804965570667182507e-06,6.172669410860046925e-04,-8.564638707752157839e-05,-1.599874738550039312e-03,-2.988079794664805786e-04
0.000000000000000000e+00,0.000000000000000000e+00,0.000000000000000000e+00,-2.796814940464464883e-05,-1.599748729774414522e-03,-2.651567185376589586e-04
0.000000000000000000e+00,0.000000000000000000e+00,0.000000000000000000e+00,-6.877036943053749241e-05,-1.599827286428775943e-03,-2.139204259185428780e-04
0.000000000000000000e+00,0.000000000000000000e+00,0.000000000000000000e+00,-2.768810544917510441e-05,-1.699733475670022398e-03,-2.785660293396600984e-04
0.000000000000000000e+00,0.000000000000000000e+00,0.000000000000000000e+00,-6.770051870663706950e-05,-1.699815805264466573e-03,-2.278945759477471467e-04
0.000000000000000000e+00,0.000000000000000000e+00,0.000000000000000000e+00,-2.577790909163990563e-05,-1.699715339177994364e-03,-2.930845554668486119e-04
0.000000000000000000e+00,0.000000000000000000e+00,0.000000000000000000e+00,-6.494158372205571794e-05,-1.799801257689111113e-03,-2.430838189024717155e-04
0.000000000000000000e+00,0.000000000000000000e+00,0.000000000000000000e+00,-2.208000070835769435e-05,-1.799693770460593107e-03,-3.085792713840400381e-04
1.093623960957193757e-03,2.547069659792940285e-05,1.016723820324823887e-03,-6.139836492867896097e-05,-1.899895571502795361e-03,-2.580763623517761752e-04
1.093343416439646531e-03,-3.926007545066138458e-05,1.017019614590532195e-03,-1.040843025452847064e-06,-1.899881630405777459e-03,-2.254263992122165403e-04
1.093056921669412684e-03,-6.084436073096112427e-06,1.017309133983432300e-03,-5.547099265617676234e-05,-1.899883574700437843e-03,-2.750531046137163821e-04
1.092770546961548172e-03,2.639081026106783175e-05,1.067598189985597031e-03,5.830134057702865896e-06,-1.899869128160643766e-03,-2.428576692798630799e-04
1.100707387065308004e-03,-4.047530538683014403e-05,1.117212365521253479e-03,-4.773249071824838094e-05,-1.899869102094980467e-03,-2.930507626059803122e-04
0.000000000000000000e+00,0.000000000000000000e+00,0.000000000000000000e+00,1.541473959210115652e-05,-1.999698512936180783e-03,-2.624601439067675290e-04
0.000000000000000000e+00,0.000000000000000000e+00,0.000000000000000000e+00,-2.068411386779711592e-05,-1.999771228400054959e-03,-2.147796289532766245e-04
0.000000000000000000e+00,0.000000000000000000e+00,0.000000000000000000e+00,2.592626500574901627e-05,-2.099631756133793839e-03,-2.822585392581733466e-04
0.000000000000000000e+00,0.000000000000000000e+00,0.000000000000000000e+00,-9.361729876311564169e-06,-2.099730066176963821e-03,-2.349345590725096522e-04
1.214698524249111520e-03,2.530648251342021502e-05,1.309308766523242795e-03,3.665509497968815036e-05,-2.099792561338228569e-03,-3.014614201397621657e-04
1.214337063163410278e-03,5.279403350115283015e-05,1.359631332529891677e-03,2.202030925757838789e-06,-2.199845159301239920e-03,-2.547523648153641324e-04
1.222013452841492912e-03,-1.912531971790664366e-05,1.409310884141384227e-03,6.655006087094369354e-05,-2.199815538605668242e-03,-2.243305562629726571e-04
1.221625885390534381e-03,6.943591803057126353e-06,1.409635248157355136e-03,1.661598510750562880e-05,-2.199818116702737403e-03,-2.768148522625234220e-04
0.000000000000000000e+00,0.000000000000000000e+00,0.000000000000000000e+00,8.338613126002147879e-05,-2.199580867090083786e-03,-2.481973306742400742e-04
0.000000000000000000e+00,0.000000000000000000e+00,0.000000000000000000e+00,5.066432506295459604e-05,-2.299676916451950416e-03,-2.028622118392525708e-04
0.000000000000000000e+00,0.000000000000000000e+00,0.000000000000000000e+00,1.008189945174153834e-04,-2.299513834418704262e-03,-2.720724715625372214e-04
1.285923942159024206e-03,2.120774107602481105e-05,1.609725480676179850e-03,6.697505620534663937e-05,-2.399810407590037293e-03,-2.255112243834445941e-04
1.285484568468153125e-03,4.367969473570711375e-05,1.610053009918110565e-03,1.931857585962788666e-05,-2.399815486465901003e-03,-2.794322757700539589e-04
1.285052223849608623e-03,-3.331860729944838208e-05,1.610388126974140327e-03,8.661354365268063207e-05,-2.399778890073360049e-03,-2.505952519477074297e-04
0.000000000000000000e+00,0.000000000000000000e+00,0.000000000000000000e+00,5.770150074391189321e-05,-2.399653206195596043e-03,-2.078543518314011906e-04
0.000000000000000000e+00,0.000000000000000000e+00,0.000000000000000000e+00,1.101871636702833612e-04,-2.399464176517188477e-03,-2.782349053648616732e-04
0.000000000000000000e+00,0.000000000000000000e+00,0.000000000000000000e+00,8.034782016719255182e-05,-2.499561479312023635e-03,-2.346269350627962214e-04
1.398230856674525895e-03,-3.671129965325147291e-05,1.802802451278796283e-03,1.470179220969604383e-04,-2.499732680818345012e-03,-2.051400543956142923e-04
1.405460576336016107e-03,-1.857033171786545640e-05,1.902559593214960508e-03,1.023327104446442715e-04,-2.599727377129604049e-03,-2.608003597146840344e-04
1.404948405583579356e-03,-1.142162993785680613e-06,1.902917329603061270e-03,1.721056152158290250e-04,-2.599680399982139904e-03,-2.332819840181091068e-04
0.000000000000000000e+00,0.000000000000000000e+00,0.000000000000000000e+00,1.306087284173029772e-04,-2.599355171169243951e-03,-2.912697716909232182e-04
0.000000000000000000e+00,0.000000000000000000e+00,0.000000000000000000e+00,2.014980677941258236e-04,-2.599258794807367181e-03,-2.641913280030279421e-04
1.411079927294355647e-03,-3.675014743850148354e-05,2.003475990016835226e-03,1.711888021075017171e-04,-2.699680840948722425e-03,-2.202718686392837039e-04
1.410543346513927574e-03,-2.223792715995543971e-05,2.003833125915840691e-03,2.274503796720489805e-04,-2.699572671187591092e-03,-2.924591334948541815e-04
1.410007199831101767e-03,-8.441520060569029018e-06,2.054189335080822999e-03,2.006980182539928762e-04,-2.699634951565831574e-03,-2.508837715747166378e-04
0.000000000000000000e+00,0.000000000000000000e+00,0.000000000000000000e+00,2.757684607729293802e-04,-2.699111169307423681e-03,-2.265699541052768051e-04
0.000000000000000000e+00,0.000000000000000000e+00,0.000000000000000000e+00,2.347996240091854148e-04,-2.799115208987587242e-03,-2.845318652182037000e-04
1.423414110871779872e-03,4.361384203764673913e-05,2.204193760830110843e-03,3.051330540602799823e-04,-2.799486482678098347e-03,-2.567318375340520457e-04
1.422831684352268049e-03,5.048708612744271701e-06,2.204557671382776415e-03,2.798230665921077579e-04,-2.799544284719893226e-03,-2.161983844322533030e-04
0.000000000000000000e+00,0.000000000000000000e+00,0.000000000000000000e+00,3.420443060877520480e-04,-2.798842027080318193e-03,-2.917208476551740037e-04
0.000000000000000000e+00,0.000000000000000000e+00,0.000000000000000000e+00,3.181015345861126775e-04,-2.898919409936409272e-03,-2.521776697524090449e-04
1.485889013595265542e-03,-1.341074414701464725e-06,2.404612540435879624e-03,3.897206664769105279e-04,-2.899381036810588352e-03,-2.250807887155190632e-04
1.485253367330255586e-03,6.597545269912966559e-06,2.404972772746790614e-03,3.514900474058105435e-04,-2.999384409338854817e-03,-2.846183000543004078e-04
0.000000000000000000e+00,0.000000000000000000e+00,0.000000000000000000e+00,4.308251937662488373e-04,-2.998599935034111132e-03,-2.623542802035576382e-04
0.000000000000000000e+00,0.000000000000000000e+00,0.000000000000000000e+00,4.083468407627410812e-04,-2.998669175574520014e-03,-2.234370517619731211e-04
1.490677283601336356e-03,4.064066186838708697e-05,2.505595163465102783e-03,4.666751696140110958e-04,-3.099212341403994545e-03,-2.961131122298719096e-04
1.490018476283430301e-03,4.563939257607189172e-05,2.555954220685403584e-03,4.449976415430259872e-04,-3.099279742520069224e-03,-2.577286787397504216e-04
0.000000000000000000e+00,0.000000000000000000e+00,0.000000000000000000e+00,5.119371887851720260e-04,-3.098190285327473686e-03,-3.353021468955781625e-04
0.000000000000000000e+00,0.000000000000000000e+00,0.000000000000000000e+00,4.909200184771700393e-04,-3.098301828960282715e-03,-2.974476952587561118e-04
1.601939722301258659e-03,-2.832001459624918006e-05,2.698909258124789542e-03,5.654545265914233095e-04,-3.199040054266980015e-03,-2.721240781588901117e-04
1.551749138888690533e-03,-2.627734898413183791e-05,2.706445964145406339e-03,5.452269231661153841e-04,-3.199108611882923222e-03,-2.348684189807929057e-04
0.000000000000000000e+00,0.000000000000000000e+00,0.000000000000000000e+00,6.144804514143231700e-04,-3.197892744068547583e-03,-3.135203364287852956e-04
0.000000000000000000e+00,0.000000000000000000e+00,0.000000000000000000e+00,5.957418679841675058e-04,-3.297920029034518471e-03,-2.768699480236794241e-04
1.613331181108635434e-03,-1.035846563528457001e-05,2.899528071360031774e-03,6.712912775175695467e-04,-3.298844775808100049e-03,-2.518191453650128015e-04
1.612579173868738903e-03,-1.127509770960135517e-05,2.899913795599647851e-03,6.386853425592656230e-04,-3.298840620227612690e-03,-3.145265820632195939e-04
0.000000000000000000e+00,0.000000000000000000e+00,0.000000000000000000e+00,7.244363943377241100e-04,-3.297455695383961268e-03,-2.952292276224566248e-04
1.618131168907091955e-03,-1.294697477639003481e-06,3.000286448623737563e-03,7.022765376269385698e-04,-3.398760067338398982e-03,-2.568528707325417465e-04
1.617356323488165423e-03,-4.449858552812409574e-06,3.000671020188558184e-03,7.701421707151052736e-04,-3.398594112061809926e-03,-3.343369239583569462e-04
0.000000000000000000e+00,0.000000000000000000e+00,0.000000000000000000e+00,7.585118584850780721e-04,-3.397269430537642500e-03,-3.018339464477687306e-04
0.000000000000000000e+00,0.000000000000000000e+00,0.000000000000000000e+00,8.418890384953581218e-04,-3.496969270047162095e-03,-2.808746211596241382e-04
1.628890995965016648e-03,-4.501293803236266361e-06,3.200961430325827053e-03,8.068706714296687045e-04,-3.498449141966649203e-03,-3.423152653804128402e-04
1.628069425995802219e-03,-1.063300518979953617e-05,3.201345865107634373e-03,8.905031071149032730e-04,-3.498332573964529381e-03,-3.216215728325553321e-04
0.000000000000000000e+00,0.000000000000000000e+00,0.000000000000000000e+00,8.811151078569334771e-04,-3.496742343087329979e-03,-2.902438457892259072e-04
1.683309255986277335e-03,-1.144554386054406134e-05,3.301749717290337460e-03,9.466088094024675088e-04,-3.598166230557237229e-03,-3.664969748405351815e-04
1.682464957869382821e-03,-1.982870183577853379e-05,3.302132595158524617e-03,9.325212292561461426e-04,-3.598217229999508496e-03,-3.328012276717863993e-04
0.000000000000000000e+00,0.000000000000000000e+00,0.000000000000000000e+00,1.023879377833436521e-03,-3.596140010425982400e-03,-3.155840783389610160e-04
1.687586328475082671e-03,-2.529881113660818203e-05,3.402546976095849329e-03,1.004952258145994960e-03,-3.698090674653255801e-03,-2.797966996943763475e-04
1.686720045583617019e-03,-3.593896808594536531e-05,3.402928149039358488e-03,1.077782674706768756e-03,-3.697900270276917659e-03,-3.594279017098114186e-04
0.000000000000000000e+00,0.000000000000000000e+00,0.000000000000000000e+00,1.071738537326449858e-03,-3.695850897321899167e-03,-3.298446830740722757e-04
1.691716254050144646e-03,5.302818061499195109e-05,3.503336935154090573e-03,1.152740604003909142e-03,-3.697756518478853560e-03,-3.077348183094361545e-04
1.690828260335571149e-03,4.013104732451649033e-05,3.503716312586422060e-03,1.128147990274206303e-03,-3.797744439028817674e-03,-3.747611493360951786e-04
0.000000000000000000e+00,0.000000000000000000e+00,0.000000000000000000e+00,1.222931867526644290e-03,-3.795163623123748615e-03,-3.593595111238620521e-04
1.695715207141953312e-03,2.532790774995315373e-05,3.604149845490746060e-03,1.205811430333007719e-03,-3.797588500248608341e-03,-3.244406448839276210e-04
1.694805714651670923e-03,1.016248479385266731e-05,3.604527227813248465e-03,1.281668858519524265e-03,-3.797383104571115317e-03,-4.053495020415297657e-04
0.000000000000000000e+00,0.000000000000000000e+00,0.000000000000000000e+00,1.278887039869225362e-03,-3.794806801270070654e-03,-3.774143350563363697e-04
1.699576644887323832e-03,-9.330723762791456459e-06,3.704969727915736599e-03,1.362240885004465350e-03,-3.897210073923616704e-03,-3.564385452316755007e-04
1.698645899078363988e-03,-2.677005406821277676e-05,3.705344971531011628e-03,1.353490987292586606e-03,-3.897252097991756991e-03,-3.257933697570567356e-04
0.000000000000000000e+00,0.000000000000000000e+00,0.000000000000000000e+00,1.438598758059184135e-03,-3.894029039289292546e-03,-4.108175652032461378e-04
1.703294294013452202e-03,4.819910787336609352e-05,3.805779539549675357e-03,1.423792114217695961e-03,-3.997006021590823743e-03,-3.775234890414194992e-04
0.000000000000000000e+00,0.000000000000000000e+00,0.000000000000000000e+00,1.523173927351906265e-03,-3.993642384047051477e-03,-3.639499978871363339e-04
1.707857632809855856e-03,2.084612075656464963e-05,3.906239071318030626e-03,1.508492240067422271e-03,-3.896806403715857240e-03,-3.307665238476722416e-04
1.706883954179742782e-03,-4.068364366258300789e-07,3.906611152467597513e-03,1.588400962229628887e-03,-3.896578439094334177e-03,-4.133500266165031009e-04
0.000000000000000000e+00,0.000000000000000000e+00,0.000000000000000000e+00,1.590007544238991599e-03,-3.893184309925665481e-03,-3.875191457329077438e-04
1.704996576147121403e-03,-3.247902056028467450e-05,3.957480757203454651e-03,1.676356518793476434e-03,-3.996488314764306930e-03,-3.680827352525275261e-04
0.000000000000000000e+00,0.000000000000000000e+00,0.000000000000000000e+00,1.666512072255543764e-03,-3.992793592504123579e-03,-4.421684654898269673e-04
1.709367409897129524e-03,2.518284001726879098e-05,4.007865296603241312e-03,1.752927932406340983e-03,-3.996158269454258907e-03,-4.229306650597897013e-04
1.708403940756601574e-03,6.389576769120488422e-06,4.008298192407929415e-03,1.748756752940904685e-03,-3.996190720869379105e-03,-3.947688195786966153e-04
0.000000000000000000e+00,0.000000000000000000e+00,0.000000000000000000e+00,1.852655454091856058e-03,-3.991978448100785837e-03,-3.827739624393047824e-04
1.762698452946320901e-03,-3.359154243337637087e-05,4.108773021241922743e-03,1.828353064514576416e-03,-3.895898962412981410e-03,-4.511283305745199821e-04
0.000000000000000000e+00,0.000000000000000000e+00,0.000000000000000000e+00,1.932793729243598158e-03,-3.891360533809447124e-03,-4.397114060905732424e-04
1.766865753731124665e-03,1.629903112887651941e-05,4.209168570154530470e-03,1.823250690649012374e-03,-3.895862637310726264e-03,-3.967413206759911747e-04
1.765861138634866037e-03,-6.459648671357087074e-06,4.209600851815042087e-03,1.821363905709262902e-03,-3.895889151433196314e-03,-3.698912521100340342e-04
0.000000000000000000e+00,0.000000000000000000e+00,0.000000000000000000e+00,1.716634956525409095e-03,-3.892086977265320647e-03,-4.337433062409704054e-04
1.769946688910286345e-03,4.487397190174333893e-05,4.310071494077663719e-03,1.806755991061605995e-03,-3.895788703819622664e-03,-4.163489844436789517e-04
0.000000000000000000e+00,0.000000000000000000e+00,0.000000000000000000e+00,1.715391504961027991e-03,-3.892009521632511151e-03,-3.816398649725202818e-04
1.773950171389484035e-03,-6.243593344021680046e-06,4.410566386001468948e-03,1.706757759641067216e-03,-3.795971883901148002e-03,-3.523572841854420799e-04
1.772875667334600051e-03,-3.903380499559486546e-05,4.410924634393824026e-03,1.607887589554703785e-03,-3.796222951502935608e-03,-3.148734063118244285e-04
0.000000000000000000e+00,0.000000000000000000e+00,0.000000000000000000e+00,1.605089661862901806e-03,-3.792303084108784948e-03,-3.925001579201323199e-04
1.770782506117616392e-03,4.357221127344432033e-06,4.461765172811033194e-03,1.498917758279496920e-03,-3.796470569593238600e-03,-3.522881385926875369e-04
0.000000000000000000e+00,0.000000000000000000e+00,0.000000000000000000e+00,1.509178358032103873e-03,-3.792834682621261735e-03,-3.310942644754871766e-04
1.774628132270483728e-03,4.455047879797584108e-05,4.512246769645605199e-03,1.403198049358912606e-03,-3.696623681803722430e-03,-2.915819407225304851e-04
0.000000000000000000e+00,0.000000000000000000e+00,0.000000000000000000e+00,1.402406398151812006e-03,-3.693094051938679984e-03,-3.702140594388780848e-04
1.778392960300523296e-03,-1.776524694947011315e-05,4.612752505876394071e-03,1.298017035626694354e-03,-3.696762346591429306e-03,-3.314485353841250832e-04
0.000000000000000000e+00,0.000000000000000000e+00,0.000000000000000000e+00,1.310179988325055334e-03,-3.693482873281186182e-03,-3.114643047471277182e-04
1.782033975172779691e-03,1.016574423409205308e-05,4.713167785275617847e-03,1.206282372809665444e-03,-3.596963475995056635e-03,-2.732672519844475201e-04
1.780931928383707938e-03,-2.379132746185286387e-05,4.713594267779305444e-03,1.199210264037169115e-03,-3.596913490672823312e-03,-3.497830331288083938e-04
0.000000000000000000e+00,0.000000000000000000e+00,0.000000000000000000e+00,1.113412781091782655e-03,-3.594378733218687658e-03,-3.189594817383581415e-04
1.778725634941977782e-03,5.197728313411051449e-06,4.714424251206942446e-03,1.110353965804167231e-03,-3.597172737009011589e-03,-2.935111854571468616e-04
0.000000000000000000e+00,0.000000000000000000e+00,0.000000000000000000e+00,1.025477923787043721e-03,-3.594779322293631656e-03,-2.632523113240622936e-04
1.782249319695719623e-03,3.096530153195004270e-05,4.814920160122789471e-03,1.023513385330731933e-03,-3.597375595329150438e-03,-2.384646989495944089e-04
0.000000000000000000e+00,0.000000000000000000e+00,0.000000000000000000e+00,9.278450655417769255e-04,-3.495067446211113770e-03,-3.080574968539265268e-04
1.835367705193996805e-03,3.829024454121567097e-06,4.909752466874825992e-03,9.269162758109164915e-04,-3.497508825457637874e-03,-2.837520593130784456e-04
0.000000000000000000e+00,0.000000000000000000e+00,0.000000000000000000e+00,8.440195682226647733e-04,-3.495567433153470328e-03,-2.549295173000926118e-04
1.833097309453169364e-03,-2.655004707671416821e-05,4.910629703390545150e-03,8.436856828320960389e-04,-3.497763819140734063e-03,-2.312145510737754377e-04
0.000000000000000000e+00,0.000000000000000000e+00,0.000000000000000000e+00,7.616984731150244770e-04,-3.495979932447461011e-03,-2.030253641161910982e-04
1.836415929900342588e-03,-1.048923300453891895e-05,5.011179592675754114e-03,7.510575170836543933e-04,-3.397907603668089398e-03,-2.791510634481471245e-04
0.000000000000000000e+00,0.000000000000000000e+00,0.000000000000000000e+00,6.699588297319758468e-04,-3.396278250987330716e-03,-2.515420137151405666e-04
1.834109771448133239e-03,2.328878867686590030e-06,5.062040482280054723e-03,6.718827790842448735e-04,-3.398172990979742361e-03,-2.290470004640788259e-04
0.000000000000000000e+00,0.000000000000000000e+00,0.000000000000000000e+00,5.914576958174766474e-04,-3.396747867706338079e-03,-2.020271701537734721e-04
1.837305203170074095e-03,1.189892310894472050e-05,5.112592022934637701e-03,5.939854096313778621e-04,-3.298366674517379075e-03,-1.800635974097434741e-04
0.000000000000000000e+00,0.000000000000000000e+00,0.000000000000000000e+00,6.140713697564414986e-04,-3.296641637901455944e-03,-1.645544509447927073e-04
1.840416889129526399e-03,1.821552364392158352e-05,5.213147691999521494e-03,5.075720148313882588e-04,-3.298514626230986558e-03,-2.317834193381998248e-04
0.000000000000000000e+00,0.000000000000000000e+00,0.000000000000000000e+00,5.288146438180429953e-04,-3.296982564990942003e-03,-2.168531661128278443e-04
1.838041097739105331e-03,2.127329370920150579e-05,5.213998122282537465e-03,4.336082542716528728e-04,-3.198751178907890784e-03,-1.852451215184325567e-04
0.000000000000000000e+00,0.000000000000000000e+00,0.000000000000000000e+00,4.555377353686607123e-04,-3.197395955803745624e-03,-1.707802314716844183e-04
1.841031797431421811e-03,2.106683580884062676e-05,5.314555113700739249e-03,3.619573550497113558e-04,-3.198965526548930554e-03,-1.399939176184495813e-04
0.000000000000000000e+00,0.000000000000000000e+00,0.000000000000000000e+00,3.743277352429297267e-04,-3.197720138454690237e-03,-2.255225477924560629e-04
1.838625727149396450e-03,1.759074167120211737e-05,5.365397542408408167e-03,2.813854598704570802e-04,-3.099134421229910244e-03,-1.952976561580211301e-04
0.000000000000000000e+00,0.000000000000000000e+00,0.000000000000000000e+00,3.049317425082298527e-04,-3.098131382377524237e-03,-1.818670008079392719e-04
1.841496816792359201e-03,1.083959220753107669e-05,5.415954668573087251e-03,2.133943356953389822e-04,-3.099339389351852408e-03,-1.524617211689478855e-04
0.000000000000000000e+00,0.000000000000000000e+00,0.000000000000000000e+00,2.382758615214752851e-04,-3.098567882688006009e-03,-1.395904612091006247e-04
1.839061219150967029e-03,8.079574617688856789e-07,5.466788100560200994e-03,1.473506892799957956e-04,-2.999562662313140417e-03,-1.107432330788363082e-04
0.000000000000000000e+00,0.000000000000000000e+00,0.000000000000000000e+00,1.727026018689681308e-04,-2.998975203457474037e-03,-9.834631687541395273e-05
1.841814083880228062e-03,-1.250960342722903547e-05,5.517345465434211893e-03,7.283831084084531489e-05,-2.999701779601395609e-03,-1.697587815992899520e-04
1.835419131451677694e-03,2.933107780716825454e-05,5.468015427970012408e-03,9.109008726887509312e-05,-2.899670510393603275e-03,-1.550794264925203065e-04
1.784477516294949743e-03,-2.911854227277353759e-05,5.423570029494422483e-03,1.035227818789089881e-05,-2.899920151896475708e-03,-1.305139333435158255e-04
1.783265102828248761e-03,1.107887444923863363e-05,5.423945981811105835e-03,2.978228058890821473e-05,-2.899879503202087375e-03,-1.164610154142985490e-04
0.000000000000000000e+00,0.000000000000000000e+00,0.000000000000000000e+00,-4.191175351342391053e-05,-2.900150385151431792e-03,-9.504955641242984754e-05
1.780881810818957332e-03,-5.402567033513694890e-06,5.474802255448359481e-03,-2.914299397918429296e-05,-2.900074581388629395e-03,-7.894796471852286884e-05
0.000000000000000000e+00,0.000000000000000000e+00,0.000000000000000000e+00,-1.107257298935682144e-04,-2.800417659676572840e-03,-1.574818995015644929e-04
1.783503594169821285e-03,-3.030376508987044681e-05,5.525308462093333692e-03,-9.673583712731716069e-05,-2.800208180454218619e-03,-1.420198281286021342e-04
0.000000000000000000e+00,0.000000000000000000e+00,0.000000000000000000e+00,-1.665795905921862996e-04,-2.800787231530152584e-03,-1.218008556642391493e-04
1.781056961827885395e-03,4.098745098926614722e-05,5.526046723980358039e-03,-1.521686608948831965e-04,-2.700391831607978563e-03,-1.067896515150241782e-04
1.779842616063717414e-03,-2.411081821790170125e-05,5.526431784170289518e-03,-1.292467540033270757e-04,-2.700338823002869024e-03,-9.463364415619701078e-05
1.773684837389788785e-03,9.468179246904099815e-06,5.477041393429737774e-03,-2.052911245716225453e-04,-2.700554679208403471e-03,-7.283650959173438883e-05
0.000000000000000000e+00,0.000000000000000000e+00,0.000000000000000000e+00,-1.742578041916686971e-04,-2.700927596139705844e-03,-6.360303553105267627e-05
0.000000000000000000e+00,0.000000000000000000e+00,0.000000000000000000e+00,-2.491131880774100082e-04,-2.701374588862746635e-03,-4.244380237917316778e-05
1.775017420825697901e-03,1.059590334425278334e-05,5.577993224859149370e-03,-2.415037108974873428e-04,-2.600617107160440623e-03,-1.283805481666396714e-04
0.000000000000000000e+00,0.000000000000000000e+00,0.000000000000000000e+00,-3.086198816741880790e-04,-2.601609947420722123e-03,-1.101461804824191426e-04
1.772605269108772173e-03,-2.927753381141476026e-05,5.578726947832012527e-03,-2.899425677731284358e-04,-2.500776416248645488e-03,-9.721793535209693787e-05
1.771399431840473644e-03,-6.963197521850586776e-07,5.579082413676293706e-03,-3.630303688160404509e-04,-2.500996247103917745e-03,-7.730609231599410434e-05
1.770195681392090553e-03,2.705417045537876028e-05,5.529436317648963976e-03,-3.363072857162334862e-04,-2.500938143153431676e-03,-6.729277998512797762e-05
1.714260848497298467e-03,-4.080442859217140106e-05,5.480125177986143806e-03,-4.083322251215972735e-04,-2.501124156214230756e-03,-4.783061823037691376e-05
0.000000000000000000e+00,0.000000000000000000e+00,0.000000000000000000e+00,-3.738151306347248237e-04,-2.502052462062296246e-03,-4.050697158611976656e-05
1.711906817558368895e-03,1.048723425233005940e-05,5.480821844018953989e-03,-4.517923804952799914e-04,-2.401265267372390804e-03,-1.959720024347897627e-05
0.000000000000000000e+00,0.000000000000000000e+00,0.000000000000000000e+00,-4.162928997055725944e-04,-2.402331051417395686e-03,-1.270813274743126664e-05
1.714248484372915072e-03,-4.111635285745175093e-05,5.531309980355824177e-03,-5.026607632922756733e-04,-2.301376885757918343e-03,-9.209356190064219981e-05
1.708424913408175322e-03,-1.373289522254699024e-05,5.481963411835003887e-03,-4.725898399547194236e-04,-2.301265318590789855e-03,-8.369134972772385400e-05
0.000000000000000000e+00,0.000000000000000000e+00,0.000000000000000000e+00,-4.360342260848470985e-04,-2.302324356737819530e-03,-7.750365311320200901e-05
1.706091477911333629e-03,2.916287625382047599e-05,5.482644721980038313e-03,-5.106550723892742038e-04,-2.301391468987873997e-03,-5.838398402182641100e-05
1.704930493537530406e-03,-4.331160579080437183e-07,5.432991280390661072e-03,-4.795588370446322748e-04,-2.201322547327133616e-03,-5.071381488469581375e-05
1.699194998960141612e-03,-3.087067012503863132e-05,5.383546423664987111e-03,-5.470750669386126959e-04,-2.201481441488759103e-03,-3.416698197559789974e-05
1.698084734398194913e-03,-7.803058435897266217e-06,5.333968889669786322e-03,-5.146804690533524724e-04,-2.201412977505168636e-03,-2.706580323108138513e-05
0.000000000000000000e+00,0.000000000000000000e+00,0.000000000000000000e+00,-5.753751808991180994e-04,-2.203077347631151629e-03,-1.279034207976592619e-05
1.695813958512122979e-03,2.666076462171515507e-05,5.384632728304651270e-03,-5.477707262189422362e-04,-2.101507251718562081e-03,-4.485322980770708498e-06
1.640188760906420226e-03,4.263161479815268692e-05,5.285164312599584420e-03,-6.133697581720490158e-04,-2.101664219306258099e-03,1.098130987404214352e-05
0.000000000000000000e+00,0.000000000000000000e+00,0.000000000000000000e+00,-5.737872396005538889e-04,-2.003114967641470272e-03,1.542312417575353312e-05
1.588202505620206224e-03,-2.310377409544159505e-05,5.290370512412450980e-03,-6.432922664753063999e-04,-2.101762999607733034e-03,3.165163465220214889e-05
0.000000000000000000e+00,0.000000000000000000e+00,0.000000000000000000e+00,-6.110093489813950285e-04,-2.103189979830028845e-03,-6.410948883080191951e-05
1.585991010780518108e-03,2.891892447780265601e-06,5.290974495873459853e-03,-6.799812736197093218e-04,-2.101797846281038169e-03,-4.833727258567025088e-05
1.584914652589861040e-03,1.901265348124147407e-05,5.291362209895057907e-03,-6.432629933334075211e-04,-2.101705404381187109e-03,-4.334078674431988742e-05
0.000000000000000000e+00,0.000000000000000000e+00,0.000000000000000000e+00,-6.007353772219392596e-04,-2.103112972238804518e-03,-4.024960070621308450e-05
1.582715444020089523e-03,3.989734039127111967e-05,5.291957712761981292e-03,-6.679520594968501321e-04,-2.101785103038417320e-03,-2.537929579006175762e-05
1.577319880138498527e-03,3.585078631062972111e-06,5.192534908036487533e-03,-6.297813186212567046e-04,-2.101655499947210383e-03,-2.119833797359742120e-05
0.000000000000000000e+00,0.000000000000000000e+00,0.000000000000000000e+00,-6.852088068315387304e-04,-2.103599106530650454e-03,-1.025181219292681245e-05
1.575176208937574020e-03,-3.047363710132454802e-05,5.193126798682611532e-03,-6.513494178044233968e-04,-2.101724404419226967e-03,-4.865366939445445803e-06
1.574106279468114912e-03,-2.386961171238837249e-05,5.193416916847625776e-03,-7.111391656410370830e-04,-2.101888859376246487e-03,7.137076047646891624e-06
0.000000000000000000e+00,0.000000000000000000e+00,0.000000000000000000e+00,-6.661021780421938487e-04,-2.003459381156823520e-03,9.034062261659148163e-06
1.521998241054986403e-03,-8.986429251721483571e-06,5.194079256772728831e-03,-7.295937657045233928e-04,-2.101948622985052185e-03,2.189892959946151775e-05
1.516729386406977026e-03,-4.954366297653539686e-06,5.094542146809757574e-03,-6.882841698429381606e-04,-2.101808253863481600e-03,2.457022624947385783e-05
0.000000000000000000e+00,0.000000000000000000e+00,0.000000000000000000e+00,-6.415634773605516372e-04,-2.003360987468121631e-03,2.556727588097496007e-05
1.514674008360761010e-03,4.717728392387289116e-06,5.095192278700704132e-03,-7.035925516871513203e-04,-2.101857626886643668e-03,3.754344079351520995e-05
1.513636738847234540e-03,6.171196981794597635e-06,5.095473001222466242e-03,-6.608525174465710184e-04,-2.001748974865038763e-03,3.954171144212917355e-05
0.000000000000000000e+00,0.000000000000000000e+00,0.000000000000000000e+00,-7.121496765681856189e-04,-2.003682159211039003e-03,4.796775785141649262e-05
1.511593353142019411e-03,1.061917531166918633e-05,5.096115027202278644e-03,-6.727437755850908946e-04,-2.101790125174458120e-03,5.081611655490381305e-05
1.506477554032463776e-03,9.487402194210911327e-06,4.996558577599646833e-03,-7.363456211384901548e-04,-2.001843583743103012e-03,-3.943871133795184375e-05
0.000000000000000000e+00,0.000000000000000000e+00,0.000000000000000000e+00,-6.864577123848469853e-04,-2.003351791943649984e-03,-4.004449414980737476e-05
1.504486099535011501e-03,8.698205755872894364e-06,4.997188771587910382e-03,-7.452445249272427819e-04,-2.001873739151627425e-03,-2.978756317215176699e-05
1.499456063163866638e-03,4.974528101079293034e-06,4.897622471484634234e-03,-6.991250096153098356e-04,-2.001723473120067386e-03,-2.941217055065681424e-05
0.000000000000000000e+00,0.000000000000000000e+00,0.000000000000000000e+00,-6.475344864739218664e-04,-2.003184630762547963e-03,-3.055941395151140494e-05
1.397674527222870621e-03,-1.064931502900805447e-06,4.902226222715721712e-03,-7.048349167681760164e-04,-2.001749018848521418e-03,-2.127173030692979867e-05
1.396717244833765251e-03,-3.421876563143431490e-06,4.902554549442398636e-03,-6.570121857593385793e-04,-2.001631835660841983e-03,-2.162905928955715303e-05
0.000000000000000000e+00,0.000000000000000000e+00,0.000000000000000000e+00,-7.041768654381108661e-04,-1.903410023516845934e-03,-1.559686689137085303e-05
1.390836158543850686e-03,-1.869003342519504819e-05,4.853198663739897653e-03,-6.594593014757445856e-04,-2.001593169867880908e-03,-1.520270045053313597e-05
1.389904333388425990e-03,-2.371161157298052466e-05,4.803520417230495304e-03,-7.101063265438136438e-04,-1.901733953206277217e-03,-8.418788474773259857e-06
0.000000000000000000e+00,0.000000000000000000e+00,0.000000000000000000e+00,-6.558216808232320005e-04,-1.903117841141702474e-03,-1.112664981336997094e-05
1.388000288285784695e-03,-4.419694295144014452e-05,4.804001058578486263e-03,-6.096882955959681072e-04,-1.901490821498794592e-03,-1.139635922565034900e-05
1.383222899881258626e-03,4.781501406723030648e-05,4.704454273030450953e-03,-6.584370256096116515e-04,-1.901578447909874027e-03,-5.509462376350466062e-06
0.000000000000000000e+00,0.000000000000000000e+00,0.000000000000000000e+00,-6.024310366772311909e-04,-1.902870420634637447e-03,-8.927584898330009899e-06
0.000000000000000000e+00,0.000000000000000000e+00,0.000000000000000000e+00,-6.500038922621076409e-04,-1.903102102235284740e-03,-3.651487741965220302e-06
1.380468561809564945e-03,1.173759512588848681e-05,4.705238133290504110e-03,-6.018011940010101419e-04,-1.901446090273464697e-03,-4.956898205397008660e-06
1.329546557649798543e-03,-3.305794545566817276e-06,4.705470933198021254e-03,-6.482917354997116488e-04,-1.901559083479309117e-03,-1.211044323311843526e-07
0.000000000000000000e+00,0.000000000000000000e+00,0.000000000000000000e+00,-5.903023298095000371e-04,-1.902759853129122429e-03,-4.502759582719617626e-06
1.327731147904335444e-03,-3.226816655666614724e-05,4.706011116483806503e-03,-6.399971846400493488e-04,-1.901540608740147874e-03,8.848614803527592776e-07
1.323123180170109785e-03,3.635110770629564052e-06,4.606449391198925991e-03,-5.852401581612077641e-04,-1.901378915539163805e-03,-2.746191229842572803e-06
0.000000000000000000e+00,0.000000000000000000e+00,0.000000000000000000e+00,-5.261505790679077421e-04,-1.802404145242912387e-03,-7.669056014278363698e-06
0.000000000000000000e+00,0.000000000000000000e+00,0.000000000000000000e+00,-5.692875330561841807e-04,-1.902664121100690765e-03,-4.527490882505480485e-06
1.320464898052499045e-03,-1.140912447594190118e-06,4.607198579340366328e-03,-5.171691101517253549e-04,-1.901218928809547595e-03,-7.618174785665039955e-06
1.266071998383045414e-03,-2.233696358005831504e-05,4.561190775304163440e-03,-5.598081521204010917e-04,-1.901280704816564904e-03,-4.973009687860435294e-06
0.000000000000000000e+00,0.000000000000000000e+00,0.000000000000000000e+00,-4.985645817950912217e-04,-1.802281025711229348e-03,-1.089550410227069221e-05
1.264353397498122270e-03,3.598639287232130191e-05,4.511659507529612416e-03,-4.442576628815539407e-04,-1.901026261056306451e-03,-1.485585337577341339e-05
1.263508920901425421e-03,1.572844874857973419e-05,4.511935205773727822e-03,-4.855217143939871520e-04,-1.801119759604054901e-03,-1.292739169043539973e-05
0.000000000000000000e+00,0.000000000000000000e+00,0.000000000000000000e+00,-4.224276656340508751e-04,-1.801882936206174960e-03,-1.945481597857845468e-05
0.000000000000000000e+00,0.000000000000000000e+00,0.000000000000000000e+00,-4.621878693699121854e-04,-1.802061526498567601e-03,-1.816895284660613452e-05
1.210941507012221370e-03,4.217124272399198106e-05,4.512595027099369077e-03,-4.058948492466337506e-04,-1.800932800139608530e-03,-2.310557253361089340e-05
1.206599742793582758e-03,1.829202590640684867e-05,4.412987977300255639e-03,-4.448200414888112066e-04,-1.800998680627170778e-03,-2.238577731039376878e-05
0.000000000000000000e+00,0.000000000000000000e+00,0.000000000000000000e+00,-3.794135705588175256e-04,-1.801642205607027931e-03,-3.002966693478603677e-05
0.000000000000000000e+00,0.000000000000000000e+00,0.000000000000000000e+00,-3.173825137795516227e-04,-1.801398131988358239e-03,-3.680970705449704283e-05
1.204111418543046689e-03,3.401398198333459359e-05,4.413631792235879654e-03,-3.585360819599221500e-04,-1.800799446957939689e-03,-3.580927312072346126e-05
1.199870063260909548e-03,6.501800187182785571e-06,4.364013629768426564e-03,-2.884884300838849486e-04,-1.800677829228906988e-03,5.667818290198372146e-05
0.000000000000000000e+00,0.000000000000000000e+00,0.000000000000000000e+00,-3.213005453547301826e-04,-1.701490695102897497e-03,5.504518820687032132e-05
0.000000000000000000e+00,0.000000000000000000e+00,0.000000000000000000e+00,-2.566418372514922552e-04,-1.801203488414699228e-03,4.719208268551267071e-05
1.197459344598678695e-03,1.146649520105990311e-05,4.364641454444720403e-03,-2.953783573606498102e-04,-1.800686924599805049e-03,4.703019553459657296e-05
1.196673571496944047e-03,-1.969037588175048521e-05,4.314899541144595792e-03,-2.301680520164502250e-04,-1.800547098881778198e-03,3.878276793052416543e-05
0.000000000000000000e+00,0.000000000000000000e+00,0.000000000000000000e+00,-1.609929542794041879e-04,-1.700748451851145232e-03,2.954002383628862027e-05
0.000000000000000000e+00,0.000000000000000000e+00,0.000000000000000000e+00,-1.941299853102096407e-04,-1.700886972820671219e-03,2.747991622172041293e-05
1.144284366528154368e-03,-2.551946238064942493e-05,4.315515402543816659e-03,-1.305494136968310913e-04,-1.800319514862826729e-03,1.944090204817322447e-05
1.140219693739183112e-03,3.945284536809659108e-05,4.215866793046581067e-03,-1.630303523822497795e-04,-1.700378067083562232e-03,1.688117401066984276e-05
0.000000000000000000e+00,0.000000000000000000e+00,0.000000000000000000e+00,-9.129291533505057288e-05,-1.700416321785701550e-03,6.467255166078822448e-06
0.000000000000000000e+00,0.000000000000000000e+00,0.000000000000000000e+00,-2.255892048053098620e-05,-1.700124459749506600e-03,-3.200452043702894933e-06
1.088011773830008374e-03,2.279953948565872478e-05,4.219696814288264632e-03,-5.663718218745881095e-05,-1.700139034587416298e-03,-5.706916480274787661e-06
1.084045561729791432e-03,-1.567875115658870990e-05,4.170029563119504595e-03,1.327107855978198476e-05,-1.699985541325445184e-03,-1.586232267256159790e-05
0.000000000000000000e+00,0.000000000000000000e+00,0.000000000000000000e+00,-1.312516249818429515e-05,-1.600061333829820402e-03,-2.066440660355994829e-05
0.000000000000000000e+00,0.000000000000000000e+00,0.000000000000000000e+00,5.829258388467817298e-05,-1.699756028612059520e-03,-3.141058450299716309e-05
1.081805868171926630e-03,-4.319943522394925086e-05,4.170561929796437473e-03,1.264944015619787632e-04,-1.699739495375304603e-03,-4.134769480054474415e-05
1.081073335290068382e-03,1.444586795569939505e-05,4.120777501441245244e-03,9.850647290877363239e-05,-1.599790249588463635e-03,-4.609921872050085144e-05
1.077223192115632630e-03,-2.864132371771121891e-05,4.021096740868551449e-03,1.711420745535694495e-04,-1.599641097594383917e-03,-5.744014733377031173e-05
0.000000000000000000e+00,0.000000000000000000e+00,0.000000000000000000e+00,1.540657425566083205e-04,-1.599457505048310340e-03,3.630039379591554205e-05
0.000000000000000000e+00,0.000000000000000000e+00,0.000000000000000000e+00,2.278927037924205479e-04,-1.599153921248972800e-03,2.448579127839467517e-05
1.025060824519100295e-03,2.999139567866443244e-05,4.021605179372571628e-03,2.990804941718980801e-04,-1.599417558328937883e-03,1.325042135698243051e-05
1.021305586283405200e-03,-1.678770538049431725e-05,3.921914860049782563e-03,2.739695748196432109e-04,-1.499476880400342493e-03,7.137086240829876175e-06
0.000000000000000000e+00,0.000000000000000000e+00,0.000000000000000000e+00,3.524934558766235071e-04,-1.498662643465408558e-03,-6.166157539386207809e-06
0.000000000000000000e+00,0.000000000000000000e+00,0.000000000000000000e+00,3.288038215862876257e-04,-1.498714322120338165e-03,-1.286581412608678310e-05
0.000000000000000000e+00,0.000000000000000000e+00,0.000000000000000000e+00,4.055105575961892583e-04,-1.498398094511039797e-03,-2.588926160124183085e-05
1.018537748066641966e-03,-1.957504396611609880e-05,3.922622998318759865e-03,4.800483401262460245e-04,-1.599044778177730140e-03,-3.838447107661391208e-05
1.014893809797659486e-03,2.882907211656319041e-05,3.872913834582906653e-03,4.579319013821536136e-04,-1.499117764127852470e-03,-4.586983832468684768e-05
0.000000000000000000e+00,0.000000000000000000e+00,0.000000000000000000e+00,5.391757108400563325e-04,-1.497890515820542081e-03,-6.031741751588715061e-05
0.000000000000000000e+00,0.000000000000000000e+00,0.000000000000000000e+00,5.183687332085407107e-04,-1.497963046843586461e-03,-6.840982235635506559e-05
9.629702452873079932e-04,-3.705328746704222815e-05,3.876313730630861088e-03,5.952200222256583085e-04,-1.498840136904664886e-03,-8.185012186867694469e-05
9.594180801636877217e-04,7.639373699667338785e-06,3.776578586915236516e-03,6.809273042250682138e-04,-1.398745999881988904e-03,3.613367904197008041e-06
9.087805125751945113e-04,-4.844040142693644096e-05,3.726764479023073409e-03,6.617206284199857267e-04,-1.398760485095888566e-03,-5.131431879132542688e-06
0.000000000000000000e+00,0.000000000000000000e+00,0.000000000000000000e+00,7.452136578718349114e-04,-1.297276604855132978e-03,-2.056348751890146875e-05
0.000000000000000000e+00,0.000000000000000000e+00,0.000000000000000000e+00,8.276175317900591466e-04,-1.396963331094885213e-03,-3.578627259606670385e-05
9.040186786273734024e-04,-2.830374563330889724e-05,3.677260073399377192e-03,8.076935530304627398e-04,-1.398526332150635751e-03,-4.478444105309346493e-05
9.034032870399875872e-04,1.172515311265400869e-05,3.627434529774266683e-03,8.904818775448378361e-04,-1.298345071058970785e-03,-6.033010702017639875e-05
8.999977479674257713e-04,8.908675161710009419e-07,3.527688412453777473e-03,8.742306779914946896e-04,-1.298413416618224943e-03,-7.049191455391691811e-05
0.000000000000000000e+00,0.000000000000000000e+00,0.000000000000000000e+00,9.605075900173121184e-04,-1.196618570622406952e-03,-8.706851900509848807e-05
0.000000000000000000e+00,0.000000000000000000e+00,0.000000000000000000e+00,1.045342189796683030e-03,-1.196310618453361781e-03,-1.033738549301860266e-04
0.000000000000000000e+00,0.000000000000000000e+00,0.000000000000000000e+00,1.036398793713977362e-03,-1.196420418380725586e-03,-1.446082139282267587e-05
8.948730346457063568e-04,-7.415384483133808245e-06,3.478336408289543508e-03,1.120296545646011022e-03,-1.198072663750934753e-03,-3.070541796741145264e-05
8.443001686003183620e-04,2.698581545807391972e-05,3.428503288887941626e-03,1.106924116357305534e-03,-1.198061108611492244e-03,-4.217662082311402437e-05
7.911100952963949409e-04,-3.941480565533363086e-05,3.381439665916803443e-03,1.193935038040106573e-03,-1.097989412669275874e-03,-5.934114916770273944e-05
0.000000000000000000e+00,0.000000000000000000e+00,0.000000000000000000e+00,1.183694898232445780e-03,-1.096094300326105279e-03,-7.187080554095504059e-05
0.000000000000000000e+00,0.000000000000000000e+00,0.000000000000000000e+00,1.072320343510901886e-03,-1.096452000534540658e-03,-7.895404301976050032e-05
7.894272157394439850e-04,-4.988018890077381090e-05,3.331774819948775130e-03,1.059570505128146472e-03,-1.098174721399818076e-03,-9.115762340964512231e-05
7.862514890611485303e-04,-2.018556217111570005e-05,3.231988815374201626e-03,1.049027392069293817e-03,-9.982390349603945459e-04,-1.041026655532900522e-04
7.831100328888339649e-04,8.559920938614583731e-06,3.182200011171180780e-03,9.446746356555663256e-04,-9.985163093302338103e-04,-1.229166305053780239e-05
7.799897273145247169e-04,3.376156194478741247e-05,3.082356176439517148e-03,9.352940433941625380e-04,-8.985714628713406755e-04,-2.583244203056245825e-05
0.000000000000000000e+00,0.000000000000000000e+00,0.000000000000000000e+00,9.280979974125580512e-04,-8.971339492496776050e-04,-3.998325348364417664e-05
0.000000000000000000e+00,0.000000000000000000e+00,0.000000000000000000e+00,8.202427762188380100e-04,-8.974574749882635073e-04,-4.893306559219934293e-05
7.284934255676004528e-04,9.071719377266306513e-06,3.032727972322733865e-03,8.114919226302586648e-04,-8.987239407439098901e-04,-6.307331844370655486e-05
7.254726454175558894e-04,3.308929733418598725e-05,2.982929430978172470e-03,7.047005967185384582e-04,-7.989377988714240885e-04,-7.272472173988937393e-05
7.224866595453277975e-04,-4.372184391679142612e-05,2.883132413668268532e-03,6.984663049922253944e-04,-7.989759204688829178e-04,-8.774524768387931425e-05
7.220171375363573394e-04,-2.411061513829405647e-05,2.833218549887782638e-03,6.976630258943718839e-04,-6.989911355141239461e-04,-3.174746236097233322e-06
0.000000000000000000e+00,0.000000000000000000e+00,0.000000000000000000e+00,5.935334894252575211e-04,-5.983524798890090847e-04,-1.401327978853283973e-05
0.000000000000000000e+00,0.000000000000000000e+00,0.000000000000000000e+00,5.891045278210160774e-04,-5.983528954578176164e-04,-2.994782592120881493e-05
0.000000000000000000e+00,0.000000000000000000e+00,0.000000000000000000e+00,5.852158028335496809e-04,-5.983530755333909927e-04,-4.616177857034997611e-05
6.678157287147862015e-04,-4.749655106396489363e-05,2.736196966032655546e-03,4.812907969727259812e-04,-5.993099002449478333e-04,-5.754805374210416956e-05
6.649629035067409480e-04,-3.014489592061793809e-05,2.686368789091046587e-03,4.786816390233356098e-04,-5.993445203918220006e-04,-7.434674562347311623e-05
6.121420979173145373e-04,-1.375251140148812074e-05,2.586537299579944917e-03,3.814199640054068878e-04,-4.995184445583891351e-04,1.333097691729712809e-05
0.000000000000000000e+00,0.000000000000000000e+00,0.000000000000000000e+00,3.806049392661714492e-04,-4.990214490132732772e-04,-4.206481807308981580e-06
0.000000000000000000e+00,0.000000000000000000e+00,0.000000000000000000e+00,3.797605651776336799e-04,-4.990504485578605744e-04,-2.187485820359658106e-05
0.000000000000000000e+00,0.000000000000000000e+00,0.000000000000000000e+00,2.793810701061660851e-04,-3.992898974253451284e-04,-3.505084534290159315e-05
6.081807607401480079e-04,3.753112339045303053e-05,2.486945399619671510e-03,2.792515722041696261e-04,-3.996415527208398589e-04,-5.317744762772370177e-05
6.054768658553368391e-04,-5.074653575111634762e-05,2.387109937309726468e-03,2.848495549671819062e-04,-3.996739897927140649e-04,2.819750074977322830e-05
6.051112486397076462e-04,-4.009732787108977425e-05,2.337215107920774006e-03,1.863673170450236706e-04,-2.997807350047693208e-04,1.403392340959639093e-05
6.024550424390039214e-04,-3.041287257336796398e-05,2.287371887286360986e-03,1.884183256325000608e-04,-1.997860948634596452e-04,-5.048885365833060520e-06
0.000000000000000000e+00,0.000000000000000000e+00,0.000000000000000000e+00,1.914141606714769850e-04,-1.995700358681251358e-04,-2.449694905128085853e-05
0.000000000000000000e+00,0.000000000000000000e+00,0.000000000000000000e+00,9.467230072168764110e-05,-9.977088500248438435e-05,-3.958389756912594759e-05
0.000000000000000000e+00,0.000000000000000000e+00,0.000000000000000000e+00,1.031407350178259463e-04,-9.980026572632780951e-05,4.034366261457256186e-05
4.966380587877400679e-04,-5.798700429583364963e-06,2.090037114504800925e-03,1.076059682951528506e-04,-9.989386128711004638e-05,2.013050736003676062e-05
4.963234730849259545e-04,-9.194327742882969007e-07,2.040121175151517630e-03,1.278155930278475709e-05,1.255744295901450112e-08,4.063499961580028999e-06
4.938099039607044688e-04,2.990348322745268014e-06,1.990252819885247448e-03,1.857549160240266686e-05,2.233960593802880013e-08,-1.676357980616113670e-05
4.913275139122323838e-04,5.929863209049419736e-06,1.890381562463433907e-03,2.488735043916662180e-05,1.000325080995912304e-04,-3.783949990736652785e-05
0.000000000000000000e+00,0.000000000000000000e+00,0.000000000000000000e+00,-6.392252968434597449e-05,1.998653041894067617e-04,4.510384766508168664e-05
0.000000000000000000e+00,0.000000000000000000e+00,0.000000000000000000e+00,-5.631545428141926379e-05,1.998892119354984172e-04,2.342265810698074269e-05
0.000000000000000000e+00,0.000000000000000000e+00,0.000000000000000000e+00,-4.809268034378089141e-05,1.999143263524507438e-04,1.468067896387426075e-06
0.000000000000000000e+00,0.000000000000000000e+00,0.000000000000000000e+00,-1.391434434698801681e-04,1.997606485152514811e-04,-1.650961809242235123e-05
4.856921125323928256e-04,1.826064162396908830e-06,1.690808315873794376e-03,-1.295180025634372985e-04,1.999010432496585703e-04,-3.908874166203141345e-05
4.833494200926495197e-04,-1.042668658446795276e-06,1.590928546556051202e-03,-2.152340986616983786e-04,2.998217915278251914e-04,4.223462757143075841e-05
4.331168192669234448e-04,-4.887197530247073285e-06,1.541003630771281335e-03,-2.046212738736808052e-04,3.998298362022317354e-04,1.912574524873501150e-05
4.308196992490973009e-04,-9.708304683168725595e-06,1.491120643649762037e-03,-1.934239853689031119e-04,4.998593479655460926e-04,-4.231913263257679730e-06
0.000000000000000000e+00,0.000000000000000000e+00,0.000000000000000000e+00,-2.817815276513480072e-04,4.996223550796530938e-04,-2.367730609373341899e-05
0.000000000000000000e+00,0.000000000000000000e+00,0.000000000000000000e+00,-2.652660980972942895e-04,5.996105561043669693e-04,5.233053854797331539e-05
0.000000000000000000e+00,0.000000000000000000e+00,0.000000000000000000e+00,-2.521487853834880610e-04,5.996667223909445902e-04,2.810741449424392080e-05
0.000000000000000000e+00,0.000000000000000000e+00,0.000000000000000000e+00,-3.383288228965275479e-04,5.995630038471543716e-04,7.623631851000345350e-06
3.757860734091291138e-04,-5.247358364969476063e-05,1.243508881784340797e-03,-3.235908798964844059e-04,6.997883151830073135e-04,-1.725346156907024264e-05
3.736228186778443156e-04,3.678093012744007871e-05,1.193601853523560069e-03,-3.046668322418294200e-04,6.998116144853027548e-04,5.761964619259282098e-05
3.714894381526023283e-04,2.513255446244123378e-05,1.093694228300270488e-03,-3.890264662013473819e-04,7.997847331637568087e-04,3.623699355405041688e-05
3.693852880769738574e-04,1.250125312757378517e-05,9.937844429628150261e-04,-3.728305606478687808e-04,8.998161011240833965e-04,1.062689342105086816e-05
0.000000000000000000e+00,0.000000000000000000e+00,0.000000000000000000e+00,-3.564808051986778636e-04,9.996895372100895669e-04,-1.517171261807004345e-05
0.000000000000000000e+00,0.000000000000000000e+00,0.000000000000000000e+00,-4.351095239436553186e-04,9.995937468319311594e-04,6.242272031041495861e-05
0.000000000000000000e+00,0.000000000000000000e+00,0.000000000000000000e+00,-4.169501823628740667e-04,9.996603135307047423e-04,3.594859586625309689e-05
0.000000000000000000e+00,0.000000000000000000e+00,0.000000000000000000e+00,-3.983420116497882191e-04,1.099683830139014992e-03,9.236229330827905315e-06
0.000000000000000000e+00,0.000000000000000000e+00,0.000000000000000000e+00,-4.788474698879108260e-04,1.099675642806683361e-03,-1.397634354745325158e-05
3.129468884226294990e-04,1.223271446201003390e-05,6.441642903382446784e-04,-4.547359239025980924e-04,1.199823935034695322e-03,5.848315342747148135e-05
3.110011769570378217e-04,-7.270984828472869642e-06,5.942463398781661814e-04,-4.342490588534375271e-04,1.299868711661830625e-03,3.092577324104178607e-05
3.090836795720891756e-04,-2.776397786981851053e-05,4.943263469793017463e-04,-5.129608050118033332e-04,1.399875329142726823e-03,6.772720468514847480e-06
3.071942501502430761e-04,-4.924705236191283145e-05,3.944044062807544821e-04,-4.910802069548661887e-04,1.399909566256608406e-03,-2.136209941300201031e-05
2.553643560185539963e-04,2.821512654141742705e-05,2.962888862593400789e-04,-4.649663735822573939e-04,1.499928829920366352e-03,5.024186807470357950e-05
0.000000000000000000e+00,0.000000000000000000e+00,0.000000000000000000e+00,-4.420360957286817438e-04,1.499910472059207394e-03,2.161449025540884694e-05
0.000000000000000000e+00,0.000000000000000000e+00,0.000000000000000000e+00,-5.181527030058141747e-04,1.599952751141803893e-03,-3.750117991377366344e-06
0.000000000000000000e+00,0.000000000000000000e+00,0.000000000000000000e+00,-4.903035385684928471e-04,1.599940925055285627e-03,6.694974722652735633e-05
0.000000000000000000e+00,0.000000000000000000e+00,0.000000000000000000e+00,-4.652157490040442767e-04,1.699995836203814026e-03,3.751103024862700863e-05
0.000000000000000000e+00,0.000000000000000000e+00,0.000000000000000000e+00,-5.394155988439619520e-04,1.800055545667634833e-03,1.123815000385330887e-05
1.982141162914344593e-04,-3.098107035516379994e-05,-1.034234554873469388e-04,-5.133107637244405715e-04,1.800030208571888916e-03,-1.899979975210573907e-05
1.965159646366795875e-04,3.955915968162840567e-05,-2.033681632398380644e-04,-4.829609992290500860e-04,1.800046035734977285e-03,5.064088267017270744e-05
1.948448912899051956e-04,9.161660544039856193e-06,-3.033146825440853275e-04,-5.553663677527491058e-04,1.800084060320031711e-03,2.345076428928399528e-05
1.932005201537351951e-04,-2.223391930437913067e-05,-4.032628697131389523e-04,-5.271922563673243998e-04,1.800108926794188836e-03,-7.431694515217471518e-06
1.915824894378606656e-04,4.531699816558218267e-05,-5.032121390766109651e-04,-4.950338997451407801e-04,1.800121134662676639e-03,6.138669580941995382e-05
1.399902698918931696e-04,1.192414062874209350e-05,-6.031634825920805399e-04,-5.655486443194168581e-04,1.800169158034296488e-03,3.315914706487111020e-05
0.000000000000000000e+00,0.000000000000000000e+00,0.000000000000000000e+00,-5.349724061852745294e-04,1.700378376446232695e-03,1.562284109704603630e-06
0.000000000000000000e+00,0.000000000000000000e+00,0.000000000000000000e+00,-5.042838289808226904e-04,1.800357685211457495e-03,-3.035745938266554145e-05
0.000000000000000000e+00,0.000000000000000000e+00,0.000000000000000000e+00,-5.694693947417839297e-04,1.900455399022727082e-03,4.059697612075752193e-05
0.000000000000000000e+00,0.000000000000000000e+00,0.000000000000000000e+00,-5.373099537024916827e-04,2.000486112790283728e-03,8.069508902433519815e-06
0.000000000000000000e+00,0.000000000000000000e+00,0.000000000000000000e+00,-5.045888337437132165e-04,2.000509635470096824e-03,-2.467897839535104776e-05
8.416865792354074596e-05,-1.272434770990830947e-05,-1.001330931730434705e-03,-4.692115643448249718e-04,2.100235848853534548e-03,4.213190688472478719e-05
8.273124058536497562e-05,4.684360680002708048e-05,-1.101299800142403751e-03,-5.352717561751613650e-04,2.100296864161601846e-03,1.197688792454114423e-05
8.131923076279918086e-05,5.455490710408678234e-06,-1.201271126765093280e-03,-5.007356731268333347e-04,2.100303903381641173e-03,-2.162934295301883041e-05
7.993238981848148307e-05,-3.693954318922364888e-05,-1.301243833449268472e-03,-4.624703303632752378e-04,2.100302965320861946e-03,4.445275650679709383e-05
7.857048752760539172e-05,1.961207639133763012e-05,-1.401216468977165746e-03,-5.266174687753867297e-04,2.100372118318369515e-03,1.340403907332748038e-05
2.723285525209099978e-05,-2.479805103369445049e-05,-1.501191778333257031e-03,-4.901663559161306563e-04,2.100372527524353716e-03,-2.117355978658173508e-05
2.742405232148607905e-05,2.973891293154988828e-05,-1.501187847098713621e-03,-4.501662706322049051e-04,2.100339775656271963e-03,4.411660643482697249e-05
0.000000000000000000e+00,0.000000000000000000e+00,0.000000000000000000e+00,-5.107644439983349827e-04,2.100823092971027938e-03,1.217662142836972716e-05
0.000000000000000000e+00,0.000000000000000000e+00,0.000000000000000000e+00,-4.722856407909370446e-04,2.100811120510393502e-03,-2.302326561726131260e-05
0.000000000000000000e+00,0.000000000000000000e+00,0.000000000000000000e+00,-4.302230467899681443e-04,2.100780162699352697e-03,4.142683312149952890e-05
0.000000000000000000e+00,0.000000000000000000e+00,0.000000000000000000e+00,-4.904267775113213546e-04,2.100940026195494484e-03,8.608122185504996082e-06
0.000000000000000000e+00,0.000000000000000000e+00,0.000000000000000000e+00,-4.500183724214235070e-04,2.100906465299418827e-03,-2.745207210542999210e-05
0.000000000000000000e+00,0.000000000000000000e+00,0.000000000000000000e+00,-4.058917365794556531e-04,2.100905027839856856e-03,3.623122719291493876e-05
0.000000000000000000e+00,0.000000000000000000e+00,0.000000000000000000e+00,-3.642045134351068469e-04,2.100848416316124581e-03,-3.481669429289402373e-07
-3.368783012133339883e-05,2.701039690701705298e-05,-2.399531137456871726e-03,-4.243446765674707775e-04,2.100515239432483670e-03,-3.431234070360788342e-05
-8.339380998167971587e-05,-2.749733018318200540e-05,-2.399546074405182333e-03,-3.787756116979680804e-04,2.100463059256321100e-03,2.837326466806936611e-05
-8.448002562953045753e-05,1.694019123902385426e-05,-2.499540239474762251e-03,-3.352548036781438363e-04,2.100427359388581591e-03,-8.983767545094642986e-06
-8.554321032806100214e-05,-3.960216571961646032e-05,-2.599537673378120046e-03,-3.883051073433426868e-04,2.100515592214036772e-03,5.607333723157570274e-05
-8.658336122221185847e-05,2.800911273116387691e-06,-2.699533691186277971e-03,-3.434960302569040709e-04,2.100474245606903916e-03,1.817067191050215872e-05
-8.760070898638014488e-05,4.418593223759407742e-05,-2.799530575202212410e-03,-2.980315451815508166e-04,2.100427398139682010e-03,-1.999468027710077966e-05
-8.726463311638750562e-05,-1.541396610724996886e-05,-2.799547058674781499e-03,-2.493515949686888776e-04,2.100361199289428084e-03,4.152314038605023279e-05
-8.824732215523739326e-05,2.261240687970439745e-05,-2.899496889814895482e-03,-3.025548118101337820e-04,2.100450478940475187e-03,5.474022938751986117e-06
0.000000000000000000e+00,0.000000000000000000e+00,0.000000000000000000e+00,-2.520126545879630697e-04,2.100772027215066888e-03,-3.361359508326222656e-05
0.000000000000000000e+00,0.000000000000000000e+00,0.000000000000000000e+00,-2.009290799009910700e-04,2.200645977837526867e-03,2.711461585416796716e-05
0.000000000000000000e+00,0.000000000000000000e+00,0.000000000000000000e+00,-2.518480964937008793e-04,2.200853935052726664e-03,-9.811054141287134378e-06
0.000000000000000000e+00,0.000000000000000000e+00,0.000000000000000000e+00,-1.998135325383953997e-04,2.200713452090194248e-03,5.035869504470269487e-05
0.000000000000000000e+00,0.000000000000000000e+00,0.000000000000000000e+00,-1.493317546791272932e-04,2.300552238352060290e-03,1.008080714461068172e-05
0.000000000000000000e+00,0.000000000000000000e+00,0.000000000000000000e+00,-9.853043645846604193e-05,2.300378472102674720e-03,-3.022044295521164603e-05
0.000000000000000000e+00,0.000000000000000000e+00,0.000000000000000000e+00,-1.439517077563845504e-04,2.400587337747599019e-03,3.162971515574541925e-05
0.000000000000000000e+00,0.000000000000000000e+00,0.000000000000000000e+00,-9.183524978695345453e-05,2.400392587632388820e-03,-9.212515833065260118e-06
-1.985264907437874881e-04,2.966932622322287363e-05,-3.998203613394859732e-03,-4.142603715077225831e-05,2.400113271369367675e-03,4.989009542119979610e-05
-1.992713244694244699e-04,-4.117935494594156216e-05,-4.098221732980938947e-03,-8.789072759689286508e-05,2.500209087937608349e-03,1.091619311980011146e-05
-1.999952464842938980e-04,-1.308615766849566031e-05,-4.198237225058419446e-03,-3.391817349260620954e-05,2.500097518222623404e-03,-3.072926588469088855e-05
-2.006985729954557116e-04,1.397732975630763976e-05,-4.298253310095621199e-03,2.307865005118044086e-05,2.499984072403621527e-03,2.733446455538985967e-05
-2.013814597779182004e-04,4.001027563314654055e-05,-4.398269974067301434e-03,7.836052561668791210e-05,2.499858611892227193e-03,-1.483252243067333372e-05
-2.008874198361828710e-04,-3.496243984396608749e-05,-4.398302950586000307e-03,3.652716788225882620e-05,2.499956608399148128e-03,4.502625431137274734e-05
-2.015410857554139601e-04,-1.099372377778325946e-05,-4.498320362588082051e-03,9.334817550290871600e-05,2.599825588853716275e-03,2.309917114320763900e-06
-2.021747288937543604e-04,1.194196227095395551e-05,-4.598338315849046128e-03,1.506168022729731349e-04,2.599686482862201536e-03,-4.065682640300944469e-05
-2.027885056984628383e-04,3.384378595585186807e-05,-4.698356796817675096e-03,1.108311110387179711e-04,2.599780071256338389e-03,1.833453955372947851e-05
-3.033670789014506104e-04,-4.637764987364007696e-05,-4.797187073214645783e-03,1.696585124563885160e-04,2.699631184024215216e-03,-2.531311401345173184e-05
-3.028406348220957908e-04,-2.653601330230160715e-05,-4.797227791235408184e-03,2.309862981482415560e-04,2.699492911598121592e-03,3.089587941485093286e-05
0.000000000000000000e+00,0.000000000000000000e+00,0.000000000000000000e+00,2.975342733861907618e-04,2.698604626418200578e-03,-1.354182981301577104e-05
0.000000000000000000e+00,0.000000000000000000e+00,0.000000000000000000e+00,2.612163913989773434e-04,2.798756017032707610e-03,4.427524328462495440e-05
0.000000000000000000e+00,0.000000000000000000e+00,0.000000000000000000e+00,3.231194779735879763e-04,2.898400094870847918e-03,-3.283222224231829856e-07
0.000000000000000000e+00,0.000000000000000000e+00,0.000000000000000000e+00,3.860142381456599381e-04,2.997991142632145441e-03,-4.519236698970197086e-05
0.000000000000000000e+00,0.000000000000000000e+00,0.000000000000000000e+00,3.508794059375874852e-04,2.998166754102057300e-03,1.182667218854738245e-05
0.000000000000000000e+00,0.000000000000000000e+00,0.000000000000000000e+00,4.151540409539355991e-04,3.097726126207573337e-03,-3.357144785112731178e-05
0.000000000000000000e+00,0.000000000000000000e+00,0.000000000000000000e+00,4.821924929567789064e-04,3.197275924969458956e-03,2.075049969731124211e-05
0.000000000000000000e+00,0.000000000000000000e+00,0.000000000000000000e+00,5.478754677226138625e-04,3.296775749877373356e-03,-2.516732401554311327e-05
0.000000000000000000e+00,0.000000000000000000e+00,0.000000000000000000e+00,5.169336712097516440e-04,3.496895199983182656e-03,3.061524259839742967e-05
-3.646108648225123436e-04,1.376510661220795293e-05,-6.497372957395605025e-03,5.720373061844692296e-04,3.498239757841829865e-03,-1.552012956940840866e-05
-3.649185964919633989e-04,2.217037568709555458e-05,-6.597406279634378257e-03,6.386551602335122394e-04,3.497987715817533431e-03,-6.220265937626588020e-05
-3.652089788558823130e-04,2.953005770870557154e-05,-6.697439871190633866e-03,6.082524906788362024e-04,3.598071685429127947e-03,-7.237220257188336118e-06
-3.654821713296855005e-04,3.584331785188301321e-05,-6.797473720518159082e-03,6.762111608496130556e-04,3.597806672841029688e-03,-5.445789236852097295e-05
-4.157295442041444118e-04,4.110932113104687999e-05,-6.896554848941011291e-03,7.471037073752566154e-04,3.697543757996069741e-03,-1.886623099296635922e-06
-4.150264622177645855e-04,-4.664236625735873784e-06,-6.896609729435965348e-03,8.165644459886344615e-04,3.797296938635126573e-03,-4.958596308600196026e-05
-4.152595782275956496e-04,-5.148725704833244523e-05,-6.996656305057637540e-03,7.884370319533014551e-04,3.797369869567050835e-03,4.242831351942499668e-06
-4.154759573343962207e-04,-4.936853308042545680e-05,-7.096700877119428361e-03,8.594430847653427392e-04,3.897074848064611095e-03,-4.404831101736670956e-05
-4.156758902507699197e-04,-4.830040083229957069e-05,-7.196745601912054105e-03,9.326030698334116789e-04,3.896783988732646989e-03,7.401295448036042290e-06
-4.149570779788165783e-04,-4.828369611944988279e-05,-7.196797347364040746e-03,1.004767684989173399e-03,3.996517074678107226e-03,-4.140846759133886559e-05
-4.151345445561858971e-04,-4.931925491942542591e-05,-7.296842047218144757e-03,9.792559869558755889e-04,3.996575343541051116e-03,1.130699219561712287e-05
-4.152958721788727308e-04,-1.414951956592515854e-06,-7.396884695529710486e-03,1.052977084701461419e-03,4.096250466674865483e-03,-3.801098303203441942e-05
-4.154413466216613955e-04,4.543584998333171943e-05,-7.496927448293082795e-03,1.129139749893067922e-03,4.195931583359714667e-03,1.228532943799223121e-05
-4.155643233734060090e-04,4.037527192272255799e-05,-7.596845884261790166e-03,1.104246856368638246e-03,4.295966782016268602e-03,-3.585338064666949564e-05
-4.156786899741546338e-04,3.513256910431727595e-05,-7.696889344656834483e-03,1.181354778646970596e-03,4.295630495315747553e-03,1.400838627275372440e-05
-4.157776849213747571e-04,2.883337904150675909e-05,-7.796932889296019110e-03,1.257811360818640763e-03,4.395270719242150813e-03,-3.639717323272989564e-05
-4.158614698694046777e-04,2.147686480775690956e-05,-7.896976508105444867e-03,1.234982346336410642e-03,4.495295613488428307e-03,-8.539170892442089907e-05
-4.159302066488993377e-04,1.306218931567028888e-05,-7.997020191131826161e-03,1.114117288098804767e-03,4.495733216694803615e-03,-3.302470248870037646e-05
-4.659843430004309713e-04,3.588515317168443944e-06,-8.097063928542362621e-03,1.093883957491359341e-03,4.495775082300555725e-03,1.703863404893912371e-05
-4.660235236417930465e-04,-6.944994595867590840e-06,-8.197107710624625468e-03,1.073100413647045661e-03,4.595804887277839951e-03,-3.287378386380681227e-05
-4.660481419994638307e-04,-1.853917799556079870e-05,-8.297151527786443895e-03,9.546243598104959052e-04,4.696262243846633516e-03,1.849834662853584293e-05
-4.660583606091603598e-04,-3.119487261321103209e-05,-8.397195370555778429e-03,9.343807821001110826e-04,4.596289859210888132e-03,-3.197290407085782738e-05
-4.660543421825899145e-04,-4.491291634555999825e-05,-8.497239229580608177e-03,9.167953111192044891e-04,4.596332704880680582e-03,1.722301997716507829e-05
-4.652679933237258473e-04,4.029513273565806972e-05,-8.497283545482271772e-03,8.980990823415738481e-04,4.596401909505342526e-03,-3.391102639355228216e-05
-4.652451976899778675e-04,2.445026721664584230e-05,-8.597327169032746227e-03,7.818587531147809001e-04,4.596871513099841031e-03,1.621312736802367203e-05
-5.152036057524891780e-04,7.540531956297239464e-06,-8.696621125742163075e-03,7.647581045961747512e-04,4.596900065515786490e-03,-3.537156593115986270e-05
0.000000000000000000e+00,0.000000000000000000e+00,0.000000000000000000e+00,7.701115093643462473e-04,4.593591613384688695e-03,1.144404576887414482e-05
0.000000000000000000e+00,0.000000000000000000e+00,0.000000000000000000e+00,6.550766814066300014e-04,4.594461416788173623e-03,-3.937882252881552692e-05
0.000000000000000000e+00,0.000000000000000000e+00,0.000000000000000000e+00,6.421676731883652067e-04,4.594490940300298247e-03,8.013480212357149135e-06
0.000000000000000000e+00,0.000000000000000000e+00,0.000000000000000000e+00,6.308517697022342219e-04,4.794421191348937662e-03,-4.503745139479431447e-05
-5.197442137270029362e-04,6.276450664019714411e-06,-9.896691558095411026e-03,4.965579996976832600e-04,4.797860210619495080e-03,4.425035557183803721e-06
-5.195665979876207437e-04,-1.703054554989224989e-05,-9.996743645650221430e-03,4.835747544735555323e-04,4.797891615126918460e-03,-4.908112686957648302e-05
-5.193853563168704607e-04,-4.140901589054867926e-05,-1.009696387288028588e-02,4.726627734832122623e-04,4.797461829855389527e-03,-2.891615483266498510e-06
-5.191831025411321535e-04,3.313389987215957175e-05,-1.019701272054845086e-02,4.615642260511528677e-04,4.897483067634308962e-03,-5.702991932331369525e-05
-5.189691340937866229e-04,6.611925881885439467e-06,-1.029706603420962353e-02,3.520035332033192091e-04,4.898043433686673741e-03,-1.008780766890255476e-05
-5.187433783495382263e-04,-2.098337494744811896e-05,-1.039711918113506509e-02,3.417783085993075049e-04,4.898070488507762915e-03,-6.478796919690724772e-05
-5.185060007682509809e-04,-4.965284272352685121e-05,-1.049717215374330014e-02,3.335552878830428986e-04,4.898115846247393969e-03,-1.979166713232006025e-05
-5.182569444789758561e-04,2.059664801625763522e-05,-1.059722039482024168e-02,2.265330403036762300e-04,4.998683006225430187e-03,2.616356538885454943e-05
-5.179968233341343282e-04,-1.022336023632888721e-05,-1.069727301387767004e-02,2.183745592536342540e-04,4.998706959435003129e-03,-2.943479825024641376e-05
-5.177255777629600000e-04,-4.212006214847231197e-05,-1.079732543732185926e-02,2.127100070969847173e-04,5.098743736998459855e-03,1.463967602270696360e-05
-5.674443790926907887e-04,2.490051179813093996e-05,-1.089737316256807372e-02,1.059457976676406827e-04,5.099307823908165622e-03,-4.069477340195605791e-05
-5.671514272973667654e-04,-9.151800362424919612e-06,-1.099742519308564981e-02,1.010986919969025831e-04,5.099347529969836847e-03,2.800233194418789839e-06
-5.668478494090992527e-04,-4.428333414374135193e-05,-1.109747700768493224e-02,9.627193006635394309e-05,5.199360779951327574e-03,-5.401898824048549424e-05
-5.659395296567725463e-04,1.950068275541498911e-05,-1.109752505419320939e-02,-7.472274083053867611e-06,5.199947129816663398e-03,-9.921999377641961828e-06
-5.656233371817342634e-04,-1.779153320829512323e-05,-1.119757626370635611e-02,-1.146096246504089024e-05,5.199963313863976630e-03,-6.731212365327779782e-05
-5.652967473848773648e-04,4.383060083208396103e-05,-1.129762288899354220e-02,-1.302732551923510470e-05,5.299989561180955613e-03,-2.503147060801771238e-05
-5.643905487181430890e-04,4.374317115964681721e-06,-1.129767406345117374e-02,-1.474548986704179291e-05,5.300009664577353709e-03,1.698298774495742112e-05
-5.640522943943665230e-04,-3.616540597837672010e-05,-1.139772441516737414e-02,-1.160746268572569257e-04,5.400580205589742590e-03,-4.019258239112033938e-05
-5.637041001953673521e-04,2.220742809431527903e-05,-1.149777027360040713e-02,-1.155870925030505106e-04,5.500600466353156200e-03,1.200091721026755962e-06
-5.638926168199156477e-04,-2.050143824075046752e-05,-1.169782018640558828e-02,-1.158113694336016907e-04,5.500615898260797706e-03,-5.766536622883218369e-05
-5.635176618714146960e-04,3.570100950007051231e-05,-1.179786572559153590e-02,-2.139351533367707208e-04,5.601218449797844626e-03,-1.577701732737481690e-05
-5.636642369842638804e-04,-9.180387903478799848e-06,-1.199791556910925240e-02,-2.110917905753799569e-04,5.701250138851830795e-03,2.471520141885793085e-05
-5.632634102776713650e-04,4.484826960267481523e-05,-1.209796076111956109e-02,-2.088879124994851737e-04,5.801241652940344537e-03,-3.506019263784218077e-05
-5.633691510867749061e-04,-2.209047575443949280e-06,-1.229801049329082990e-02,-3.046362436135264347e-04,5.901880064123132992e-03,5.880152155828714401e-06
-5.634509978687741094e-04,-3.566417644851841671e-07,-1.244805647411211663e-02,-3.011588469949147352e-04,6.001894596392160289e-03,-5.451535876581545904e-05
-6.130085259774700843e-04,4.057886339440290727e-07,-1.259760486985000809e-02,-3.959772485065311018e-04,6.002524810002587106e-03,-1.399729879160344170e-05
-6.125486127279143904e-04,-4.151371120104591128e-07,-1.269744723245842463e-02,-3.899369919203579324e-04,6.102529715249641398e-03,2.499923800581228256e-05
-6.120909184526109785e-04,-1.827753902201492368e-06,-1.279749921827037437e-02,-3.841792235516230231e-04,6.202504204415851610e-03,-3.625048039168691339e-05
-6.121031233422433377e-04,-4.332931262513389800e-06,-1.299755039883638934e-02,-4.770773149610449968e-04,6.203179978798549661e-03,3.148299425145964873e-06
-6.116226227878208055e-04,-7.931519007020538237e-06,-1.309760182462442121e-02,-4.705465091957196778e-04,6.203152274155726738e-03,-5.866361579880112898e-05
-6.111345935729938644e-04,3.737443581167880328e-05,-1.319765086596092624e-02,-4.623790494273825554e-04,6.203144848925293622e-03,-2.077753416736657010e-05
-6.106394886704955135e-04,-1.841232537927579873e-05,-1.329770363128288460e-02,-5.528594740087103753e-04,6.303794291741353882e-03,1.767141368625690573e-05
-6.101371038629800278e-04,2.470273733178112260e-05,-1.339775199999492482e-02,-5.442168733226251899e-04,6.303755520389061132e-03,-4.503571615582638489e-05
-6.096279775906056440e-04,-3.327697342991809743e-05,-1.349780401841572421e-02,-6.339742091244768892e-04,6.304411556136922321e-03,-7.183810415943856357e-06
-6.091119182339083593e-04,7.643789381038443333e-06,-1.359785170010064520e-02,-6.232387158433296253e-04,6.404364195404512947e-03,-7.051328578435309895e-05
-6.085893656730882555e-04,-2.533028891042496932e-06,-1.369790100312166109e-02,-6.116101548623171505e-04,6.404338864308596786e-03,-3.415469117219913054e-05
-6.080604009460530536e-04,-1.380921061623032884e-05,-1.379794993667136233e-02,-6.985989676701499914e-04,6.504995413572389404e-03,2.790884460612000567e-06
-6.075251112134075508e-04,2.381377735337795719e-05,-1.389799658014591148e-02,-6.857222264447433192e-04,6.604935833268563670e-03,-6.142152347159436621e-05
-6.069839190234107163e-04,-3.966306676580165762e-05,-1.399804668154848268e-02,-7.720019507597421183e-04,6.605597465247563076e-03,-2.512213992365359738e-05
-6.060364349604624055e-04,-4.242903836485759427e-06,-1.399809194048520257e-02,-7.572254233053480645e-04,6.705508112804315149e-03,1.007205616335050139e-05
-6.058836833023028548e-04,3.007462981826248150e-05,-1.419813818321416683e-02,-8.425762818394097117e-04,6.706194895281241027e-03,-5.420285525271404769e-05
-6.057121589355044097e-04,-3.671065678820209808e-05,-1.439818794879378812e-02,-8.257156231381155209e-04,6.806197969387577096e-03,-1.964611597533588315e-05
-6.059021311307762276e-04,-4.601066153756460793e-06,-1.469823471533637793e-02,-8.078015087485258643e-04,6.906244812481148083e-03,1.467011504769208987e-05
-6.056870522878969295e-04,2.640333192589144689e-05,-1.489828042536474849e-02,-8.902606139432163923e-04,7.006951588529177627e-03,-5.055623858629406075e-05
-6.054542610723173636e-04,-4.369805258624759943e-05,-1.509832961667753777e-02,-8.712455657779493226e-04,7.106940813228110679e-03,-1.688412901278295961e-05
-6.052037968017476418e-04,-1.490671678305199293e-05,-1.529837487343221891e-02,-9.515184785739711892e-04,7.207686710924804743e-03,1.727030533172212059e-05
-6.052905279417743634e-04,1.277686266830137614e-05,-1.554841989135291244e-02,-9.319690343396383860e-04,7.307720041790528691e-03,-4.959672121236507472e-05
-6.049997073049460028e-04,3.935183031454237166e-05,-1.579846599688560296e-02,-1.009457619370713200e-03,7.508466528235376546e-03,-1.608657776508505395e-05
-6.047026535953510572e-04,-3.484168481185473219e-05,-1.599878090757069979e-02,-9.882533282115075861e-04,7.508441301950101454e-03,1.642551131778683345e-05
-6.043792660562118330e-04,-1.049242073503881110e-05,-1.619882858486093591e-02,-1.066309714325665986e-03,7.609191472514954639e-03,-5.065296131910684661e-05
-6.040401089048115166e-04,1.274570409093434681e-05,-1.639887600450779664e-02,-1.142967165262905298e-03,7.709977607334568724e-03,-1.804396511817391984e-05
-6.040088185816687655e-04,3.487183404870025427e-05,-1.669892641135305167e-02,-1.118526571415428108e-03,7.810014320509409483e-03,1.360526533976228703e-05
-6.036332207596929820e-04,-4.411720058375171393e-05,-1.689897693227379594e-02,-1.094383500656068674e-03,7.909945336231705496e-03,-5.510060931675531294e-05
-6.032428014744573670e-04,-2.421771965977288757e-05,-1.709902357637545917e-02,-9.688849545625837509e-04,8.009036586247738482e-03,-2.465367986443784125e-05
-6.028380325237515588e-04,-5.432798661971649291e-06,-1.729906993729013812e-02,-9.426574379419362529e-04,8.108962714597602386e-03,6.135610224240546339e-06
-6.024292970060191998e-04,1.223691055866020466e-05,-1.749940768532433355e-02,-9.157023862063660502e-04,8.208058413343551074e-03,3.663438369317422653e-05
-6.019968477386591519e-04,2.879042013315524903e-05,-1.769945679816496698e-02,-7.895111990174054307e-04,8.207050530695004023e-03,-3.371613557280395335e-05
-6.015510754930764991e-04,4.422678359358001672e-05,-1.789950561192780315e-02,-7.611156846053329606e-04,8.306924788192469877e-03,-3.787138283826127097e-06
-6.010924363217134709e-04,-4.145939675849208563e-05,-1.809955752575506324e-02,-7.319977476319700777e-04,8.406788098127025710e-03,2.580460180210354448e-05
-6.003445917164288359e-04,-2.825997294904192863e-05,-1.819960029626428721e-02,-7.040408037332423563e-04,8.406569467938804913e-03,-4.481739307019218688e-05
-5.995956633132637666e-04,-1.618026133652069936e-05,-1.829964265450264790e-02,-5.739081638021535170e-04,8.505445502308759190e-03,-1.630118706069591460e-05
-5.988458270845275783e-04,-5.221118030224226823e-06,-1.839968459961346600e-02,-5.430537268075116830e-04,8.605222381665176071e-03,1.247622587081261896e-05
-5.980952591742916052e-04,4.616600816833734929e-06,-1.849972613080079487e-02,-5.124081538675736344e-04,8.604995733677914260e-03,4.099301915445146790e-05
-5.973441358983641548e-04,1.333203900858102696e-05,-1.859976724732912562e-02,-4.815645514944236682e-04,8.604734542497110769e-03,-3.078091415590477616e-05
-5.963436425357380955e-04,2.092434030496231182e-05,-1.859980231801745473e-02,-3.499286990729025943e-04,8.603518616139789466e-03,-3.346110551939583450e-06
-5.953535950129359121e-04,2.739264842279990128e-05,-1.859983688728172185e-02,-3.175790609875330200e-04,8.603225928531148606e-03,2.430765071914414623e-05
-5.943740014517040439e-04,3.273610703450564115e-05,-1.859987095807097077e-02,-2.840683719830113473e-04,8.702896174512074826e-03,-4.835976754220183617e-05
-5.948039972095199059e-04,3.695385976823782918e-05,-1.919993906470286726e-02,-2.457630136725371403e-04,8.902762306079652771e-03,-2.134215363430373133e-05
-5.949545681997696475e-04,4.004505020991901360e-05,-1.970000135561953206e-02,-2.060963025174719155e-04,9.202573968468004059e-03,5.352971611858665115e-06
-5.952879013177319375e-04,4.200882189825572735e-05,-2.030006936448994215e-02,-1.661088433442372344e-04,9.402399906854080197e-03,3.178810942275047741e-05
-5.953539841887198506e-04,-7.158379690374315461e-06,-2.080013296029043293e-02,-1.262073239021608770e-04,9.602151327240142711e-03,-4.209033136898043755e-05
-5.955945229376820521e-04,-7.452043798882322699e-06,-2.140020081660194348e-02,-8.348409153801621011e-05,9.901933382365750089e-03,-1.626576534249940219e-05
-5.957876123499275664e-04,4.112705919810738184e-05,-2.200026706065356594e-02,-3.986748628274947666e-05,1.020169493173345675e-02,9.283372741547345103e-06
-5.957511198667329085e-04,3.877698617234335426e-05,-2.250107885280167724e-02,-9.626119353565679865e-05,1.050146059202806612e-02,-6.507046452195295206e-05
-5.460507628021020465e-04,3.508587627302187675e-05,-2.315117084442082016e-02,-5.113582593075753364e-05,1.080119678199564955e-02,-3.932218095267265315e-05
-5.461078303954575771e-04,3.026222680927519071e-05,-2.380126313079044056e-02,-4.019640478635030871e-06,1.110090739234283717e-02,-1.465422498006251083e-05
-5.461216019239953454e-04,2.430518102654504053e-05,-2.440135040419939838e-02,-5.681182844113126951e-05,1.140180373285110127e-02,1.010109045688914981e-05
-5.460931083211589994e-04,1.721388212722074242e-05,-2.500143751777222575e-02,-9.081983492650512279e-06,1.170146024149376629e-02,-6.582466454058590185e-05
-5.460233815547507665e-04,8.987473266622908173e-06,-2.560152445779156558e-02,-6.007347520992539812e-05,1.200240131488512774e-02,-4.168242107773305723e-05
-4.960921929745887348e-04,-1.998446961344837746e-07,-2.630223419199131940e-02,-1.108465907404769372e-04,1.220342226375758891e-02,-1.813277502957545153e-05
-4.961174578447650509e-04,-1.070387379780575602e-05,-2.700278760408896320e-02,-1.594170703682830544e-04,1.250323216349452302e-02,5.380165656482927893e-06
-4.960875396142744699e-04,-2.234556136892898299e-05,-2.770290246215556529e-02,-2.060195904277530422e-04,1.290427856865098387e-02,-7.144312416690989486e-05
-4.961737238133218141e-04,-3.512576774473010843e-05,-2.850303010399134543e-02,-2.520460674931833162e-04,1.320545165064630939e-02,-4.855135725727884423e-05
-4.960492693552176350e-04,9.609895567343930321e-07,-2.920314320029385874e-02,-1.977947990518927107e-04,1.350515908339601848e-02,-2.628657381850583593e-05
-4.958898507701658053e-04,3.606140303813312671e-05,-2.990375464653071552e-02,-2.410685962770816009e-04,1.390633278061763518e-02,-3.992831217723850820e-06
-4.956884303243323624e-04,1.985640417253623332e-05,-3.060439083181389075e-02,-1.852017228151325000e-04,1.420458323284498961e-02,-8.232300351625073092e-05
-4.952929981927262169e-04,2.508874559549603217e-06,-3.120451201564986010e-02,-2.288256495522816641e-04,1.450572058957655917e-02,-6.065639577155103985e-05
-4.948661228362470892e-04,-1.598144183477941084e-05,-3.180463297216610391e-02,-2.731390920060980409e-04,1.470689943362181971e-02,-3.927571886044890217e-05
-4.942720101443540256e-04,-3.561540225091307005e-05,-3.230473733027323241e-02,-3.157391631793102812e-04,1.500803372996910995e-02,-1.823249577837438270e-05
-4.936564444760649806e-04,-6.385761558606730138e-06,-3.280483994952964472e-02,-3.591065952062145973e-04,1.520919793973482190e-02,2.520177664581478273e-06
-4.930367604253863695e-04,2.182824325708633063e-05,-3.330605278330361213e-02,-4.001604471996008544e-04,1.550881139658568005e-02,-7.699980903859317131e-05
-4.922558291915779581e-04,-1.246380912389320742e-06,-3.370615323855410961e-02,-4.426241502957276009e-04,1.570992047094613500e-02,-5.686226935103835925e-05
-4.913423362531469350e-04,-2.546806060034171465e-05,-3.400623359318678818e-02,-3.867881375808160404e-04,1.580927178273335704e-02,-3.725308491756895225e-05
-4.903081664845302182e-04,-8.278331681177532226e-07,-3.420629245208967051e-02,-4.309776580620759451e-04,1.591023259561294076e-02,-1.771100082956155136e-05
-4.892788240686368967e-04,2.266364663855470677e-05,-3.440635096973263668e-02,-4.744180540012434694e-04,1.601119194459433778e-02,1.593423485537165663e-06
-4.881443816507575269e-04,-5.004318786200339231e-06,-3.450639061661462531e-02,-4.198696763497095433e-04,1.601032911352711155e-02,-7.967303786926469803e-05
-4.862754002530630493e-04,-3.382277084013831801e-05,-3.390629110393467149e-02,-4.733290448585388476e-04,1.581064315003389079e-02,-6.097470958664667306e-05
-4.845715307735147591e-04,3.622715542036005745e-05,-3.340620848899222145e-02,-4.268460382814149158e-04,1.550935493684668307e-02,-4.270681210565388416e-05
-4.829055854831603247e-04,5.005218732019850781e-06,-3.290503056117633635e-02,-4.779118754710437217e-04,1.531125326001023419e-02,-2.461552506541199749e-05
-4.313006302066574966e-04,-2.726535302968861963e-05,-3.240496585964352388e-02,-4.296869752482648276e-04,1.500996290037932140e-02,-5.875166072512664837e-06
-4.297562375682092419e-04,3.932657804858093469e-05,-3.190489861380970543e-02,-4.789790258745360032e-04,1.481028900997165970e-02,1.164629074075001598e-05
-4.282633082417401996e-04,4.747293527027098467e-06,-3.140483289692266866e-02,-4.276265642480394746e-04,1.460899903593917970e-02,-7.137576067678931221e-05
-3.768127147736269203e-04,1.902059031402938597e-05,-3.090485233309767446e-02,-4.767956937208240762e-04,1.430931582391015491e-02,-5.486592875617297244e-05
-3.754200788993121126e-04,3.213739078556589499e-05,-3.040478159368914177e-02,-4.235653578549677055e-04,1.410807478323612522e-02,-3.841875693341043155e-05
-3.740638569964075408e-04,-5.991541110286020565e-06,-2.990371427253926337e-02,-4.710686210827124375e-04,1.380974763461229916e-02,-2.214397103969103294e-05
-3.727681498886426686e-04,5.481895140801696070e-05,-2.940365867814734649e-02,-4.161425743734722743e-04,1.360851693811076894e-02,-6.305178303747187207e-06
-3.734639244375565457e-04,1.453196474461582764e-05,-3.150499892934998519e-02,-6.240033131949661999e-04,1.461219395137612273e-02,9.395944165379455641e-06
-3.241867040641689614e-04,2.308633327288790984e-05,-3.380651840925160551e-02,-7.276127188062248138e-04,1.561481327874130777e-02,-7.423235360719738672e-05
-3.249412690456226181e-04,3.047466889012164941e-05,-3.630823792254626176e-02,-8.227371708893685539e-04,1.681793284175510383e-02,-5.920113025648488338e-05
-3.235164931282334894e-04,-1.344763139852743087e-05,-3.570691912755849518e-02,-8.689793843906903686e-04,1.651963184810864571e-02,-4.452600440121260317e-05
-3.221566543916168325e-04,4.155699734866197709e-05,-3.510680903115587226e-02,-8.124249668851987087e-04,1.631786973007750413e-02,-3.021833617284300566e-05
-3.208499143969202193e-04,-4.621620477884288412e-06,-3.450670006094538889e-02,-7.567385962710484505e-04,1.601615609820818131e-02,-1.627299725309400030e-05
-2.696428832719469613e-04,4.805545989689316436e-05,-3.400666693772094740e-02,-7.993427410865858477e-04,1.571627750033006282e-02,-2.825253311949743756e-06
-2.684366327799031721e-04,-4.524412463403507161e-07,-3.340655464260921387e-02,-7.401658330182396594e-04,1.551459863175533131e-02,1.051207973316008899e-05
-2.673240337891648701e-04,4.983945964925974343e-05,-3.290536366712294020e-02,-7.812254606867172647e-04,1.521621800794572578e-02,-7.625215620168593203e-05
-2.162060827770840524e-04,-9.970056933353322430e-07,-3.230527078556928722e-02,-7.202960848901751199e-04,1.501456381523827779e-02,-6.239027538020770910e-05
-2.151444762962404433e-04,4.701546643661799746e-05,-3.170517657401106942e-02,-7.600877145540691285e-04,1.471454532650795337e-02,-4.979086463667416418e-05
-2.141751923883281029e-04,-6.157192493745194894e-06,-3.120509976335098662e-02,-6.982462246395633758e-04,1.441303914081312060e-02,-3.765916512875714403e-05
-2.132042413139625600e-04,3.951738024568299810e-05,-3.060500514160728602e-02,-6.346880934431365891e-04,1.421147771035165958e-02,-2.577114292109065687e-05
-2.123190761606243409e-04,8.402171552902019036e-05,-3.010492699249358445e-02,-6.710634088012840115e-04,1.391154958596572955e-02,-1.409083132032267037e-05
-2.114278119567517867e-04,2.729876808640423452e-05,-2.950384911615969857e-02,-6.058539017871733112e-04,1.371140774076479336e-02,-2.869223022453015524e-06
-2.106231040553466747e-04,6.946075037908643849e-05,-2.900378726324892922e-02,-6.404522078902672973e-04,1.341144406889131085e-02,8.196309598460572546e-06
-2.098562022518343578e-04,1.043659619796972972e-05,-2.850372591072207820e-02,-5.742305810870520751e-04,1.311003064547740758e-02,-8.117480421876987226e-05
-1.590870771775848287e-04,5.025204595789640300e-05,-2.790368288252516316e-02,-6.062784862757129726e-04,1.290999273813691998e-02,-7.105729597794321179e-05
-1.583950998378847624e-04,8.889294120224179737e-05,-2.740361858949912077e-02,-5.382044162359258524e-04,1.260864087233861536e-02,-6.097395796823180681e-05
-1.077029050287934100e-04,2.634511180348891770e-05,-2.680354140091445805e-02,-5.684954692351533619e-04,1.240859567388930863e-02,-5.026488359445100952e-05
-1.070785754233627744e-04,6.260535296637960900e-05,-2.630259997783317150e-02,-4.987153192626717991e-04,1.210850676807987206e-02,-4.081152841953852612e-05
-1.064911715430390992e-04,9.771801125824700854e-05,-2.580255205327515108e-02,-5.266612483668780533e-04,1.190850439597892704e-02,-3.161304049276949418e-05
-1.059362323006314186e-04,3.164267328962857835e-05,-2.530250444139097235e-02,-4.537596577981479595e-04,1.170722303281233369e-02,-2.281968083126824078e-05
-1.053910954431704511e-04,6.439844634967238093e-05,-2.470244632590182232e-02,-4.818157983224762345e-04,1.140716800131822035e-02,-1.423412029298902630e-05
-1.049000396391716535e-04,9.597448811433192571e-05,-2.420239812404201621e-02,-4.071828807853896835e-04,1.120594097962833435e-02,-6.007863681803999833e-06
-1.044387675720598319e-04,2.635994904750565873e-05,-2.370235014061802467e-02,-4.328792289528066379e-04,1.090594306294851920e-02,1.921380466613972268e-06
-1.040064009317856892e-04,5.557394869691148666e-05,-2.320230175723980021e-02,-3.565212835374461232e-04,1.070476722051274913e-02,9.537176923603938060e-06
-1.036020646705336870e-04,8.360563843754219597e-05,-2.270225330086997687e-02,-3.793041922837377729e-04,1.050476473959335855e-02,1.688174969151250959e-05
-1.032214412906943684e-04,1.042933512645064438e-05,-2.220146483924519132e-02,-3.024333363653352799e-04,1.020466466620318334e-02,-7.614386085850761293e-05
-1.028705445719479836e-04,3.609425361105698385e-05,-2.170143288599274412e-02,-3.234857977546551247e-04,1.000464586197990537e-02,-6.941891142782308439e-05
-1.025450428486767161e-04,6.057426381752097685e-05,-2.120140086389762923e-02,-2.436853028242163817e-04,9.803556515714821271e-03,-6.303152970290245845e-05
-1.022440562499747087e-04,8.386850618026694926e-05,-2.070136877362794767e-02,-2.640647055795328950e-04,9.503544326329334269e-03,-5.692176964267784913e-05
-5.196337237931322712e-05,5.969457172869339822e-06,-2.020134644965440596e-02,-1.825292971162992695e-04,9.302515004193155287e-03,-5.140675963561178722e-05
-5.170877270757702818e-05,2.688958481328953691e-05,-1.970131316178488565e-02,-2.001385215147880199e-04,9.102507299184704054e-03,-4.591802879294030489e-05
-1.472710133537215734e-06,4.662136593941338758e-05,-1.920127986837702125e-02,-1.178560180114342405e-04,8.801534405581639200e-03,-4.009094117533662456e-05
-1.260967897029012138e-06,6.516394098936954013e-05,-1.870124656992235707e-02,-1.337275975020766673e-04,8.601535577637445251e-03,-3.523897410800766624e-05
-1.069328554622534597e-06,8.251645039980474007e-05,-1.820121326687643495e-02,-4.874781805488069813e-05,8.400618789668695338e-03,-3.071454706124994921e-05
-9.019743474746514444e-07,9.867803460671721062e-05,-1.780118662609931485e-02,-6.249470437578500911e-05,8.200648525569930944e-03,-2.648522528682675556e-05
-7.471113737010586528e-07,1.363639441768303464e-05,-1.730057662917003705e-02,2.331674634247382733e-05,7.900584594086138349e-03,-2.259042649463267974e-05
-6.097827428926558810e-07,2.741377903051709367e-05,-1.680055997436939383e-02,1.089139923892944715e-05,7.700587374273031895e-03,-1.898495927396920505e-05
-4.890708537666713798e-07,3.999763986758677573e-05,-1.630054331757006467e-02,9.932696902661765945e-05,7.499768962572356430e-03,-1.569997999426560464e-05
-3.865182421182285659e-07,5.138711735082874903e-05,-1.590052999229990896e-02,8.898620410797047952e-05,7.299792929344770670e-03,-1.271908426699268556e-05
-2.958640498750098902e-07,6.158135190333404710e-05,-1.540051333224770093e-02,1.791312423579724663e-04,7.099033252514482667e-03,-1.005806540905536682e-05
-2.206899049395599631e-07,7.057948394714757710e-05,-1.500050000420522466e-02,1.704823864945732284e-04,6.899066383666592993e-03,-7.702778417553598843e-06
-1.567722648115537023e-07,7.838065390337469016e-05,-1.450048334165054097e-02,1.623404374634313050e-04,6.699092144714965946e-03,-5.660904585348820334e-06
-1.051405755193252654e-07,8.498400219614762657e-05,-1.400046667806123697e-02,2.550592431316898827e-04,6.498413873386640546e-03,-3.938372609189294409e-06
-6.538298561080406995e-08,9.038866924602062395e-05,-1.360045334700359793e-02,2.482776349149539265e-04,6.198456160997172816e-03,-2.523644758607741282e-06
-3.543424542596898493e-08,9.459379547610642018e-05,-1.310043668173973934e-02,3.427366528580969626e-04,5.997841410937649644e-03,-1.428222372708878686e-06
-1.527132072587136031e-08,9.759852130730766124e-05,-1.270042334924313676e-02,3.383525226991471375e-04,5.797895003892849543e-03,-6.416312626668859080e-07
-3.698464669865190639e-09,-6.013463002653166528e-07,-1.230041001640033195e-02,4.348094648920739782e-04,5.597330569732900801e-03,-1.574726056319725721e-07
-6.550534197884061607e-19,-1.110204520537994607e-16,-1.180039334906734030e-02,4.318445923817542395e-04,5.397413201845537890e-03,-2.338279551620013288e-20
0.000000000000000000e+00,0.000000000000000000e+00,-1.140038001520065139e-02,4.296229950084296543e-04,5.197481490336993554e-03,0.000000000000000000e+00
0.000000000000000000e+00,0.000000000000000000e+00,-1.100036668133396074e-02,5.274764882590936678e-04,4.997001967053100839e-03,8.305206241301932302e-06
0.000000000000000000e+00,0.000000000000000000e+00,-1.050035001400060133e-02,5.251741867745208679e-04,4.797115383375982235e-03,-6.689084167332826070e-05
0.000000000000000000e+00,0.000000000000000000e+00,-1.010033668013391069e-02,6.237016824909613665e-04,4.696699628285767522e-03,-2.575564370170535522e-05
0.000000000000000000e+00,0.000000000000000000e+00,0.000000000000000000e+00,6.436499999999956145e-04,4.494179999999999529e-03,-6.845669980162782942e-05
0.000000000000000000e+00,0.000000000000000000e+00,0.000000000000000000e+00,6.404199999998638759e-04,4.294360000000000538e-03,4.838490069075662703e-06
0.000000000000000000e+00,0.000000000000000000e+00,0.000000000000000000e+00,6.373099999998910192e-04,4.094540000000001546e-03,-6.037574047351723650e-06
0.000000000000000000e+00,0.000000000000000000e+00,0.000000000000000000e+00,5.343199999998660132e-04,3.895599999999999931e-03,-1.252392108769262435e-06
0.000000000000000000e+00,0.000000000000000000e+00,0.000000000000000000e+00,5.322999999999300513e-04,3.795750000000000512e-03,1.902653592701641916e-05
0.000000000000000000e+00,0.000000000000000000e+00,0.000000000000000000e+00,5.291599999999174742e-04,3.595949999999999667e-03,-4.536828989776253707e-05
0.000000000000000000e+00,0.000000000000000000e+00,0.000000000000000000e+00,5.265199999999747860e-04,3.396100000000000854e-03,5.395630459065214879e-06
0.000000000000000000e+00,0.000000000000000000e+00,0.000000000000000000e+00,5.239999999999689351e-04,3.196250000000001174e-03,-2.884920296032655873e-05
0.000000000000000000e+00,0.000000000000000000e+00,0.000000000000000000e+00,5.223199999999650345e-04,3.096400000000000888e-03,-4.827029011374162071e-05
0.000000000000000000e+00,0.000000000000000000e+00,0.000000000000000000e+00,5.200100000000151823e-04,2.896550000000000340e-03,-5.303513095894496487e-05
0.000000000000000000e+00,0.000000000000000000e+00,0.000000000000000000e+00,5.184799999999878395e-04,2.796700000000000488e-03,-4.331122545379872957e-05
0.000000000000000000e+00,0.000000000000000000e+00,0.000000000000000000e+00,5.163799999998719414e-04,2.596850000000000373e-03,-1.926607355608178640e-05
0.000000000000000000e+00,0.000000000000000000e+00,0.000000000000000000e+00,5.150000000000432010e-04,2.497000000000000521e-03,1.893282477638535966e-05
0.000000000000000000e+00,0.000000000000000000e+00,0.000000000000000000e+00,5.131099999999833017e-04,2.297150000000000407e-03,-2.888203041417902739e-05
0.000000000000000000e+00,0.000000000000000000e+00,0.000000000000000000e+00,6.118799999998980610e-04,2.196760000000000292e-03,-6.287813908562034371e-05
0.000000000000000000e+00,0.000000000000000000e+00,0.000000000000000000e+00,6.101999999998941604e-04,1.996940000000000000e-03,1.677699880428540347e-05
0.000000000000000000e+00,0.000000000000000000e+00,0.000000000000000000e+00,6.091200000000185355e-04,1.897120000000000403e-03,9.915883297698102616e-06
0.000000000000000000e+00,0.000000000000000000e+00,0.000000000000000000e+00,6.076499999998485890e-04,1.697300000000000544e-03,1.637101443684174651e-05
0.000000000000000000e+00,0.000000000000000000e+00,0.000000000000000000e+00,7.067199999999385085e-04,1.597059999999999973e-03,-6.402510773609315642e-05
0.000000000000000000e+00,0.000000000000000000e+00,0.000000000000000000e+00,7.054599999998245607e-04,1.397269999999999936e-03,-3.143998317894913797e-05
0.000000000000000000e+00,0.000000000000000000e+00,0.000000000000000000e+00,8.046799999998910380e-04,1.297120000000000131e-03,1.395888815050594367e-05
0.000000000000000000e+00,0.000000000000000000e+00,0.000000000000000000e+00,8.039599999998259250e-04,1.197360000000000611e-03,-2.799599370555128086e-05
0.000000000000000000e+00,0.000000000000000000e+00,0.000000000000000000e+00,9.029999999998761240e-04,9.973000000000004431e-04,-5.747212870493845216e-05
0.000000000000000000e+00,0.000000000000000000e+00,0.000000000000000000e+00,9.024300000000096134e-04,8.975700000000000952e-04,2.536298319454066696e-05
0.000000000000000000e+00,0.000000000000000000e+00,0.000000000000000000e+00,9.019200000000004991e-04,7.978400000000001810e-04,2.034184203510147615e-05
0.000000000000000000e+00,0.000000000000000000e+00,0.000000000000000000e+00,8.014699999998597946e-04,6.983200000000001038e-04,2.729694785891245701e-05
0.000000000000000000e+00,0.000000000000000000e+00,0.000000000000000000e+00,8.008999999999932840e-04,4.985600000000001055e-04,-5.393919929183588202e-05
0.000000000000000000e+00,0.000000000000000000e+00,0.000000000000000000e+00,8.006400000000191142e-04,3.987200000000001941e-04,-2.353409937493056159e-05
0.000000000000000000e+00,0.000000000000000000e+00,0.000000000000000000e+00,7.003899999999951831e-04,2.990900000000001197e-04,1.834474765179117117e-05
0.000000000000000000e+00,0.000000000000000000e+00,0.000000000000000000e+00,7.001999999998176349e-04,1.993000000000000197e-04,-2.847015816945241973e-05
0.000000000000000000e+00,0.000000000000000000e+00,0.000000000000000000e+00,7.000699999999415724e-04,9.951000000000013654e-05,-6.414631679646509710e-05
0.000000000000000000e+00,0.000000000000000000e+00,0.000000000000000000e+00,6.999999999999229061e-04,-2.799999999999634379e-07,1.114877181292162067e-05
0.000000000000000000e+00,0.000000000000000000e+00,0.000000000000000000e+00,5.999799999998334243e-04,-2.000600000000000056e-04,-2.752392299118500141e-06
0.000000000000000000e+00,0.000000000000000000e+00,0.000000000000000000e+00,6.000600000000133605e-04,-2.998799999999999816e-04,-6.017309090333711197e-06
0.000000000000000000e+00,0.000000000000000000e+00,0.000000000000000000e+00,6.001999999998286484e-04,-3.997000000000000661e-04,1.186521481427726954e-06
0.000000000000000000e+00,0.000000000000000000e+00,0.000000000000000000e+00,6.003999999999454218e-04,-4.995200000000000421e-04,1.869159945837306491e-05
0.000000000000000000e+00,0.000000000000000000e+00,0.000000000000000000e+00,6.006599999999195916e-04,-5.993399999999999639e-04,-5.366957511732106667e-05
0.000000000000000000e+00,0.000000000000000000e+00,0.000000000000000000e+00,5.009099999999655495e-04,-6.993500000000001668e-04,-1.606450220344168844e-05
0.000000000000000000e+00,0.000000000000000000e+00,0.000000000000000000e+00,5.012799999999373313e-04,-7.992000000000000189e-04,-6.866068175781503413e-05
0.000000000000000000e+00,0.000000000000000000e+00,0.000000000000000000e+00,5.017099999999885540e-04,-8.990499999999999794e-04,-1.162561373824200217e-05
0.000000000000000000e+00,0.000000000000000000e+00,0.000000000000000000e+00,5.021999999998971731e-04,-9.989000000000000483e-04,-4.512679810253494850e-05
0.000000000000000000e+00,0.000000000000000000e+00,0.000000000000000000e+00,5.027499999998852331e-04,-1.098750000000000117e-03,-6.933173480848375814e-05
0.000000000000000000e+00,0.000000000000000000e+00,0.000000000000000000e+00,5.033599999999527341e-04,-1.198599999999999969e-03,1.559207618609392831e-05
0.000000000000000000e+00,0.000000000000000000e+00,0.000000000000000000e+00,5.040299999998776315e-04,-1.298450000000000038e-03,9.477134923371877129e-06
0.000000000000000000e+00,0.000000000000000000e+00,0.000000000000000000e+00,5.047599999998819698e-04,-1.398300000000000324e-03,1.215594144556020328e-05
0.000000000000000000e+00,0.000000000000000000e+00,0.000000000000000000e+00,5.055499999999657490e-04,-1.498150000000000176e-03,2.346099579485227959e-05
0.000000000000000000e+00,0.000000000000000000e+00,0.000000000000000000e+00,5.062399999999911415e-04,-1.598050000000000165e-03,-5.677520198654750772e-05
0.000000000000000000e+00,0.000000000000000000e+00,0.000000000000000000e+00,5.071399999998504882e-04,-1.697900000000000451e-03,-2.872015185646781266e-05
0.000000000000000000e+00,0.000000000000000000e+00,0.000000000000000000e+00,5.081000000000113204e-04,-1.797750000000000303e-03,7.458646227281873209e-06
0.000000000000000000e+00,0.000000000000000000e+00,0.000000000000000000e+00,5.091200000000295489e-04,-1.897600000000000155e-03,-4.840630769310794168e-05
0.000000000000000000e+00,0.000000000000000000e+00,0.000000000000000000e+00,5.101999999999051738e-04,-1.997450000000000440e-03,3.517486424575722026e-06
0.000000000000000000e+00,0.000000000000000000e+00,0.000000000000000000e+00,5.108000000000334495e-04,-1.997300000000000464e-03,-3.693747137747949161e-05
0.000000000000000000e+00,0.000000000000000000e+00,0.000000000000000000e+00,5.119700000000282358e-04,-2.097150000000000316e-03,-6.993868105710510097e-05
0.000000000000000000e+00,0.000000000000000000e+00,0.000000000000000000e+00,5.131999999998804185e-04,-2.197000000000000602e-03,4.346357427909008919e-06
0.000000000000000000e+00,0.000000000000000000e+00,0.000000000000000000e+00,5.144900000000340867e-04,-2.296850000000000454e-03,-1.424985588023564009e-05
0.000000000000000000e+00,0.000000000000000000e+00,0.000000000000000000e+00,5.155999999999494321e-04,-2.396750000000000443e-03,-2.589482093937056639e-05
0.000000000000000000e+00,0.000000000000000000e+00,0.000000000000000000e+00,5.169999999998786677e-04,-2.496600000000000728e-03,-3.075603770728851938e-05
0.000000000000000000e+00,0.000000000000000000e+00,0.000000000000000000e+00,5.184599999998873443e-04,-2.596450000000000147e-03,-2.900100614178224845e-05
0.000000000000000000e+00,0.000000000000000000e+00,0.000000000000000000e+00,5.192400000000318983e-04,-2.596300000000000170e-03,-2.079722620071389194e-05
0.000000000000000000e+00,0.000000000000000000e+00,0.000000000000000000e+00,5.207899999999376917e-04,-2.696150000000000456e-03,-6.312197841820688105e-06
0.000000000000000000e+00,0.000000000000000000e+00,0.000000000000000000e+00,5.223999999999229260e-04,-2.796000000000001609e-03,1.428657897703522472e-05
0.000000000000000000e+00,0.000000000000000000e+00,0.000000000000000000e+00,5.240699999999876013e-04,-2.895850000000000160e-03,-5.916839570190013387e-05
0.000000000000000000e+00,0.000000000000000000e+00,0.000000000000000000e+00,5.257999999999096730e-04,-2.995700000000001313e-03,-2.684462183649705125e-05
0.000000000000000000e+00,0.000000000000000000e+00,0.000000000000000000e+00,4.267000000000020776e-04,-2.996440000000000388e-03,1.109040061549049216e-05
0.000000000000000000e+00,0.000000000000000000e+00,0.000000000000000000e+00,4.285200000000433107e-04,-3.096320000000001363e-03,-4.553082830377475076e-05
0.000000000000000000e+00,0.000000000000000000e+00,0.000000000000000000e+00,4.300799999998883294e-04,-3.196239999999999498e-03,3.124191447892443740e-06
0.000000000000000000e+00,0.000000000000000000e+00,0.000000000000000000e+00,4.320099999999271745e-04,-3.296120000000000473e-03,-4.311204008730640247e-05
0.000000000000000000e+00,0.000000000000000000e+00,1.000033334666723846e-02,4.164774924470465776e-04,-3.297807406323634283e-03,1.559297713282781217e-05
0.000000000000000000e+00,0.000000000000000000e+00,1.020034001360058465e-02,4.173181961356412753e-04,-3.397767296152257119e-03,-2.092825684950339049e-05
0.000000000000000000e+00,0.000000000000000000e+00,1.040034668053392737e-02,4.181789127572802466e-04,-3.497727639416675378e-03,-5.284324199214540663e-05
0.000000000000000000e+00,0.000000000000000000e+00,1.060035334746727356e-02,4.190596422363581167e-04,-3.597688446118946400e-03,1.968052174713963431e-05
0.000000000000000000e+00,0.000000000000000000e+00,1.080036001440061802e-02,4.194203589930488221e-04,-3.597654866037560285e-03,-3.524465589488379180e-06
0.000000000000000000e+00,0.000000000000000000e+00,1.100036668133396074e-02,3.203360719826872844e-04,-3.698166473522020766e-03,-2.262570395981933213e-05
0.000000000000000000e+00,0.000000000000000000e+00,1.110037001480063470e-02,3.210763748870241476e-04,-3.798150014664059167e-03,-3.779069332164597395e-05
0.000000000000000000e+00,0.000000000000000000e+00,1.130037668173397916e-02,3.220219620538500760e-04,-3.898122428866840437e-03,-4.918693363284432074e-05
0.000000000000000000e+00,0.000000000000000000e+00,1.150038334866732362e-02,3.224125327363717834e-04,-3.898099839157242747e-03,-5.698192485115161077e-05
0.000000000000000000e+00,0.000000000000000000e+00,1.170039001560066981e-02,3.233881381755242734e-04,-3.998073083535015268e-03,-6.134316693437447121e-05
0.000000000000000000e+00,0.000000000000000000e+00,1.180039334906734030e-02,2.241826551734321790e-04,-4.098647827992552527e-03,-6.243815984040279599e-05
0.000000000000000000e+00,0.000000000000000000e+00,1.200040001600068650e-02,2.245930501598576408e-04,-4.098635960116153894e-03,-6.043440352693218998e-05
0.000000000000000000e+00,0.000000000000000000e+00,1.220040668293403095e-02,2.256134763636392319e-04,-4.198620430912665923e-03,-5.549939795183866931e-05
0.000000000000000000e+00,0.000000000000000000e+00,1.230041001640070318e-02,1.264424002354346856e-04,-4.299226048226488517e-03,-4.780064307294273895e-05
0.000000000000000000e+00,0.000000000000000000e+00,1.250041668333404937e-02,1.268726025178066577e-04,-4.299224935404147296e-03,-3.750563884800939274e-05
0.000000000000000000e+00,0.000000000000000000e+00,1.260042001680071987e-02,1.277177298371570018e-04,-4.399221048059102739e-03,-2.478188523485913564e-05
0.000000000000000000e+00,0.000000000000000000e+00,1.280042668373406606e-02,2.880113357053973094e-05,-4.499857214131869690e-03,-9.796882191326350409e-06
0.000000000000000000e+00,0.000000000000000000e+00,1.290043001720073829e-02,2.902612999335502165e-05,-4.499862033103543650e-03,7.281870324837846908e-06
0.000000000000000000e+00,0.000000000000000000e+00,1.310043668413408274e-02,3.013114689841917956e-05,-4.599868934297666155e-03,2.628687235578519577e-05
0.000000000000000000e+00,0.000000000000000000e+00,1.320044001760075497e-02,-6.897609315574792501e-05,-4.700531260530443553e-03,-5.294937605633542876e-05
0.000000000000000000e+00,0.000000000000000000e+00,1.340044668453409943e-02,3.149115693965696288e-05,-4.699881654509465226e-03,-3.059437486922778060e-05
0.000000000000000000e+00,0.000000000000000000e+00,1.350045001800077166e-02,3.240117584588393250e-05,-4.799884516767795144e-03,-6.815624040756862456e-06
0.000000000000000000e+00,0.000000000000000000e+00,1.370045668493411611e-02,1.335640084675434225e-04,-4.899208193806126044e-03,1.821937647125682069e-05
0.000000000000000000e+00,0.000000000000000000e+00,1.380046001840078834e-02,1.338091162280001577e-04,-4.899208808787091501e-03,-5.565687329098234493e-05
0.000000000000000000e+00,0.000000000000000000e+00,1.390046335186746057e-02,2.347472992237464146e-04,-4.998512491444173644e-03,-2.861187328524750217e-05
0.000000000000000000e+00,0.000000000000000000e+00,1.410047001880080503e-02,2.352477502420903554e-04,-4.998504159274331539e-03,-8.131234694175315525e-07
0.000000000000000000e+00,0.000000000000000000e+00,1.420047335226747899e-02,2.362080011959977947e-04,-5.098498457766545942e-03,2.757187619874257312e-05
0.000000000000000000e+00,0.000000000000000000e+00,1.430047668573415122e-02,3.371767739216973022e-04,-5.197778012154474596e-03,-4.362437423854892415e-05
0.000000000000000000e+00,0.000000000000000000e+00,1.450048335266749568e-02,3.376974747044033656e-04,-5.197760493839188346e-03,-1.456937473914843295e-05
0.000000000000000000e+00,0.000000000000000000e+00,1.460048668613416790e-02,3.386878510134316584e-04,-5.297750681792330434e-03,1.456937473914843295e-05
0.000000000000000000e+00,0.000000000000000000e+00,1.470049001960084013e-02,4.396872332007855798e-04,-5.397006134752009229e-03,-5.637562576145394022e-05
0.000000000000000000e+00,0.000000000000000000e+00,1.480049335306751410e-02,4.399577135173307662e-04,-5.396992773399759795e-03,-2.757187619875645090e-05
0.000000000000000000e+00,0.000000000000000000e+00,1.490049668653418459e-02,4.409732188679903490e-04,-5.496978707921390365e-03,8.131234694314093403e-07
0.000000000000000000e+00,0.000000000000000000e+00,1.510050335346753078e-02,5.415236945552434232e-04,-5.496197438745980060e-03,2.861187328526137996e-05
0.000000000000000000e+00,0.000000000000000000e+00,1.520050668693420301e-02,5.425593340076456184e-04,-5.596179011127446791e-03,-4.434312670903439724e-05
0.000000000000000000e+00,0.000000000000000000e+00,1.530051002040087350e-02,5.428399555595509038e-04,-5.596161129362025102e-03,-1.821937647125682069e-05
0.000000000000000000e+00,0.000000000000000000e+00,1.540051335386754747e-02,5.438906017472825349e-04,-5.696143176424914474e-03,6.815624040756862456e-06
0.000000000000000000e+00,0.000000000000000000e+00,1.550051668733421970e-02,5.449512511436073285e-04,-5.796125527706964126e-03,3.059437486921390281e-05
0.000000000000000000e+00,0.000000000000000000e+00,1.560052002080089192e-02,5.452418833598608652e-04,-5.796108045242077782e-03,-4.705062394367437451e-05
0.000000000000000000e+00,0.000000000000000000e+00,1.570052335426756415e-02,5.463175393743069852e-04,-5.896090882040879236e-03,-2.628687235575050130e-05
0.000000000000000000e+00,0.000000000000000000e+00,1.580052668773423985e-02,5.466131787298164754e-04,-5.896073627581403451e-03,-7.281870324851724696e-06
0.000000000000000000e+00,0.000000000000000000e+00,1.590053002120090861e-02,5.477038412880786680e-04,-5.996056956564930172e-03,9.796882191326350409e-06
0.000000000000000000e+00,0.000000000000000000e+00,1.600053335466758084e-02,5.480044877395411854e-04,-5.996039933445347810e-03,2.478188523487301342e-05
0.000000000000000000e+00,0.000000000000000000e+00,1.610053668813425307e-02,5.491101567660921926e-04,-6.096023761281572396e-03,-6.249436115200041053e-05
0.000000000000000000e+00,0.000000000000000000e+00,1.620054002160092529e-02,5.494158102693825520e-04,-6.096006972836367187e-03,-5.219935692704624763e-05
0.000000000000000000e+00,0.000000000000000000e+00,1.630054335506759752e-02,5.505364856881389199e-04,-6.195991306193269176e-03,-4.450060204812950060e-05
0.000000000000000000e+00,0.000000000000000000e+00,1.640054668853427322e-02,5.516671641066458499e-04,-6.295975962939127403e-03,-3.956559647305679661e-05
0.000000000000000000e+00,0.000000000000000000e+00,1.650055002200094545e-02,5.519828279324105790e-04,-6.295959601302477705e-03,-3.756184015960700728e-05
0.000000000000000000e+00,0.000000000000000000e+00,1.650055002200094545e-02,5.528078454970292632e-04,-6.395960945574313307e-03,-3.865683306559369870e-05
0.000000000000000000e+00,0.000000000000000000e+00,1.660055335546761421e-02,4.531270304236661908e-04,-6.396774791617532846e-03,-4.301807514885125361e-05
0.000000000000000000e+00,0.000000000000000000e+00,1.670055668893428644e-02,4.542825792777101354e-04,-6.496765294416318413e-03,-5.081306636715160474e-05
0.000000000000000000e+00,0.000000000000000000e+00,1.680056002240095867e-02,4.546081137093579104e-04,-6.496754369222815934e-03,3.779069332165985173e-05
0.000000000000000000e+00,0.000000000000000000e+00,1.690056335586763089e-02,4.557786670371965273e-04,-6.596745399196185002e-03,2.262570395981239324e-05
0.000000000000000000e+00,0.000000000000000000e+00,1.690056335586763089e-02,3.557767660730350081e-04,-6.597590415304982643e-03,3.524465589481440286e-06
0.000000000000000000e+00,0.000000000000000000e+00,1.700056668933430659e-02,3.569571801585219215e-04,-6.697586781609340782e-03,-1.968052174713963431e-05
0.000000000000000000e+00,0.000000000000000000e+00,1.710057002280097882e-02,3.572925800660636439e-04,-6.697581302810996090e-03,-4.715675800787827443e-05
0.000000000000000000e+00,0.000000000000000000e+00,1.710057002280097882e-02,2.581454110859465224e-04,-6.798438502451840948e-03,2.092825684952420717e-05
0.000000000000000000e+00,0.000000000000000000e+00,1.720057335626765105e-02,2.584856695951726329e-04,-6.798438222036270843e-03,-1.559297713283475106e-05
0.000000000000000000e+00,0.000000000000000000e+00,1.730057668973432328e-02,1.588234581961404197e-04,-6.799303012824912604e-03,-5.688795991268258412e-05
0.000000000000000000e+00,0.000000000000000000e+00,1.730115342560790970e-02,2.596749240014458262e-04,-6.897750393546587047e-03,-3.124191447878565953e-06
0.000000000000000000e+00,0.000000000000000000e+00,1.740116009280795462e-02,2.600202072637083873e-04,-6.897750370886404289e-03,-5.446917169622117472e-05
0.000000000000000000e+00,0.000000000000000000e+00,1.750116676000800300e-02,3.612333251890100807e-04,-6.996868095333695636e-03,-1.109040061550436995e-05
0.000000000000000000e+00,0.000000000000000000e+00,1.750116676000800300e-02,3.612333251890100807e-04,-6.996868095333695636e-03,2.684462183648317346e-05
0.000000000000000000e+00,0.000000000000000000e+00,1.760117342720804792e-02,4.624567364974913357e-04,-7.095976170037508746e-03,-4.083160429809579162e-05
0.000000000000000000e+00,0.000000000000000000e+00,1.760117342720804792e-02,4.624567364974913357e-04,-7.095976170037508746e-03,-1.428657897704910251e-05
0.000000000000000000e+00,0.000000000000000000e+00,1.770118009440809284e-02,5.636904436593060622e-04,-7.195074597524582852e-03,6.312197841799871423e-06
0.000000000000000000e+00,0.000000000000000000e+00,1.770118009440809284e-02,5.636904436593060622e-04,-7.195074597524582852e-03,2.079722620070001415e-05
0.000000000000000000e+00,0.000000000000000000e+00,1.780118676160813776e-02,5.640511745942923495e-04,-7.195060249109784534e-03,2.900100614181000402e-05
0.000000000000000000e+00,0.000000000000000000e+00,1.780118676160813776e-02,6.649344491450740521e-04,-7.294163380321848009e-03,3.075603770727464159e-05
0.000000000000000000e+00,0.000000000000000000e+00,1.790119342880818268e-02,6.653003322398829203e-04,-7.294144240850727184e-03,2.589482093937056639e-05
0.000000000000000000e+00,0.000000000000000000e+00,1.790119342880818268e-02,6.661954037789725655e-04,-7.394137592495748923e-03,1.424985588024257899e-05
0.000000000000000000e+00,0.000000000000000000e+00,1.790119342880818268e-02,6.661954037789725655e-04,-7.394137592495748923e-03,-4.346357427915947813e-06
0.000000000000000000e+00,0.000000000000000000e+00,1.800120009600822760e-02,7.665597923240534710e-04,-7.393218592113967244e-03,-3.006131894291858009e-05
0.000000000000000000e+00,0.000000000000000000e+00,1.800120009600822760e-02,7.674598637243899282e-04,-7.493212093356084111e-03,3.693747137748643050e-05
0.000000000000000000e+00,0.000000000000000000e+00,1.810120676320827598e-02,7.678359056443608520e-04,-7.493188376679467584e-03,-3.517486424554905344e-06
0.000000000000000000e+00,0.000000000000000000e+00,1.810120676320827598e-02,7.687409768967208134e-04,-7.593182028352091044e-03,-5.159369230691573938e-05
0.000000000000000000e+00,0.000000000000000000e+00,1.810120676320827598e-02,8.687346285694557291e-04,-7.592276957099615073e-03,-7.458646227288812103e-06
0.000000000000000000e+00,0.000000000000000000e+00,1.810120676320827598e-02,8.687346285694557291e-04,-7.592276957099615073e-03,2.872015185647475155e-05
0.000000000000000000e+00,0.000000000000000000e+00,1.820121343040832090e-02,8.700258978468945617e-04,-7.692242257349533353e-03,-4.322479801344841777e-05
0.000000000000000000e+00,0.000000000000000000e+00,1.820121343040832090e-02,8.700258978468945617e-04,-7.692242257349533353e-03,-2.346099579488003517e-05
0.000000000000000000e+00,0.000000000000000000e+00,1.820121343040832090e-02,8.700258978468945617e-04,-7.692242257349533353e-03,-1.215594144559142831e-05
0.000000000000000000e+00,0.000000000000000000e+00,1.820121343040832090e-02,8.709359689424489353e-04,-7.792236060286073136e-03,-9.477134923368407682e-06
0.000000000000000000e+00,0.000000000000000000e+00,1.830122009760836582e-02,8.713271727676586602e-04,-7.792207925206069523e-03,-1.559207618610433665e-05
0.000000000000000000e+00,0.000000000000000000e+00,1.830122009760836582e-02,8.713271727676586602e-04,-7.792207925206069523e-03,-3.066826519151216734e-05
0.000000000000000000e+00,0.000000000000000000e+00,1.830122009760836582e-02,8.713271727676586602e-04,-7.792207925206069523e-03,4.512679810253494850e-05
0.000000000000000000e+00,0.000000000000000000e+00,1.830122009760836582e-02,8.722422436970838494e-04,-7.892201880239937961e-03,1.162561373825587996e-05
0.000000000000000000e+00,0.000000000000000000e+00,1.830122009760836582e-02,8.722422436970838494e-04,-7.892201880239937961e-03,-3.133931824218089135e-05
0.000000000000000000e+00,0.000000000000000000e+00,1.830122009760836582e-02,9.722361987308394222e-04,-7.891286809310494449e-03,1.606450220344168844e-05
0.000000000000000000e+00,0.000000000000000000e+00,1.840122676480841074e-02,9.735526320193523594e-04,-7.991248000380242120e-03,-4.633042488267832826e-05
0.000000000000000000e+00,0.000000000000000000e+00,1.840122676480841074e-02,9.735526320193523594e-04,-7.991248000380242120e-03,-1.869159945837306491e-05
0.000000000000000000e+00,0.000000000000000000e+00,1.840122676480841074e-02,9.735526320193523594e-04,-7.991248000380242120e-03,-1.186521481403440825e-06
0.000000000000000000e+00,0.000000000000000000e+00,1.840122676480841074e-02,9.735526320193523594e-04,-7.991248000380242120e-03,6.017309090333711197e-06
0.000000000000000000e+00,0.000000000000000000e+00,1.840122676480841074e-02,8.744785948090053659e-04,-8.092162179099068875e-03,2.752392299146255716e-06
0.000000000000000000e+00,0.000000000000000000e+00,1.840122676480841074e-02,8.744785948090053659e-04,-8.092162179099068875e-03,-1.114877181286264007e-05
0.000000000000000000e+00,0.000000000000000000e+00,1.840122676480841074e-02,8.744785948090053659e-04,-8.092162179099068875e-03,-3.585368320352735894e-05
0.000000000000000000e+00,0.000000000000000000e+00,1.840122676480841074e-02,8.744785948090053659e-04,-8.092162179099068875e-03,2.847015816945241973e-05
0.000000000000000000e+00,0.000000000000000000e+00,1.840122676480841074e-02,8.744785948090053659e-04,-8.092162179099068875e-03,-1.834474765178423228e-05
0.000000000000000000e+00,0.000000000000000000e+00,1.840122676480841074e-02,8.753986655633724237e-04,-8.192156287063673964e-03,2.353409937494443938e-05
0.000000000000000000e+00,0.000000000000000000e+00,1.830122009760836582e-02,8.749874564853597422e-04,-8.192183745341537204e-03,-4.606080070815657401e-05
0.000000000000000000e+00,0.000000000000000000e+00,1.830122009760836582e-02,8.749874564853597422e-04,-8.192183745341537204e-03,-2.729694785893327369e-05
0.000000000000000000e+00,0.000000000000000000e+00,1.830122009760836582e-02,8.749874564853597422e-04,-8.192183745341537204e-03,-2.034184203514657896e-05
0.000000000000000000e+00,0.000000000000000000e+00,1.830122009760836582e-02,8.749874564853597422e-04,-8.192183745341537204e-03,-2.536298319453719752e-05
0.000000000000000000e+00,0.000000000000000000e+00,1.830122009760836582e-02,8.749874564853597422e-04,-8.192183745341537204e-03,-4.252787129503665664e-05
0.000000000000000000e+00,0.000000000000000000e+00,1.830122009760836582e-02,8.749874564853597422e-04,-8.192183745341537204e-03,2.799599370553393363e-05
0.000000000000000000e+00,0.000000000000000000e+00,1.830122009760836582e-02,8.759025274147850398e-04,-8.292177700375401306e-03,-1.395888815050941312e-05
0.000000000000000000e+00,0.000000000000000000e+00,1.820121343040832090e-02,8.754863244199984334e-04,-8.292205074968776388e-03,3.143998317894566852e-05
0.000000000000000000e+00,0.000000000000000000e+00,1.820121343040832090e-02,7.754925214833471945e-04,-8.293115146064287610e-03,-3.597489226388889128e-05
0.000000000000000000e+00,0.000000000000000000e+00,1.820121343040832090e-02,7.754925214833471945e-04,-8.293115146064287610e-03,-1.637101443683827706e-05
0.000000000000000000e+00,0.000000000000000000e+00,1.820121343040832090e-02,7.754925214833471945e-04,-8.293115146064287610e-03,-9.915883297708510957e-06
0.000000000000000000e+00,0.000000000000000000e+00,1.820121343040832090e-02,7.754925214833471945e-04,-8.293115146064287610e-03,-1.677699880430968959e-05
0.000000000000000000e+00,0.000000000000000000e+00,1.810120676320827598e-02,7.750764756641291553e-04,-8.293137590060461334e-03,-3.712186091438945956e-05
0.000000000000000000e+00,0.000000000000000000e+00,1.810120676320827598e-02,7.750764756641291553e-04,-8.293137590060461334e-03,2.888203041416861905e-05
0.000000000000000000e+00,0.000000000000000000e+00,1.810120676320827598e-02,7.750764756641291553e-04,-8.293137590060461334e-03,-1.893282477639229855e-05
0.000000000000000000e+00,0.000000000000000000e+00,1.800120009600822760e-02,7.746604349275260006e-04,-8.293160103293027718e-03,1.926607355607831695e-05
0.000000000000000000e+00,0.000000000000000000e+00,1.800120009600822760e-02,7.746604349275260006e-04,-8.293160103293027718e-03,4.331122545379526012e-05
0.000000000000000000e+00,0.000000000000000000e+00,1.800120009600822760e-02,7.746604349275260006e-04,-8.293160103293027718e-03,5.303513095896231211e-05
0.000000000000000000e+00,0.000000000000000000e+00,1.790119342880818268e-02,7.742443992776882732e-04,-8.293182685761631145e-03,4.827029011368610956e-05
0.000000000000000000e+00,0.000000000000000000e+00,1.790119342880818268e-02,7.742443992776882732e-04,-8.293182685761631145e-03,2.884920296032655873e-05
0.000000000000000000e+00,0.000000000000000000e+00,1.790119342880818268e-02,6.742510476327780991e-04,-8.294077757300942835e-03,-5.395630459009703728e-06
0.000000000000000000e+00,0.000000000000000000e+00,1.780118676160813776e-02,6.738351658377647602e-04,-8.294095409135201005e-03,4.536828989777988430e-05
0.000000000000000000e+00,0.000000000000000000e+00,1.780118676160813776e-02,6.738351658377647602e-04,-8.294095409135201005e-03,-1.902653592703723584e-05
0.000000000000000000e+00,0.000000000000000000e+00,1.770118009440809284e-02,6.734192883041860509e-04,-8.294113130195896258e-03,1.252392108790079117e-06
0.000000000000000000e+00,0.000000000000000000e+00,1.770118009440809284e-02,6.734192883041860509e-04,-8.294113130195896258e-03,6.037574047369070884e-06
0.000000000000000000e+00,0.000000000000000000e+00,1.760117342720804792e-02,6.730034150364143418e-04,-8.294130920482730221e-03,-4.838490069113826619e-06
0.000000000000000000e+00,0.000000000000000000e+00,1.760117342720804792e-02,6.730034150364143418e-04,-8.294130920482730221e-03,-3.154330019837850441e-05
0.000000000000000000e+00,0.000000000000000000e+00,1.750116676000800300e-02,6.725875460388226540e-04,-8.294148779995402787e-03,2.575564370173137607e-05
0.000000000000000000e+00,0.000000000000000000e+00,1.750116676000800300e-02,6.725875460388226540e-04,-8.294148779995402787e-03,-3.310915832664858283e-05
0.000000000000000000e+00,0.000000000000000000e+00,1.740116009280795462e-02,6.721716813151172240e-04,-8.294166708733612114e-03,-8.305206241288054514e-06
0.000000000000000000e+00,0.000000000000000000e+00,1.740116009280795462e-02,6.721716813151172240e-04,-8.294166708733612114e-03,-1.734723475976807094e-18
0.000000000000000000e+00,0.000000000000000000e+00,1.730115342560790970e-02,6.717558208696707478e-04,-8.294184706697063300e-03,-1.734723475976807094e-18
0.000000000000000000e+00,0.000000000000000000e+00,1.730057668973432328e-02,6.718110309137921652e-04,-8.295015005091237528e-03,-1.734723475976807094e-18
0.000000000000000000e+00,0.000000000000000000e+00,1.720057335626765105e-02,6.713952024552698660e-04,-8.295033070828669586e-03,-1.734723475976807094e-18
0.000000000000000000e+00,0.000000000000000000e+00,1.720057335626765105e-02,6.705351875269353759e-04,-8.195030743594950220e-03,-1.734723475976807094e-18
0.000000000000000000e+00,0.000000000000000000e+00,1.710057002280097882e-02,6.701243629529379103e-04,-8.195049021477079920e-03,-1.734723475976807094e-18
0.000000000000000000e+00,0.000000000000000000e+00,1.710057002280097882e-02,6.701243629529379103e-04,-8.195049021477079920e-03,-1.734723475976807094e-18
0.000000000000000000e+00,0.000000000000000000e+00,1.700056668933430659e-02,6.697135426777994565e-04,-8.195067367746985965e-03,-1.734723475976807094e-18
0.000000000000000000e+00,0.000000000000000000e+00,1.690056335586763089e-02,6.693027267060641227e-04,-8.195085782404373451e-03,-1.734723475976807094e-18
0.000000000000000000e+00,0.000000000000000000e+00,1.690056335586763089e-02,6.693027267060641227e-04,-8.195085782404373451e-03,-1.734723475976807094e-18
0.000000000000000000e+00,0.000000000000000000e+00,1.680056002240095867e-02,6.688919150416102084e-04,-8.195104265448942271e-03,-1.734723475976807094e-18
0.000000000000000000e+00,0.000000000000000000e+00,1.670055668893428644e-02,6.676460908348234250e-04,-8.095121195929155106e-03,-1.734723475976807094e-18
0.000000000000000000e+00,0.000000000000000000e+00,1.670055668893428644e-02,6.676460908348234250e-04,-8.095121195929155106e-03,-1.734723475976807094e-18
0.000000000000000000e+00,0.000000000000000000e+00,1.660055335546761421e-02,6.672402874374094199e-04,-8.095139954503567659e-03,-1.734723475976807094e-18
0.000000000000000000e+00,0.000000000000000000e+00,1.650055002200094545e-02,6.668344883678779767e-04,-8.095158780630889658e-03,-1.734723475976807094e-18
0.000000000000000000e+00,0.000000000000000000e+00,1.650055002200094545e-02,6.668344883678779767e-04,-8.095158780630889658e-03,-1.734723475976807094e-18
0.000000000000000000e+00,0.000000000000000000e+00,1.640054668853427322e-02,6.656086757223881331e-04,-7.995176467128620179e-03,-1.734723475976807094e-18
0.000000000000000000e+00,0.000000000000000000e+00,1.630054335506759752e-02,6.652078849857010574e-04,-7.995195564617129172e-03,-1.734723475976807094e-18
0.000000000000000000e+00,0.000000000000000000e+00,1.630054335506759752e-02,6.652078849857010574e-04,-7.995195564617129172e-03,-1.734723475976807094e-18
0.000000000000000000e+00,0.000000000000000000e+00,1.620054002160092529e-02,6.648070985971984460e-04,-7.995214728824270520e-03,-1.734723475976807094e-18
0.000000000000000000e+00,0.000000000000000000e+00,1.610053668813425307e-02,5.644055156475432473e-04,-7.996038978638252484e-03,-1.734723475976807094e-18
0.000000000000000000e+00,0.000000000000000000e+00,1.600053335466758084e-02,5.632048525245282773e-04,-7.896052609435124520e-03,-1.734723475976807094e-18
0.000000000000000000e+00,0.000000000000000000e+00,1.600053335466758084e-02,5.632048525245282773e-04,-7.896052609435124520e-03,-1.734723475976807094e-18
0.000000000000000000e+00,0.000000000000000000e+00,1.590053002120090861e-02,5.628092118245913399e-04,-7.896067107021864998e-03,-1.734723475976807094e-18
0.000000000000000000e+00,0.000000000000000000e+00,1.580052668773423985e-02,5.624135746634185192e-04,-7.896081670484724271e-03,-1.734723475976807094e-18
0.000000000000000000e+00,0.000000000000000000e+00,1.570052335426756415e-02,5.612329209616388152e-04,-7.796096028934315636e-03,-1.734723475976807094e-18
0.000000000000000000e+00,0.000000000000000000e+00,1.570052335426756415e-02,5.612329209616388152e-04,-7.796096028934315636e-03,-1.734723475976807094e-18
0.000000000000000000e+00,0.000000000000000000e+00,1.560052002080089192e-02,5.608422906107769605e-04,-7.796110854571321018e-03,-1.734723475976807094e-18
0.000000000000000000e+00,0.000000000000000000e+00,1.550051668733421970e-02,5.604516638185529738e-04,-7.796125745250317290e-03,-1.734723475976807094e-18
0.000000000000000000e+00,0.000000000000000000e+00,1.540051335386754747e-02,5.592910196914690048e-04,-7.696140818849812361e-03,-1.734723475976807094e-18
0.000000000000000000e+00,0.000000000000000000e+00,1.530051002040087350e-02,5.589053997719603843e-04,-7.696155967534596375e-03,-1.734723475976807094e-18
0.000000000000000000e+00,0.000000000000000000e+00,1.530051002040087350e-02,5.589053997719603843e-04,-7.696155967534596375e-03,-1.734723475976807094e-18
0.000000000000000000e+00,0.000000000000000000e+00,1.520050668693420301e-02,5.585197834299967081e-04,-7.696171180427248577e-03,-1.734723475976807094e-18
0.000000000000000000e+00,0.000000000000000000e+00,1.510050335346753078e-02,5.573791490283691715e-04,-7.596186956673818720e-03,-1.734723475976807094e-18
0.000000000000000000e+00,0.000000000000000000e+00,1.500050002000085682e-02,5.569985396206972566e-04,-7.596202423403901165e-03,-1.734723475976807094e-18
0.000000000000000000e+00,0.000000000000000000e+00,1.490049668653418459e-02,5.566179338098437143e-04,-7.596217953507732566e-03,-1.734723475976807094e-18
0.000000000000000000e+00,0.000000000000000000e+00,1.480049335306751410e-02,5.554973092817328852e-04,-7.496234419898550883e-03,-1.734723475976807094e-18
0.000000000000000000e+00,0.000000000000000000e+00,1.470049001960084013e-02,5.551217104654751879e-04,-7.496250199671452424e-03,-1.734723475976807094e-18
0.000000000000000000e+00,0.000000000000000000e+00,1.470049001960084013e-02,5.551217104654751879e-04,-7.496250199671452424e-03,-1.734723475976807094e-18
0.000000000000000000e+00,0.000000000000000000e+00,1.460048668613416790e-02,5.540160925327121269e-04,-7.396267159908738800e-03,-1.734723475976807094e-18
0.000000000000000000e+00,0.000000000000000000e+00,1.450048335266749568e-02,5.536455007553312598e-04,-7.396283186016225884e-03,-1.734723475976807094e-18
0.000000000000000000e+00,0.000000000000000000e+00,1.440048001920082345e-02,5.532749126082713714e-04,-7.396299273829467190e-03,-1.734723475976807094e-18
0.000000000000000000e+00,0.000000000000000000e+00,1.430047668573415122e-02,5.529043280950104739e-04,-7.396315423348212917e-03,-1.734723475976807094e-18
0.000000000000000000e+00,0.000000000000000000e+00,1.420047335226747899e-02,4.518253216941020664e-04,-7.297043255991403875e-03,-1.734723475976807094e-18
0.000000000000000000e+00,0.000000000000000000e+00,1.410047001880080503e-02,4.514598622149864487e-04,-7.297054647009754667e-03,-1.734723475976807094e-18
0.000000000000000000e+00,0.000000000000000000e+00,1.400046668533413453e-02,4.510944055546713084e-04,-7.297066098892438131e-03,-1.734723475976807094e-18
0.000000000000000000e+00,0.000000000000000000e+00,1.390046335186746057e-02,4.500339277638186974e-04,-7.197079560852251250e-03,-1.734723475976807094e-18
0.000000000000000000e+00,0.000000000000000000e+00,1.390046335186746057e-02,4.500339277638186974e-04,-7.197079560852251250e-03,-1.734723475976807094e-18
0.000000000000000000e+00,0.000000000000000000e+00,1.380046001840078834e-02,4.496734766059683848e-04,-7.197091249884979974e-03,-1.734723475976807094e-18
0.000000000000000000e+00,0.000000000000000000e+00,1.370045668493411611e-02,4.486280040458413680e-04,-7.097105178171646961e-03,-1.734723475976807094e-18
0.000000000000000000e+00,0.000000000000000000e+00,1.360045335146744389e-02,4.482725584323367157e-04,-7.097117101020131505e-03,-1.734723475976807094e-18
0.000000000000000000e+00,0.000000000000000000e+00,1.350045001800077166e-02,4.472420911726840789e-04,-6.997131488965877520e-03,-1.734723475976807094e-18
0.000000000000000000e+00,0.000000000000000000e+00,1.340044668453409943e-02,4.468916511448059220e-04,-6.997143642295831044e-03,-1.734723475976807094e-18
0.000000000000000000e+00,0.000000000000000000e+00,1.330044335106742720e-02,4.465412139816037095e-04,-6.997155853988604353e-03,-1.734723475976807094e-18
0.000000000000000000e+00,0.000000000000000000e+00,1.320044001760075497e-02,4.455307548528058843e-04,-6.897170863710020382e-03,-1.734723475976807094e-18
0.000000000000000000e+00,0.000000000000000000e+00,1.310043668413408274e-02,4.451853233299560308e-04,-6.897183301716204411e-03,-1.734723475976807094e-18
0.000000000000000000e+00,0.000000000000000000e+00,1.300043335066740878e-02,4.448398946886111620e-04,-6.897195797251237312e-03,-1.734723475976807094e-18
0.000000000000000000e+00,0.000000000000000000e+00,1.290043001720073829e-02,4.438494438213272495e-04,-6.797211416245949218e-03,-1.734723475976807094e-18
0.000000000000000000e+00,0.000000000000000000e+00,1.280042668373406606e-02,4.435090208737885089e-04,-6.797224133926333713e-03,-1.734723475976807094e-18
0.000000000000000000e+00,0.000000000000000000e+00,1.270042335026739209e-02,4.425335755611248018e-04,-6.697240187575773628e-03,-1.734723475976807094e-18
0.000000000000000000e+00,0.000000000000000000e+00,1.260042001680071987e-02,4.421981583469170507e-04,-6.697253124067226344e-03,-1.734723475976807094e-18
0.000000000000000000e+00,0.000000000000000000e+00,1.250041668333404937e-02,3.418662333276345261e-04,-6.697891141810514808e-03,-1.734723475976807094e-18
0.000000000000000000e+00,0.000000000000000000e+00,1.240041334986737541e-02,3.409109002493227207e-04,-6.597902783116780731e-03,-1.734723475976807094e-18
0.000000000000000000e+00,0.000000000000000000e+00,1.230041001640070318e-02,3.405805946525855771e-04,-6.597910990160335901e-03,-1.734723475976807094e-18
0.000000000000000000e+00,0.000000000000000000e+00,1.230041001640070318e-02,3.405805946525855771e-04,-6.597910990160335901e-03,-1.734723475976807094e-18
0.000000000000000000e+00,0.000000000000000000e+00,1.220040668293403095e-02,3.396402656151393065e-04,-6.497923050272915238e-03,-1.734723475976807094e-18
0.000000000000000000e+00,0.000000000000000000e+00,1.210040334946735872e-02,3.393149641744960050e-04,-6.497931468612940312e-03,-1.734723475976807094e-18
0.000000000000000000e+00,0.000000000000000000e+00,1.200040001600068650e-02,3.383896392402416611e-04,-6.397943940864262921e-03,-1.734723475976807094e-18
0.000000000000000000e+00,0.000000000000000000e+00,1.190039668253401427e-02,3.380693419927728377e-04,-6.397952567166674022e-03,-1.734723475976807094e-18
0.000000000000000000e+00,0.000000000000000000e+00,1.180039334906734030e-02,3.377490468643702757e-04,-6.397961246822720001e-03,-1.734723475976807094e-18
0.000000000000000000e+00,0.000000000000000000e+00,1.170039001560066981e-02,3.368437282050007757e-04,-6.297974275819869135e-03,-1.734723475976807094e-18
0.000000000000000000e+00,0.000000000000000000e+00,1.160038668213399585e-02,3.365284373189480907e-04,-6.297983159270542121e-03,-1.734723475976807094e-18
0.000000000000000000e+00,0.000000000000000000e+00,1.150038334866732362e-02,3.356381229080527412e-04,-6.197996584570874233e-03,-1.734723475976807094e-18
0.000000000000000000e+00,0.000000000000000000e+00,1.140038001520065139e-02,3.353278363000304304e-04,-6.198005668482086880e-03,-1.734723475976807094e-18
0.000000000000000000e+00,0.000000000000000000e+00,1.130037668173397916e-02,3.350175518386983345e-04,-6.198014804079442740e-03,-1.734723475976807094e-18
0.000000000000000000e+00,0.000000000000000000e+00,1.120037334826730693e-02,3.341472439011797138e-04,-6.098028764455688984e-03,-1.734723475976807094e-18
0.000000000000000000e+00,0.000000000000000000e+00,1.110037001480063470e-02,2.338468297787678427e-04,-6.098593121949212256e-03,-1.734723475976807094e-18
0.000000000000000000e+00,0.000000000000000000e+00,1.100036668133396074e-02,2.329916183163804292e-04,-5.998602462765012522e-03,-1.734723475976807094e-18
0.000000000000000000e+00,0.000000000000000000e+00,1.090036334786729025e-02,2.326914337942378205e-04,-5.998606987580279784e-03,-1.734723475976807094e-18
0.000000000000000000e+00,0.000000000000000000e+00,1.080036001440061802e-02,2.318512251089728440e-04,-5.898616702185175212e-03,-1.734723475976807094e-18
0.000000000000000000e+00,0.000000000000000000e+00,1.070035668093394406e-02,2.315560433136253679e-04,-5.898621416614196859e-03,-1.734723475976807094e-18
0.000000000000000000e+00,0.000000000000000000e+00,1.060035334746727356e-02,2.312608628693490836e-04,-5.898626180222849361e-03,-1.734723475976807094e-18
0.000000000000000000e+00,0.000000000000000000e+00,1.050035001400060133e-02,2.304406584255366092e-04,-5.798636399049706715e-03,-1.734723475976807094e-18
0.000000000000000000e+00,0.000000000000000000e+00,1.040034668053392737e-02,2.301504807525085869e-04,-5.798641348104655556e-03,-1.734723475976807094e-18
0.000000000000000000e+00,0.000000000000000000e+00,1.030034334706725514e-02,2.293452792169777389e-04,-5.698651924885546512e-03,-1.734723475976807094e-18
0.000000000000000000e+00,0.000000000000000000e+00,1.020034001360058465e-02,2.290601043477001912e-04,-5.698657056052906442e-03,-1.734723475976807094e-18
0.000000000000000000e+00,0.000000000000000000e+00,1.010033668013391069e-02,2.282699057733547231e-04,-5.598667984120457748e-03,-1.734723475976807094e-18
0.000000000000000000e+00,0.000000000000000000e+00,0.000000000000000000e+00,2.560000000000339782e-04,-5.597999999999999678e-03,-1.734723475976807094e-18
0.000000000000000000e+00,0.000000000000000000e+00,0.000000000000000000e+00,2.560000000000339782e-04,-5.597999999999999678e-03,-1.734723475976807094e-18
0.000000000000000000e+00,0.000000000000000000e+00,0.000000000000000000e+00,2.549999999998942002e-04,-5.497999999999999415e-03,-1.734723475976807094e-18
0.000000000000000000e+00,0.000000000000000000e+00,0.000000000000000000e+00,2.549999999998942002e-04,-5.497999999999999415e-03,-1.734723475976807094e-18
0.000000000000000000e+00,0.000000000000000000e+00,0.000000000000000000e+00,1.539999999999874802e-04,-5.399000000000001021e-03,-1.734723475976807094e-18
0.000000000000000000e+00,0.000000000000000000e+00,0.000000000000000000e+00,1.539999999999874802e-04,-5.399000000000001021e-03,-1.734723475976807094e-18
0.000000000000000000e+00,0.000000000000000000e+00,0.000000000000000000e+00,1.530000000000697469e-04,-5.299000000000000758e-03,-1.734723475976807094e-18
0.000000000000000000e+00,0.000000000000000000e+00,0.000000000000000000e+00,1.530000000000697469e-04,-5.299000000000000758e-03,-1.734723475976807094e-18
0.000000000000000000e+00,0.000000000000000000e+00,0.000000000000000000e+00,1.530000000000697469e-04,-5.299000000000000758e-03,-1.734723475976807094e-18
0.000000000000000000e+00,0.000000000000000000e+00,0.000000000000000000e+00,1.519999999999299689e-04,-5.199000000000000496e-03,-1.734723475976807094e-18
0.000000000000000000e+00,0.000000000000000000e+00,0.000000000000000000e+00,1.519999999999299689e-04,-5.199000000000000496e-03,-1.734723475976807094e-18
0.000000000000000000e+00,0.000000000000000000e+00,0.000000000000000000e+00,1.510000000000122355e-04,-5.099000000000001101e-03,-1.734723475976807094e-18
0.000000000000000000e+00,0.000000000000000000e+00,0.000000000000000000e+00,1.510000000000122355e-04,-5.099000000000001101e-03,-1.734723475976807094e-18
0.000000000000000000e+00,0.000000000000000000e+00,0.000000000000000000e+00,1.500000000000945022e-04,-4.999000000000000839e-03,-1.734723475976807094e-18
0.000000000000000000e+00,0.000000000000000000e+00,0.000000000000000000e+00,1.500000000000945022e-04,-4.999000000000000839e-03,-1.734723475976807094e-18
0.000000000000000000e+00,0.000000000000000000e+00,0.000000000000000000e+00,1.489999999999547242e-04,-4.899000000000000576e-03,-1.734723475976807094e-18
0.000000000000000000e+00,0.000000000000000000e+00,0.000000000000000000e+00,1.489999999999547242e-04,-4.899000000000000576e-03,-1.734723475976807094e-18
0.000000000000000000e+00,0.000000000000000000e+00,0.000000000000000000e+00,1.489999999999547242e-04,-4.899000000000000576e-03,-1.734723475976807094e-18
0.000000000000000000e+00,0.000000000000000000e+00,0.000000000000000000e+00,4.800000000004800427e-05,-4.799999999999999580e-03,-1.734723475976807094e-18
0.000000000000000000e+00,0.000000000000000000e+00,0.000000000000000000e+00,4.800000000004800427e-05,-4.799999999999999580e-03,-1.734723475976807094e-18
0.000000000000000000e+00,0.000000000000000000e+00,0.000000000000000000e+00,4.699999999990822630e-05,-4.700000000000000185e-03,-1.734723475976807094e-18
0.000000000000000000e+00,0.000000000000000000e+00,0.000000000000000000e+00,4.699999999990822630e-05,-4.700000000000000185e-03,-1.734723475976807094e-18
0.000000000000000000e+00,0.000000000000000000e+00,0.000000000000000000e+00,4.599999999999049294e-05,-4.599999999999999922e-03,-1.734723475976807094e-18
0.000000000000000000e+00,0.000000000000000000e+00,0.000000000000000000e+00,4.599999999999049294e-05,-4.599999999999999922e-03,-1.734723475976807094e-18
0.000000000000000000e+00,0.000000000000000000e+00,1.000033334666723846e-02,2.250112501871191545e-05,-4.499737508625408465e-03,-1.734723475976807094e-18
0.000000000000000000e+00,0.000000000000000000e+00,0.000000000000000000e+00,4.454999999992104165e-05,-4.499999999999999660e-03,-1.734723475976807094e-18
0.000000000000000000e+00,0.000000000000000000e+00,0.000000000000000000e+00,4.454999999992104165e-05,-4.499999999999999660e-03,-1.734723475976807094e-18
0.000000000000000000e+00,0.000000000000000000e+00,0.000000000000000000e+00,4.355999999994253358e-05,-4.400000000000000265e-03,-1.734723475976807094e-18
0.000000000000000000e+00,0.000000000000000000e+00,0.000000000000000000e+00,4.355999999994253358e-05,-4.400000000000000265e-03,-1.734723475976807094e-18
0.000000000000000000e+00,0.000000000000000000e+00,0.000000000000000000e+00,4.256999999996402551e-05,-4.300000000000000003e-03,-1.734723475976807094e-18
0.000000000000000000e+00,0.000000000000000000e+00,0.000000000000000000e+00,4.256999999996402551e-05,-4.300000000000000003e-03,-1.734723475976807094e-18
0.000000000000000000e+00,0.000000000000000000e+00,0.000000000000000000e+00,4.157999999998551743e-05,-4.199999999999999740e-03,-1.734723475976807094e-18
0.000000000000000000e+00,0.000000000000000000e+00,0.000000000000000000e+00,-5.842000000000346915e-05,-4.200989999999999065e-03,-1.734723475976807094e-18
0.000000000000000000e+00,0.000000000000000000e+00,0.000000000000000000e+00,-5.842000000000346915e-05,-4.200989999999999065e-03,-1.734723475976807094e-18
0.000000000000000000e+00,0.000000000000000000e+00,0.000000000000000000e+00,-5.940999999998197723e-05,-4.100989999999999670e-03,-1.734723475976807094e-18
0.000000000000000000e+00,0.000000000000000000e+00,0.000000000000000000e+00,-5.940999999998197723e-05,-4.100989999999999670e-03,-1.734723475976807094e-18
0.000000000000000000e+00,0.000000000000000000e+00,0.000000000000000000e+00,-6.039999999996048530e-05,-4.000989999999999408e-03,-1.734723475976807094e-18
0.000000000000000000e+00,0.000000000000000000e+00,0.000000000000000000e+00,-6.039999999996048530e-05,-4.000989999999999408e-03,-1.734723475976807094e-18
0.000000000000000000e+00,0.000000000000000000e+00,0.000000000000000000e+00,-6.138999999993899337e-05,-3.900989999999999146e-03,-1.734723475976807094e-18
0.000000000000000000e+00,0.000000000000000000e+00,0.000000000000000000e+00,-6.138999999993899337e-05,-3.900989999999999146e-03,-1.734723475976807094e-18
0.000000000000000000e+00,0.000000000000000000e+00,0.000000000000000000e+00,-6.238000000002852374e-05,-3.800989999999998883e-03,-1.734723475976807094e-18
0.000000000000000000e+00,0.000000000000000000e+00,0.000000000000000000e+00,-6.238000000002852374e-05,-3.800989999999998883e-03,-1.734723475976807094e-18
0.000000000000000000e+00,0.000000000000000000e+00,0.000000000000000000e+00,-6.238000000002852374e-05,-3.800989999999998883e-03,-1.734723475976807094e-18
0.000000000000000000e+00,0.000000000000000000e+00,0.000000000000000000e+00,-6.337000000000703182e-05,-3.700989999999999489e-03,-1.734723475976807094e-18
0.000000000000000000e+00,0.000000000000000000e+00,0.000000000000000000e+00,-6.337000000000703182e-05,-3.700989999999999489e-03,-1.734723475976807094e-18
0.000000000000000000e+00,0.000000000000000000e+00,0.000000000000000000e+00,-1.643599999999745265e-04,-3.601980000000000286e-03,-1.734723475976807094e-18
0.000000000000000000e+00,0.000000000000000000e+00,0.000000000000000000e+00,-1.643599999999745265e-04,-3.601980000000000286e-03,-1.734723475976807094e-18
0.000000000000000000e+00,0.000000000000000000e+00,0.000000000000000000e+00,-1.653499999999530345e-04,-3.501980000000000023e-03,-1.734723475976807094e-18
0.000000000000000000e+00,0.000000000000000000e+00,0.000000000000000000e+00,-1.653499999999530345e-04,-3.501980000000000023e-03,-1.734723475976807094e-18
0.000000000000000000e+00,0.000000000000000000e+00,0.000000000000000000e+00,-1.653499999999530345e-04,-3.501980000000000023e-03,-1.734723475976807094e-18
0.000000000000000000e+00,0.000000000000000000e+00,0.000000000000000000e+00,-1.663399999999315426e-04,-3.401980000000000628e-03,-1.734723475976807094e-18
0.000000000000000000e+00,0.000000000000000000e+00,0.000000000000000000e+00,-1.663399999999315426e-04,-3.401980000000000628e-03,-1.734723475976807094e-18
0.000000000000000000e+00,0.000000000000000000e+00,0.000000000000000000e+00,-1.673300000000210730e-04,-3.301980000000000366e-03,-1.734723475976807094e-18
0.000000000000000000e+00,0.000000000000000000e+00,0.000000000000000000e+00,-1.673300000000210730e-04,-3.301980000000000366e-03,-1.734723475976807094e-18
0.000000000000000000e+00,0.000000000000000000e+00,0.000000000000000000e+00,-1.683199999999995811e-04,-3.201980000000000104e-03,-1.734723475976807094e-18
0.000000000000000000e+00,0.000000000000000000e+00,0.000000000000000000e+00,-1.683199999999995811e-04,-3.201980000000000104e-03,-1.734723475976807094e-18
0.000000000000000000e+00,0.000000000000000000e+00,0.000000000000000000e+00,-1.683199999999995811e-04,-3.201980000000000104e-03,-1.734723475976807094e-18
0.000000000000000000e+00,0.000000000000000000e+00,0.000000000000000000e+00,-1.693099999999780891e-04,-3.101980000000000709e-03,-1.734723475976807094e-18
0.000000000000000000e+00,0.000000000000000000e+00,0.000000000000000000e+00,-1.693099999999780891e-04,-3.101980000000000709e-03,-1.734723475976807094e-18
0.000000000000000000e+00,0.000000000000000000e+00,0.000000000000000000e+00,-2.702999999999455838e-04,-3.002969999999999771e-03,-1.734723475976807094e-18
0.000000000000000000e+00,0.000000000000000000e+00,0.000000000000000000e+00,-2.702999999999455838e-04,-3.002969999999999771e-03,-1.734723475976807094e-18
0.000000000000000000e+00,0.000000000000000000e+00,0.000000000000000000e+00,-2.702999999999455838e-04,-3.002969999999999771e-03,-1.734723475976807094e-18
0.000000000000000000e+00,0.000000000000000000e+00,0.000000000000000000e+00,-2.712899999999240919e-04,-2.902969999999999509e-03,-1.734723475976807094e-18
0.000000000000000000e+00,0.000000000000000000e+00,0.000000000000000000e+00,-2.712899999999240919e-04,-2.902969999999999509e-03,-1.734723475976807094e-18
0.000000000000000000e+00,0.000000000000000000e+00,0.000000000000000000e+00,-2.722800000000136222e-04,-2.802970000000000114e-03,-1.734723475976807094e-18
0.000000000000000000e+00,0.000000000000000000e+00,0.000000000000000000e+00,-2.722800000000136222e-04,-2.802970000000000114e-03,-1.734723475976807094e-18
0.000000000000000000e+00,0.000000000000000000e+00,0.000000000000000000e+00,-2.732699999999921303e-04,-2.702969999999999852e-03,-1.734723475976807094e-18
0.000000000000000000e+00,0.000000000000000000e+00,0.000000000000000000e+00,-2.732699999999921303e-04,-2.702969999999999852e-03,-1.734723475976807094e-18
0.000000000000000000e+00,0.000000000000000000e+00,0.000000000000000000e+00,-2.732699999999921303e-04,-2.702969999999999852e-03,-1.734723475976807094e-18
0.000000000000000000e+00,0.000000000000000000e+00,0.000000000000000000e+00,-2.742599999999706384e-04,-2.602969999999999590e-03,-1.734723475976807094e-18
0.000000000000000000e+00,0.000000000000000000e+00,0.000000000000000000e+00,-2.742599999999706384e-04,-2.602969999999999590e-03,-1.734723475976807094e-18
0.000000000000000000e+00,0.000000000000000000e+00,0.000000000000000000e+00,-2.752499999999491465e-04,-2.502970000000000195e-03,-1.734723475976807094e-18
0.000000000000000000e+00,0.000000000000000000e+00,0.000000000000000000e+00,-2.752499999999491465e-04,-2.502970000000000195e-03,-1.734723475976807094e-18
0.000000000000000000e+00,0.000000000000000000e+00,0.000000000000000000e+00,-3.752499999999381330e-04,-2.503959999999999519e-03,-1.734723475976807094e-18
0.000000000000000000e+00,0.000000000000000000e+00,0.000000000000000000e+00,-3.762399999999166411e-04,-2.403959999999998390e-03,-1.734723475976807094e-18
0.000000000000000000e+00,0.000000000000000000e+00,0.000000000000000000e+00,-3.762399999999166411e-04,-2.403959999999998390e-03,-1.734723475976807094e-18
0.000000000000000000e+00,0.000000000000000000e+00,0.000000000000000000e+00,-3.772300000000061715e-04,-2.303959999999998995e-03,-1.734723475976807094e-18
0.000000000000000000e+00,0.000000000000000000e+00,0.000000000000000000e+00,-3.772300000000061715e-04,-2.303959999999998995e-03,-1.734723475976807094e-18
0.000000000000000000e+00,0.000000000000000000e+00,0.000000000000000000e+00,-3.772300000000061715e-04,-2.303959999999998995e-03,-1.734723475976807094e-18
0.000000000000000000e+00,0.000000000000000000e+00,0.000000000000000000e+00,-3.782199999999846796e-04,-2.203959999999999600e-03,-1.734723475976807094e-18
0.000000000000000000e+00,0.000000000000000000e+00,0.000000000000000000e+00,-3.779999999999894555e-04,-2.203999999999999362e-03,-1.734723475976807094e-18
0.000000000000000000e+00,0.000000000000000000e+00,0.000000000000000000e+00,-3.779999999999894555e-04,-2.203999999999999362e-03,-1.734723475976807094e-18
0.000000000000000000e+00,0.000000000000000000e+00,0.000000000000000000e+00,-3.789999999999071889e-04,-2.103999999999998233e-03,-1.734723475976807094e-18
0.000000000000000000e+00,0.000000000000000000e+00,0.000000000000000000e+00,-3.789999999999071889e-04,-2.103999999999998233e-03,-1.734723475976807094e-18
0.000000000000000000e+00,0.000000000000000000e+00,0.000000000000000000e+00,-3.799999999999359446e-04,-2.003999999999998838e-03,-1.734723475976807094e-18
0.000000000000000000e+00,0.000000000000000000e+00,0.000000000000000000e+00,-3.799999999999359446e-04,-2.003999999999998838e-03,-1.734723475976807094e-18
0.000000000000000000e+00,0.000000000000000000e+00,0.000000000000000000e+00,-3.799999999999359446e-04,-2.003999999999998838e-03,-1.734723475976807094e-18
0.000000000000000000e+00,0.000000000000000000e+00,0.000000000000000000e+00,-3.809999999999647002e-04,-1.903999999999999443e-03,-1.734723475976807094e-18
0.000000000000000000e+00,0.000000000000000000e+00,0.000000000000000000e+00,-3.809999999999647002e-04,-1.903999999999999443e-03,-1.734723475976807094e-18
0.000000000000000000e+00,0.000000000000000000e+00,0.000000000000000000e+00,-4.809999999999536868e-04,-1.905000000000000443e-03,-1.734723475976807094e-18
0.000000000000000000e+00,0.000000000000000000e+00,0.000000000000000000e+00,-4.819999999999824425e-04,-1.804999999999999313e-03,-1.734723475976807094e-18
0.000000000000000000e+00,0.000000000000000000e+00,0.000000000000000000e+00,-4.819999999999824425e-04,-1.804999999999999313e-03,-1.734723475976807094e-18
0.000000000000000000e+00,0.000000000000000000e+00,0.000000000000000000e+00,-4.819999999999824425e-04,-1.804999999999999313e-03,-1.734723475976807094e-18
0.000000000000000000e+00,0.000000000000000000e+00,0.000000000000000000e+00,-4.829999999999001759e-04,-1.704999999999999918e-03,-1.734723475976807094e-18
0.000000000000000000e+00,0.000000000000000000e+00,0.000000000000000000e+00,-4.829999999999001759e-04,-1.704999999999999918e-03,-1.734723475976807094e-18
0.000000000000000000e+00,0.000000000000000000e+00,0.000000000000000000e+00,-4.839999999999289315e-04,-1.605000000000000523e-03,-1.734723475976807094e-18
0.000000000000000000e+00,0.000000000000000000e+00,0.000000000000000000e+00,-4.839999999999289315e-04,-1.605000000000000523e-03,-1.734723475976807094e-18
0.000000000000000000e+00,0.000000000000000000e+00,0.000000000000000000e+00,-4.839999999999289315e-04,-1.605000000000000523e-03,-1.734723475976807094e-18
0.000000000000000000e+00,0.000000000000000000e+00,0.000000000000000000e+00,-4.849999999999576872e-04,-1.504999999999999394e-03,-1.734723475976807094e-18
0.000000000000000000e+00,0.000000000000000000e+00,0.000000000000000000e+00,-4.849999999999576872e-04,-1.504999999999999394e-03,-1.734723475976807094e-18
0.000000000000000000e+00,0.000000000000000000e+00,0.000000000000000000e+00,-4.849999999999576872e-04,-1.504999999999999394e-03,-1.734723475976807094e-18
0.000000000000000000e+00,0.000000000000000000e+00,0.000000000000000000e+00,-4.859999999999864428e-04,-1.404999999999999999e-03,-1.734723475976807094e-18
0.000000000000000000e+00,0.000000000000000000e+00,0.000000000000000000e+00,-4.859999999999864428e-04,-1.404999999999999999e-03,-1.734723475976807094e-18
0.000000000000000000e+00,0.000000000000000000e+00,0.000000000000000000e+00,-4.859999999999864428e-04,-1.404999999999999999e-03,-1.734723475976807094e-18
0.000000000000000000e+00,0.000000000000000000e+00,0.000000000000000000e+00,-4.869999999999041762e-04,-1.304999999999998869e-03,-1.734723475976807094e-18
0.000000000000000000e+00,0.000000000000000000e+00,0.000000000000000000e+00,-5.870000000000041851e-04,-1.305999999999999869e-03,-1.734723475976807094e-18
0.000000000000000000e+00,0.000000000000000000e+00,0.000000000000000000e+00,-5.870000000000041851e-04,-1.305999999999999869e-03,-1.734723475976807094e-18
0.000000000000000000e+00,0.000000000000000000e+00,0.000000000000000000e+00,-5.880000000000329408e-04,-1.206000000000000474e-03,-1.734723475976807094e-18
0.000000000000000000e+00,0.000000000000000000e+00,0.000000000000000000e+00,-5.880000000000329408e-04,-1.206000000000000474e-03,-1.734723475976807094e-18
0.000000000000000000e+00,0.000000000000000000e+00,0.000000000000000000e+00,-5.880000000000329408e-04,-1.206000000000000474e-03,-1.734723475976807094e-18
0.000000000000000000e+00,0.000000000000000000e+00,0.000000000000000000e+00,-5.890000000000616964e-04,-1.106000000000001079e-03,-1.734723475976807094e-18
0.000000000000000000e+00,0.000000000000000000e+00,0.000000000000000000e+00,-5.890000000000616964e-04,-1.106000000000001079e-03,-1.734723475976807094e-18
0.000000000000000000e+00,0.000000000000000000e+00,0.000000000000000000e+00,-5.890000000000616964e-04,-1.106000000000001079e-03,-1.734723475976807094e-18
0.000000000000000000e+00,0.000000000000000000e+00,0.000000000000000000e+00,-5.900000000000904521e-04,-1.006000000000001685e-03,-1.734723475976807094e-18
0.000000000000000000e+00,0.000000000000000000e+00,1.000033334666723846e-02,-5.949647511460098848e-04,-1.002941818585924121e-03,-1.734723475976807094e-18
0.000000000000000000e+00,0.000000000000000000e+00,0.000000000000000000e+00,-5.901000000000378165e-04,-1.005940000000002041e-03,-1.734723475976807094e-18
0.000000000000000000e+00,0.000000000000000000e+00,0.000000000000000000e+00,-5.901000000000378165e-04,-1.005940000000002041e-03,-1.734723475976807094e-18
0.000000000000000000e+00,0.000000000000000000e+00,0.000000000000000000e+00,-5.910900000000163246e-04,-9.059400000000009112e-04,-1.734723475976807094e-18
0.000000000000000000e+00,0.000000000000000000e+00,0.000000000000000000e+00,-5.910900000000163246e-04,-9.059400000000009112e-04,-1.734723475976807094e-18
0.000000000000000000e+00,0.000000000000000000e+00,0.000000000000000000e+00,-5.910900000000163246e-04,-9.059400000000009112e-04,-1.734723475976807094e-18
0.000000000000000000e+00,0.000000000000000000e+00,0.000000000000000000e+00,-5.920799999999948326e-04,-8.059400000000015163e-04,-1.734723475976807094e-18
0.000000000000000000e+00,0.000000000000000000e+00,0.000000000000000000e+00,-5.920799999999948326e-04,-8.059400000000015163e-04,-1.734723475976807094e-18
0.000000000000000000e+00,0.000000000000000000e+00,0.000000000000000000e+00,-5.920799999999948326e-04,-8.059400000000015163e-04,-1.734723475976807094e-18
0.000000000000000000e+00,0.000000000000000000e+00,0.000000000000000000e+00,-6.930700000000733496e-04,-7.069299999999997114e-04,-1.734723475976807094e-18
0.000000000000000000e+00,0.000000000000000000e+00,0.000000000000000000e+00,-6.930700000000733496e-04,-7.069299999999997114e-04,-1.734723475976807094e-18
0.000000000000000000e+00,0.000000000000000000e+00,0.000000000000000000e+00,-6.930700000000733496e-04,-7.069299999999997114e-04,-1.734723475976807094e-18
0.000000000000000000e+00,0.000000000000000000e+00,0.000000000000000000e+00,-6.930700000000733496e-04,-7.069299999999997114e-04,-1.734723475976807094e-18
0.000000000000000000e+00,0.000000000000000000e+00,0.000000000000000000e+00,-6.940600000000518577e-04,-6.069300000000003165e-04,-1.734723475976807094e-18
0.000000000000000000e+00,0.000000000000000000e+00,0.000000000000000000e+00,-6.940600000000518577e-04,-6.069300000000003165e-04,-1.734723475976807094e-18
0.000000000000000000e+00,0.000000000000000000e+00,0.000000000000000000e+00,-6.940600000000518577e-04,-6.069300000000003165e-04,-1.734723475976807094e-18
0.000000000000000000e+00,0.000000000000000000e+00,0.000000000000000000e+00,-6.950500000000303658e-04,-5.069300000000009215e-04,-1.734723475976807094e-18
0.000000000000000000e+00,0.000000000000000000e+00,0.000000000000000000e+00,-6.950500000000303658e-04,-5.069300000000009215e-04,-1.734723475976807094e-18
0.000000000000000000e+00,0.000000000000000000e+00,0.000000000000000000e+00,-6.950500000000303658e-04,-5.069300000000009215e-04,-1.734723475976807094e-18
0.000000000000000000e+00,0.000000000000000000e+00,0.000000000000000000e+00,-6.950500000000303658e-04,-5.069300000000009215e-04,-1.734723475976807094e-18
0.000000000000000000e+00,0.000000000000000000e+00,0.000000000000000000e+00,-6.960400000000088738e-04,-4.069299999999997919e-04,-1.734723475976807094e-18
0.000000000000000000e+00,0.000000000000000000e+00,0.000000000000000000e+00,-6.960400000000088738e-04,-4.069299999999997919e-04,-1.734723475976807094e-18
0.000000000000000000e+00,0.000000000000000000e+00,0.000000000000000000e+00,-6.960400000000088738e-04,-4.069299999999997919e-04,-1.734723475976807094e-18
0.000000000000000000e+00,0.000000000000000000e+00,0.000000000000000000e+00,-6.960400000000088738e-04,-4.069299999999997919e-04,-1.734723475976807094e-18
0.000000000000000000e+00,0.000000000000000000e+00,0.000000000000000000e+00,-6.970299999999873819e-04,-3.069300000000003970e-04,-1.734723475976807094e-18
0.000000000000000000e+00,0.000000000000000000e+00,0.000000000000000000e+00,-6.970299999999873819e-04,-3.069300000000003970e-04,-1.734723475976807094e-18
0.000000000000000000e+00,0.000000000000000000e+00,0.000000000000000000e+00,-6.970299999999873819e-04,-3.069300000000003970e-04,-1.734723475976807094e-18
0.000000000000000000e+00,0.000000000000000000e+00,0.000000000000000000e+00,-6.970299999999873819e-04,-3.069300000000003970e-04,-1.734723475976807094e-18
0.000000000000000000e+00,0.000000000000000000e+00,0.000000000000000000e+00,-6.980200000000769123e-04,-2.069300000000010020e-04,-1.734723475976807094e-18
0.000000000000000000e+00,0.000000000000000000e+00,0.000000000000000000e+00,-6.980200000000769123e-04,-2.069300000000010020e-04,-1.734723475976807094e-18
0.000000000000000000e+00,0.000000000000000000e+00,0.000000000000000000e+00,-7.980200000000658989e-04,-2.079200000000003268e-04,-1.734723475976807094e-18
0.000000000000000000e+00,0.000000000000000000e+00,0.000000000000000000e+00,-7.980200000000658989e-04,-2.079200000000003268e-04,-1.734723475976807094e-18
0.000000000000000000e+00,0.000000000000000000e+00,0.000000000000000000e+00,-7.990100000000444069e-04,-1.079199999999991971e-04,-1.734723475976807094e-18
0.000000000000000000e+00,0.000000000000000000e+00,0.000000000000000000e+00,-7.990100000000444069e-04,-1.079199999999991971e-04,-1.734723475976807094e-18
0.000000000000000000e+00,0.000000000000000000e+00,0.000000000000000000e+00,-7.990100000000444069e-04,-1.079199999999991971e-04,-1.734723475976807094e-18
0.000000000000000000e+00,0.000000000000000000e+00,0.000000000000000000e+00,-7.990100000000444069e-04,-1.079199999999991971e-04,-1.734723475976807094e-18
0.000000000000000000e+00,0.000000000000000000e+00,0.000000000000000000e+00,-7.990100000000444069e-04,-1.079199999999991971e-04,-1.734723475976807094e-18
0.000000000000000000e+00,0.000000000000000000e+00,0.000000000000000000e+00,-8.000000000000229150e-04,-7.919999999999802198e-06,-1.734723475976807094e-18
0.000000000000000000e+00,0.000000000000000000e+00,0.000000000000000000e+00,-8.000000000000229150e-04,-7.919999999999802198e-06,-1.734723475976807094e-18
0.000000000000000000e+00,0.000000000000000000e+00,0.000000000000000000e+00,-8.000000000000229150e-04,-7.919999999999802198e-06,-1.734723475976807094e-18
0.000000000000000000e+00,0.000000000000000000e+00,0.000000000000000000e+00,-8.000000000000229150e-04,-7.919999999999802198e-06,-1.734723475976807094e-18
0.000000000000000000e+00,0.000000000000000000e+00,0.000000000000000000e+00,-8.009900000000014231e-04,9.207999999999959273e-05,-1.734723475976807094e-18
0.000000000000000000e+00,0.000000000000000000e+00,0.000000000000000000e+00,-8.009900000000014231e-04,9.207999999999959273e-05,-1.734723475976807094e-18
0.000000000000000000e+00,0.000000000000000000e+00,0.000000000000000000e+00,-8.009900000000014231e-04,9.207999999999959273e-05,-1.734723475976807094e-18
0.000000000000000000e+00,0.000000000000000000e+00,0.000000000000000000e+00,-8.009900000000014231e-04,9.207999999999959273e-05,-1.734723475976807094e-18
0.000000000000000000e+00,0.000000000000000000e+00,0.000000000000000000e+00,-8.009900000000014231e-04,9.207999999999959273e-05,-1.734723475976807094e-18
0.000000000000000000e+00,0.000000000000000000e+00,0.000000000000000000e+00,-8.019799999999799311e-04,1.920800000000007224e-04,-1.734723475976807094e-18
0.000000000000000000e+00,0.000000000000000000e+00,0.000000000000000000e+00,-8.019799999999799311e-04,1.920800000000007224e-04,-1.734723475976807094e-18
0.000000000000000000e+00,0.000000000000000000e+00,0.000000000000000000e+00,-8.019799999999799311e-04,1.920800000000007224e-04,-1.734723475976807094e-18
0.000000000000000000e+00,0.000000000000000000e+00,0.000000000000000000e+00,-8.019799999999799311e-04,1.920800000000007224e-04,-1.734723475976807094e-18
0.000000000000000000e+00,0.000000000000000000e+00,0.000000000000000000e+00,-8.019799999999799311e-04,1.920800000000007224e-04,-1.734723475976807094e-18
0.000000000000000000e+00,0.000000000000000000e+00,0.000000000000000000e+00,-8.029700000000694615e-04,2.920800000000001173e-04,-1.734723475976807094e-18
0.000000000000000000e+00,0.000000000000000000e+00,0.000000000000000000e+00,-8.029700000000694615e-04,2.920800000000001173e-04,-1.734723475976807094e-18
0.000000000000000000e+00,0.000000000000000000e+00,0.000000000000000000e+00,-8.029999999999981597e-04,2.919999999999988577e-04,-1.734723475976807094e-18
0.000000000000000000e+00,0.000000000000000000e+00,0.000000000000000000e+00,-8.029999999999981597e-04,2.919999999999988577e-04,-1.734723475976807094e-18
0.000000000000000000e+00,0.000000000000000000e+00,0.000000000000000000e+00,-8.029999999999981597e-04,2.919999999999988577e-04,-1.734723475976807094e-18
0.000000000000000000e+00,0.000000000000000000e+00,0.000000000000000000e+00,-8.029999999999981597e-04,2.919999999999988577e-04,-1.734723475976807094e-18
0.000000000000000000e+00,0.000000000000000000e+00,0.000000000000000000e+00,-9.040000000000159019e-04,3.909999999999989873e-04,-1.734723475976807094e-18
0.000000000000000000e+00,0.000000000000000000e+00,0.000000000000000000e+00,-9.040000000000159019e-04,3.909999999999989873e-04,-1.734723475976807094e-18
0.000000000000000000e+00,0.000000000000000000e+00,0.000000000000000000e+00,-9.040000000000159019e-04,3.909999999999989873e-04,-1.734723475976807094e-18
0.000000000000000000e+00,0.000000000000000000e+00,0.000000000000000000e+00,-9.040000000000159019e-04,3.909999999999989873e-04,-1.734723475976807094e-18
0.000000000000000000e+00,0.000000000000000000e+00,0.000000000000000000e+00,-9.040000000000159019e-04,3.909999999999989873e-04,-1.734723475976807094e-18
0.000000000000000000e+00,0.000000000000000000e+00,0.000000000000000000e+00,-9.050000000000446576e-04,4.910000000000001169e-04,-1.734723475976807094e-18
0.000000000000000000e+00,0.000000000000000000e+00,0.000000000000000000e+00,-9.050000000000446576e-04,4.910000000000001169e-04,-1.734723475976807094e-18
0.000000000000000000e+00,0.000000000000000000e+00,0.000000000000000000e+00,-9.050000000000446576e-04,4.910000000000001169e-04,-1.734723475976807094e-18
0.000000000000000000e+00,0.000000000000000000e+00,0.000000000000000000e+00,-9.050000000000446576e-04,4.910000000000001169e-04,-1.734723475976807094e-18
0.000000000000000000e+00,0.000000000000000000e+00,0.000000000000000000e+00,-9.050000000000446576e-04,4.910000000000001169e-04,-1.734723475976807094e-18
0.000000000000000000e+00,0.000000000000000000e+00,0.000000000000000000e+00,-9.050000000000446576e-04,4.910000000000001169e-04,-1.734723475976807094e-18
0.000000000000000000e+00,0.000000000000000000e+00,0.000000000000000000e+00,-9.050000000000446576e-04,4.910000000000001169e-04,-1.734723475976807094e-18
0.000000000000000000e+00,0.000000000000000000e+00,0.000000000000000000e+00,-9.059999999999623910e-04,5.909999999999995118e-04,-1.734723475976807094e-18
0.000000000000000000e+00,0.000000000000000000e+00,0.000000000000000000e+00,-9.059999999999623910e-04,5.909999999999995118e-04,-1.734723475976807094e-18
0.000000000000000000e+00,0.000000000000000000e+00,0.000000000000000000e+00,-9.059999999999623910e-04,5.909999999999995118e-04,-1.734723475976807094e-18
0.000000000000000000e+00,0.000000000000000000e+00,0.000000000000000000e+00,-9.059999999999623910e-04,5.909999999999995118e-04,-1.734723475976807094e-18
0.000000000000000000e+00,0.000000000000000000e+00,0.000000000000000000e+00,-9.059999999999623910e-04,5.909999999999995118e-04,-1.734723475976807094e-18
0.000000000000000000e+00,0.000000000000000000e+00,0.000000000000000000e+00,-9.059999999999623910e-04,5.909999999999995118e-04,-1.734723475976807094e-18
0.000000000000000000e+00,0.000000000000000000e+00,0.000000000000000000e+00,-9.059999999999623910e-04,5.909999999999995118e-04,-1.734723475976807094e-18
0.000000000000000000e+00,0.000000000000000000e+00,0.000000000000000000e+00,-9.069999999999911466e-04,6.909999999999989068e-04,-1.734723475976807094e-18
0.000000000000000000e+00,0.000000000000000000e+00,0.000000000000000000e+00,-9.069999999999911466e-04,6.909999999999989068e-04,-1.734723475976807094e-18
0.000000000000000000e+00,0.000000000000000000e+00,0.000000000000000000e+00,-9.069999999999911466e-04,6.909999999999989068e-04,-1.734723475976807094e-18
0.000000000000000000e+00,0.000000000000000000e+00,0.000000000000000000e+00,-9.069999999999911466e-04,6.909999999999989068e-04,-1.734723475976807094e-18
0.000000000000000000e+00,0.000000000000000000e+00,0.000000000000000000e+00,-9.069999999999911466e-04,6.909999999999989068e-04,-1.734723475976807094e-18
0.000000000000000000e+00,0.000000000000000000e+00,0.000000000000000000e+00,-9.069999999999911466e-04,6.909999999999989068e-04,-1.734723475976807094e-18
0.000000000000000000e+00,0.000000000000000000e+00,0.000000000000000000e+00,-9.069999999999911466e-04,6.909999999999989068e-04,-1.734723475976807094e-18
0.000000000000000000e+00,0.000000000000000000e+00,0.000000000000000000e+00,-9.080000000000199023e-04,7.910000000000000364e-04,-1.734723475976807094e-18
0.000000000000000000e+00,0.000000000000000000e+00,0.000000000000000000e+00,-9.080000000000199023e-04,7.910000000000000364e-04,-1.734723475976807094e-18
0.000000000000000000e+00,0.000000000000000000e+00,0.000000000000000000e+00,-9.080000000000199023e-04,7.910000000000000364e-04,-1.734723475976807094e-18
0.000000000000000000e+00,0.000000000000000000e+00,0.000000000000000000e+00,-9.080000000000199023e-04,7.910000000000000364e-04,-1.734723475976807094e-18
0.000000000000000000e+00,0.000000000000000000e+00,1.000033334666723846e-02,-9.039477017284269908e-04,7.954531098629899098e-04,-1.734723475976807094e-18
0.000000000000000000e+00,0.000000000000000000e+00,0.000000000000000000e+00,-9.079200000000620108e-04,7.910899999999995019e-04,-1.734723475976807094e-18
0.000000000000000000e+00,0.000000000000000000e+00,0.000000000000000000e+00,-9.079200000000620108e-04,7.910899999999995019e-04,-1.734723475976807094e-18
0.000000000000000000e+00,0.000000000000000000e+00,0.000000000000000000e+00,-9.079200000000620108e-04,7.910899999999995019e-04,-1.734723475976807094e-18
0.000000000000000000e+00,0.000000000000000000e+00,0.000000000000000000e+00,-9.079200000000620108e-04,7.910899999999995019e-04,-1.734723475976807094e-18
0.000000000000000000e+00,0.000000000000000000e+00,0.000000000000000000e+00,-9.079200000000620108e-04,7.910899999999995019e-04,-1.734723475976807094e-18
0.000000000000000000e+00,0.000000000000000000e+00,0.000000000000000000e+00,-9.089100000000405188e-04,8.910899999999988969e-04,-1.734723475976807094e-18
0.000000000000000000e+00,0.000000000000000000e+00,0.000000000000000000e+00,-9.089100000000405188e-04,8.910899999999988969e-04,-1.734723475976807094e-18
0.000000000000000000e+00,0.000000000000000000e+00,0.000000000000000000e+00,-9.089100000000405188e-04,8.910899999999988969e-04,-1.734723475976807094e-18
0.000000000000000000e+00,0.000000000000000000e+00,0.000000000000000000e+00,-9.089100000000405188e-04,8.910899999999988969e-04,-1.734723475976807094e-18
0.000000000000000000e+00,0.000000000000000000e+00,0.000000000000000000e+00,-1.008910000000029505e-03,8.900999999999995721e-04,-1.734723475976807094e-18
0.000000000000000000e+00,0.000000000000000000e+00,0.000000000000000000e+00,-1.008910000000029505e-03,8.900999999999995721e-04,-1.734723475976807094e-18
0.000000000000000000e+00,0.000000000000000000e+00,0.000000000000000000e+00,-1.008910000000029505e-03,8.900999999999995721e-04,-1.734723475976807094e-18
0.000000000000000000e+00,0.000000000000000000e+00,0.000000000000000000e+00,-1.008910000000029505e-03,8.900999999999995721e-04,-1.734723475976807094e-18
0.000000000000000000e+00,0.000000000000000000e+00,0.000000000000000000e+00,-1.008910000000029505e-03,8.900999999999995721e-04,-1.734723475976807094e-18
0.000000000000000000e+00,0.000000000000000000e+00,0.000000000000000000e+00,-1.008910000000029505e-03,8.900999999999995721e-04,-1.734723475976807094e-18
0.000000000000000000e+00,0.000000000000000000e+00,0.000000000000000000e+00,-1.008910000000029505e-03,8.900999999999995721e-04,-1.734723475976807094e-18
0.000000000000000000e+00,0.000000000000000000e+00,0.000000000000000000e+00,-1.009900000000008014e-03,9.900999999999989670e-04,-1.734723475976807094e-18
0.000000000000000000e+00,0.000000000000000000e+00,0.000000000000000000e+00,-1.009900000000008014e-03,9.900999999999989670e-04,-1.734723475976807094e-18
0.000000000000000000e+00,0.000000000000000000e+00,0.000000000000000000e+00,-1.009900000000008014e-03,9.900999999999989670e-04,-1.734723475976807094e-18
0.000000000000000000e+00,0.000000000000000000e+00,0.000000000000000000e+00,-1.009900000000008014e-03,9.900999999999989670e-04,-1.734723475976807094e-18
0.000000000000000000e+00,0.000000000000000000e+00,0.000000000000000000e+00,-1.009900000000008014e-03,9.900999999999989670e-04,-1.734723475976807094e-18
0.000000000000000000e+00,0.000000000000000000e+00,0.000000000000000000e+00,-1.009900000000008014e-03,9.900999999999989670e-04,-1.734723475976807094e-18
0.000000000000000000e+00,0.000000000000000000e+00,0.000000000000000000e+00,-1.009900000000008014e-03,9.900999999999989670e-04,-1.734723475976807094e-18
0.000000000000000000e+00,0.000000000000000000e+00,0.000000000000000000e+00,-1.009900000000008014e-03,9.900999999999989670e-04,-1.734723475976807094e-18
0.000000000000000000e+00,0.000000000000000000e+00,0.000000000000000000e+00,-1.009900000000008014e-03,9.900999999999989670e-04,-1.734723475976807094e-18
0.000000000000000000e+00,0.000000000000000000e+00,0.000000000000000000e+00,-1.009900000000008014e-03,9.900999999999989670e-04,-1.734723475976807094e-18
0.000000000000000000e+00,0.000000000000000000e+00,0.000000000000000000e+00,-1.009900000000008014e-03,9.900999999999989670e-04,-1.734723475976807094e-18
0.000000000000000000e+00,0.000000000000000000e+00,0.000000000000000000e+00,-1.009900000000008014e-03,9.900999999999989670e-04,-1.734723475976807094e-18
0.000000000000000000e+00,0.000000000000000000e+00,0.000000000000000000e+00,-1.009900000000008014e-03,9.900999999999989670e-04,-1.734723475976807094e-18
0.000000000000000000e+00,0.000000000000000000e+00,0.000000000000000000e+00,-1.009900000000008014e-03,9.900999999999989670e-04,-1.734723475976807094e-18
0.000000000000000000e+00,0.000000000000000000e+00,0.000000000000000000e+00,-1.009900000000008014e-03,9.900999999999989670e-04,-1.734723475976807094e-18
0.000000000000000000e+00,0.000000000000000000e+00,0.000000000000000000e+00,-1.009900000000008014e-03,9.900999999999989670e-04,-1.734723475976807094e-18
0.000000000000000000e+00,0.000000000000000000e+00,0.000000000000000000e+00,-1.010889999999986522e-03,1.090100000000000097e-03,-1.734723475976807094e-18
0.000000000000000000e+00,0.000000000000000000e+00,0.000000000000000000e+00,-1.010889999999986522e-03,1.090100000000000097e-03,-1.734723475976807094e-18
0.000000000000000000e+00,0.000000000000000000e+00,0.000000000000000000e+00,-1.010889999999986522e-03,1.090100000000000097e-03,-1.734723475976807094e-18
0.000000000000000000e+00,0.000000000000000000e+00,0.000000000000000000e+00,-1.010889999999986522e-03,1.090100000000000097e-03,-1.734723475976807094e-18
0.000000000000000000e+00,0.000000000000000000e+00,0.000000000000000000e+00,-1.010889999999986522e-03,1.090100000000000097e-03,-1.734723475976807094e-18
0.000000000000000000e+00,0.000000000000000000e+00,0.000000000000000000e+00,-1.010889999999986522e-03,1.090100000000000097e-03,-1.734723475976807094e-18
0.000000000000000000e+00,0.000000000000000000e+00,0.000000000000000000e+00,-1.010889999999986522e-03,1.090100000000000097e-03,-1.734723475976807094e-18
0.000000000000000000e+00,0.000000000000000000e+00,0.000000000000000000e+00,-1.010889999999986522e-03,1.090100000000000097e-03,-1.734723475976807094e-18
0.000000000000000000e+00,0.000000000000000000e+00,0.000000000000000000e+00,-1.010889999999986522e-03,1.090100000000000097e-03,-1.734723475976807094e-18
0.000000000000000000e+00,0.000000000000000000e+00,0.000000000000000000e+00,-1.010889999999986522e-03,1.090100000000000097e-03,-1.734723475976807094e-18
0.000000000000000000e+00,0.000000000000000000e+00,0.000000000000000000e+00,-1.010889999999986522e-03,1.090100000000000097e-03,-1.734723475976807094e-18
0.000000000000000000e+00,0.000000000000000000e+00,0.000000000000000000e+00,-1.010889999999986522e-03,1.090100000000000097e-03,-1.734723475976807094e-18
0.000000000000000000e+00,0.000000000000000000e+00,0.000000000000000000e+00,-1.010889999999986522e-03,1.090100000000000097e-03,-1.734723475976807094e-18
0.000000000000000000e+00,0.000000000000000000e+00,0.000000000000000000e+00,-1.010889999999986522e-03,1.090100000000000097e-03,-1.734723475976807094e-18
0.000000000000000000e+00,0.000000000000000000e+00,0.000000000000000000e+00,-1.010889999999986522e-03,1.090100000000000097e-03,-1.734723475976807094e-18
0.000000000000000000e+00,0.000000000000000000e+00,0.000000000000000000e+00,-1.010889999999986522e-03,1.090100000000000097e-03,-1.734723475976807094e-18
0.000000000000000000e+00,0.000000000000000000e+00,0.000000000000000000e+00,-1.010999999999984134e-03,1.090000000000000691e-03,-1.734723475976807094e-18
0.000000000000000000e+00,0.000000000000000000e+00,0.000000000000000000e+00,-1.010999999999984134e-03,1.090000000000000691e-03,-1.734723475976807094e-18
0.000000000000000000e+00,0.000000000000000000e+00,0.000000000000000000e+00,-1.010999999999984134e-03,1.090000000000000691e-03,-1.734723475976807094e-18
0.000000000000000000e+00,0.000000000000000000e+00,0.000000000000000000e+00,-1.010999999999984134e-03,1.090000000000000691e-03,-1.734723475976807094e-18
0.000000000000000000e+00,0.000000000000000000e+00,0.000000000000000000e+00,-1.010999999999984134e-03,1.090000000000000691e-03,-1.734723475976807094e-18
0.000000000000000000e+00,0.000000000000000000e+00,0.000000000000000000e+00,-1.010999999999984134e-03,1.090000000000000691e-03,-1.734723475976807094e-18
0.000000000000000000e+00,0.000000000000000000e+00,0.000000000000000000e+00,-1.010999999999984134e-03,1.090000000000000691e-03,-1.734723475976807094e-18
0.000000000000000000e+00,0.000000000000000000e+00,0.000000000000000000e+00,-1.010999999999984134e-03,1.090000000000000691e-03,-1.734723475976807094e-18
0.000000000000000000e+00,0.000000000000000000e+00,0.000000000000000000e+00,-1.010999999999984134e-03,1.090000000000000691e-03,-1.734723475976807094e-18
0.000000000000000000e+00,0.000000000000000000e+00,0.000000000000000000e+00,-1.010999999999984134e-03,1.090000000000000691e-03,-1.734723475976807094e-18
0.000000000000000000e+00,0.000000000000000000e+00,0.000000000000000000e+00,-1.010999999999984134e-03,1.090000000000000691e-03,-1.734723475976807094e-18
0.000000000000000000e+00,0.000000000000000000e+00,0.000000000000000000e+00,-1.010999999999984134e-03,1.090000000000000691e-03,-1.734723475976807094e-18
0.000000000000000000e+00,0.000000000000000000e+00,0.000000000000000000e+00,-1.010999999999984134e-03,1.090000000000000691e-03,-1.734723475976807094e-18
0.000000000000000000e+00,0.000000000000000000e+00,0.000000000000000000e+00,-1.010999999999984134e-03,1.090000000000000691e-03,-1.734723475976807094e-18
0.000000000000000000e+00,0.000000000000000000e+00,0.000000000000000000e+00,-1.010999999999984134e-03,1.090000000000000691e-03,-1.734723475976807094e-18
0.000000000000000000e+00,0.000000000000000000e+00,0.000000000000000000e+00,-1.010999999999984134e-03,1.090000000000000691e-03,-1.734723475976807094e-18
0.000000000000000000e+00,0.000000000000000000e+00,0.000000000000000000e+00,-1.010999999999984134e-03,1.090000000000000691e-03,-1.734723475976807094e-18
0.000000000000000000e+00,0.000000000000000000e+00,0.000000000000000000e+00,-1.010999999999984134e-03,1.090000000000000691e-03,-1.734723475976807094e-18
0.000000000000000000e+00,0.000000000000000000e+00,0.000000000000000000e+00,-1.010999999999984134e-03,1.090000000000000691e-03,-1.734723475976807094e-18
0.000000000000000000e+00,0.000000000000000000e+00,0.000000000000000000e+00,-1.010999999999984134e-03,1.090000000000000691e-03,-1.734723475976807094e-18
0.000000000000000000e+00,0.000000000000000000e+00,0.000000000000000000e+00,-1.010999999999984134e-03,1.090000000000000691e-03,-1.000000000011408430e-07
0.000000000000000000e+00,0.000000000000000000e+00,0.000000000000000000e+00,-1.010999999999984134e-03,1.090000000000000691e-03,-1.000000000011408430e-07
0.000000000000000000e+00,0.000000000000000000e+00,0.000000000000000000e+00,-1.010999999999984134e-03,1.090000000000000691e-03,-1.000000000011408430e-07
0.000000000000000000e+00,0.000000000000000000e+00,0.000000000000000000e+00,-1.010999999999984134e-03,1.090000000000000691e-03,-1.000000000011408430e-07
0.000000000000000000e+00,0.000000000000000000e+00,0.000000000000000000e+00,-1.010999999999984134e-03,1.090000000000000691e-03,-1.000000000011408430e-07
0.000000000000000000e+00,0.000000000000000000e+00,0.000000000000000000e+00,-1.010999999999984134e-03,1.090000000000000691e-03,-1.000000000011408430e-07
0.000000000000000000e+00,0.000000000000000000e+00,0.000000000000000000e+00,-1.010999999999984134e-03,1.090000000000000691e-03,-1.000000000011408430e-07
0.000000000000000000e+00,0.000000000000000000e+00,0.000000000000000000e+00,-1.010999999999984134e-03,1.090000000000000691e-03,-1.000000000011408430e-07
0.000000000000000000e+00,0.000000000000000000e+00,0.000000000000000000e+00,-1.010999999999984134e-03,1.090000000000000691e-03,-1.000000000011408430e-07
0.000000000000000000e+00,0.000000000000000000e+00,0.000000000000000000e+00,-1.010999999999984134e-03,1.090000000000000691e-03,-1.000000000011408430e-07
0.000000000000000000e+00,0.000000000000000000e+00,0.000000000000000000e+00,-1.010999999999984134e-03,1.090000000000000691e-03,-1.000000000011408430e-07
0.000000000000000000e+00,0.000000000000000000e+00,0.000000000000000000e+00,-1.010999999999984134e-03,1.090000000000000691e-03,-1.000000000011408430e-07
0.000000000000000000e+00,-1.000033334666723911e-04,1.000033334666723846e-02,-1.005441947745735554e-03,1.094935585445935443e-03,-4.954414554179951608e-08
0.000000000000000000e+00,0.000000000000000000e+00,0.000000000000000000e+00,-1.010889999999986522e-03,1.090100000000000097e-03,-1.000000000011408430e-07
0.000000000000000000e+00,0.000000000000000000e+00,0.000000000000000000e+00,-1.010889999999986522e-03,1.090100000000000097e-03,-1.000000000011408430e-07
0.000000000000000000e+00,0.000000000000000000e+00,0.000000000000000000e+00,-1.010889999999986522e-03,1.090100000000000097e-03,-1.000000000011408430e-07
0.000000000000000000e+00,0.000000000000000000e+00,0.000000000000000000e+00,-1.010889999999986522e-03,1.090100000000000097e-03,-1.000000000011408430e-07
0.000000000000000000e+00,0.000000000000000000e+00,0.000000000000000000e+00,-1.010889999999986522e-03,1.090100000000000097e-03,-1.000000000011408430e-07
0.000000000000000000e+00,0.000000000000000000e+00,0.000000000000000000e+00,-1.010889999999986522e-03,1.090100000000000097e-03,-1.000000000011408430e-07
0.000000000000000000e+00,0.000000000000000000e+00,0.000000000000000000e+00,-1.010889999999986522e-03,1.090100000000000097e-03,-1.000000000011408430e-07
0.000000000000000000e+00,0.000000000000000000e+00,0.000000000000000000e+00,-1.010889999999986522e-03,1.090100000000000097e-03,-1.000000000011408430e-07
0.000000000000000000e+00,0.000000000000000000e+00,0.000000000000000000e+00,-1.010889999999986522e-03,1.090100000000000097e-03,-1.000000000011408430e-07
0.000000000000000000e+00,0.000000000000000000e+00,0.000000000000000000e+00,-1.010889999999986522e-03,1.090100000000000097e-03,-1.000000000011408430e-07
0.000000000000000000e+00,0.000000000000000000e+00,0.000000000000000000e+00,-1.010889999999986522e-03,1.090100000000000097e-03,-1.000000000011408430e-07
0.000000000000000000e+00,0.000000000000000000e+00,0.000000000000000000e+00,-1.010889999999986522e-03,1.090100000000000097e-03,-1.000000000011408430e-07
0.000000000000000000e+00,0.000000000000000000e+00,0.000000000000000000e+00,-1.010889999999986522e-03,1.090100000000000097e-03,-1.000000000011408430e-07
0.000000000000000000e+00,0.000000000000000000e+00,0.000000000000000000e+00,-1.010889999999986522e-03,1.090100000000000097e-03,-1.000000000011408430e-07
0.000000000000000000e+00,0.000000000000000000e+00,0.000000000000000000e+00,-1.010889999999986522e-03,1.090100000000000097e-03,-1.000000000011408430e-07
0.000000000000000000e+00,0.000000000000000000e+00,0.000000000000000000e+00,-1.010889999999986522e-03,1.090100000000000097e-03,-1.000000000011408430e-07
0.000000000000000000e+00,0.000000000000000000e+00,0.000000000000000000e+00,-1.010889999999986522e-03,1.090100000000000097e-03,-1.000000000011408430e-07
0.000000000000000000e+00,0.000000000000000000e+00,0.000000000000000000e+00,-1.010889999999986522e-03,1.090100000000000097e-03,-1.000000000011408430e-07
0.000000000000000000e+00,0.000000000000000000e+00,0.000000000000000000e+00,-1.009900000000008014e-03,9.900999999999989670e-04,-1.000000000011408430e-07
0.000000000000000000e+00,0.000000000000000000e+00,0.000000000000000000e+00,-1.009900000000008014e-03,9.900999999999989670e-04,-1.000000000011408430e-07
0.000000000000000000e+00,0.000000000000000000e+00,0.000000000000000000e+00,-1.009900000000008014e-03,9.900999999999989670e-04,-1.000000000011408430e-07
0.000000000000000000e+00,0.000000000000000000e+00,0.000000000000000000e+00,-1.009900000000008014e-03,9.900999999999989670e-04,-1.000000000011408430e-07
0.000000000000000000e+00,0.000000000000000000e+00,0.000000000000000000e+00,-1.009900000000008014e-03,9.900999999999989670e-04,-1.000000000011408430e-07
0.000000000000000000e+00,0.000000000000000000e+00,0.000000000000000000e+00,-1.009900000000008014e-03,9.900999999999989670e-04,-1.000000000011408430e-07
0.000000000000000000e+00,0.000000000000000000e+00,0.000000000000000000e+00,-1.009900000000008014e-03,9.900999999999989670e-04,-1.000000000011408430e-07
0.000000000000000000e+00,0.000000000000000000e+00,0.000000000000000000e+00,-1.009900000000008014e-03,9.900999999999989670e-04,-1.000000000011408430e-07
0.000000000000000000e+00,0.000000000000000000e+00,0.000000000000000000e+00,-1.009900000000008014e-03,9.900999999999989670e-04,-1.000000000011408430e-07
0.000000000000000000e+00,0.000000000000000000e+00,0.000000000000000000e+00,-1.009900000000008014e-03,9.900999999999989670e-04,-1.000000000011408430e-07
0.000000000000000000e+00,0.000000000000000000e+00,0.000000000000000000e+00,-1.009900000000008014e-03,9.900999999999989670e-04,-1.000000000011408430e-07
0.000000000000000000e+00,0.000000000000000000e+00,0.000000000000000000e+00,-1.009900000000008014e-03,9.900999999999989670e-04,-1.000000000011408430e-07
0.000000000000000000e+00,0.000000000000000000e+00,0.000000000000000000e+00,-1.009900000000008014e-03,9.900999999999989670e-04,-1.000000000011408430e-07
0.000000000000000000e+00,0.000000000000000000e+00,0.000000000000000000e+00,-1.009900000000008014e-03,9.900999999999989670e-04,-1.000000000011408430e-07
0.000000000000000000e+00,0.000000000000000000e+00,0.000000000000000000e+00,-1.009900000000008014e-03,9.900999999999989670e-04,-1.000000000011408430e-07
0.000000000000000000e+00,0.000000000000000000e+00,0.000000000000000000e+00,-1.009900000000008014e-03,9.900999999999989670e-04,-1.000000000011408430e-07
0.000000000000000000e+00,0.000000000000000000e+00,0.000000000000000000e+00,-1.009900000000008014e-03,9.900999999999989670e-04,-1.000000000011408430e-07
0.000000000000000000e+00,0.000000000000000000e+00,0.000000000000000000e+00,-1.009900000000008014e-03,9.900999999999989670e-04,-1.000000000011408430e-07
0.000000000000000000e+00,0.000000000000000000e+00,0.000000000000000000e+00,-1.009900000000008014e-03,9.900999999999989670e-04,-1.000000000011408430e-07
0.000000000000000000e+00,0.000000000000000000e+00,0.000000000000000000e+00,-1.009900000000008014e-03,9.900999999999989670e-04,-1.000000000011408430e-07
0.000000000000000000e+00,0.000000000000000000e+00,0.000000000000000000e+00,-1.009900000000008014e-03,9.900999999999989670e-04,-1.000000000011408430e-07
0.000000000000000000e+00,0.000000000000000000e+00,0.000000000000000000e+00,-1.008910000000029505e-03,8.900999999999995721e-04,-1.000000000011408430e-07
0.000000000000000000e+00,0.000000000000000000e+00,0.000000000000000000e+00,-1.008910000000029505e-03,8.900999999999995721e-04,-1.000000000011408430e-07
0.000000000000000000e+00,0.000000000000000000e+00,0.000000000000000000e+00,-1.008910000000029505e-03,8.900999999999995721e-04,-1.000000000011408430e-07
0.000000000000000000e+00,0.000000000000000000e+00,0.000000000000000000e+00,-1.008910000000029505e-03,8.900999999999995721e-04,-1.000000000011408430e-07
0.000000000000000000e+00,0.000000000000000000e+00,0.000000000000000000e+00,-1.008910000000029505e-03,8.900999999999995721e-04,-1.000000000011408430e-07
0.000000000000000000e+00,0.000000000000000000e+00,0.000000000000000000e+00,-1.008910000000029505e-03,8.900999999999995721e-04,-1.000000000011408430e-07
0.000000000000000000e+00,0.000000000000000000e+00,0.000000000000000000e+00,-1.009000000000037645e-03,8.900000000000001660e-04,-1.000000000011408430e-07
0.000000000000000000e+00,0.000000000000000000e+00,0.000000000000000000e+00,-1.009000000000037645e-03,8.900000000000001660e-04,-1.000000000011408430e-07
0.000000000000000000e+00,0.000000000000000000e+00,0.000000000000000000e+00,-1.009000000000037645e-03,8.900000000000001660e-04,-1.000000000011408430e-07
0.000000000000000000e+00,0.000000000000000000e+00,0.000000000000000000e+00,-1.009000000000037645e-03,8.900000000000001660e-04,-1.000000000011408430e-07
0.000000000000000000e+00,0.000000000000000000e+00,0.000000000000000000e+00,-1.009000000000037645e-03,8.900000000000001660e-04,-1.000000000011408430e-07
0.000000000000000000e+00,0.000000000000000000e+00,0.000000000000000000e+00,-1.009000000000037645e-03,8.900000000000001660e-04,-1.000000000011408430e-07
0.000000000000000000e+00,0.000000000000000000e+00,0.000000000000000000e+00,-1.009000000000037645e-03,8.900000000000001660e-04,-1.000000000011408430e-07
0.000000000000000000e+00,0.000000000000000000e+00,0.000000000000000000e+00,-1.009000000000037645e-03,8.900000000000001660e-04,-1.000000000011408430e-07
0.000000000000000000e+00,0.000000000000000000e+00,0.000000000000000000e+00,-9.090000000000486580e-04,8.909999999999994313e-04,-9.000000000120023103e-08
0.000000000000000000e+00,0.000000000000000000e+00,0.000000000000000000e+00,-9.090000000000486580e-04,8.909999999999994313e-04,-9.000000000120023103e-08
0.000000000000000000e+00,0.000000000000000000e+00,0.000000000000000000e+00,-9.090000000000486580e-04,8.909999999999994313e-04,-9.000000000120023103e-08
0.000000000000000000e+00,0.000000000000000000e+00,0.000000000000000000e+00,-9.080000000000199023e-04,7.910000000000000364e-04,-9.000000000120023103e-08
0.000000000000000000e+00,0.000000000000000000e+00,0.000000000000000000e+00,-9.080000000000199023e-04,7.910000000000000364e-04,-9.000000000120023103e-08
0.000000000000000000e+00,0.000000000000000000e+00,0.000000000000000000e+00,-9.080000000000199023e-04,7.910000000000000364e-04,-9.000000000120023103e-08
0.000000000000000000e+00,0.000000000000000000e+00,0.000000000000000000e+00,-9.080000000000199023e-04,7.910000000000000364e-04,-9.000000000120023103e-08
0.000000000000000000e+00,0.000000000000000000e+00,0.000000000000000000e+00,-9.080000000000199023e-04,7.910000000000000364e-04,-9.000000000120023103e-08
0.000000000000000000e+00,0.000000000000000000e+00,0.000000000000000000e+00,-9.080000000000199023e-04,7.910000000000000364e-04,-9.000000000120023103e-08
0.000000000000000000e+00,0.000000000000000000e+00,0.000000000000000000e+00,-9.080000000000199023e-04,7.910000000000000364e-04,-9.000000000120023103e-08
0.000000000000000000e+00,0.000000000000000000e+00,0.000000000000000000e+00,-9.080000000000199023e-04,7.910000000000000364e-04,-9.000000000120023103e-08
0.000000000000000000e+00,0.000000000000000000e+00,0.000000000000000000e+00,-9.080000000000199023e-04,7.910000000000000364e-04,-9.000000000120023103e-08
0.000000000000000000e+00,0.000000000000000000e+00,0.000000000000000000e+00,-9.080000000000199023e-04,7.910000000000000364e-04,-9.000000000120023103e-08
0.000000000000000000e+00,0.000000000000000000e+00,0.000000000000000000e+00,-9.080000000000199023e-04,7.910000000000000364e-04,-9.000000000120023103e-08
0.000000000000000000e+00,0.000000000000000000e+00,0.000000000000000000e+00,-9.080000000000199023e-04,7.910000000000000364e-04,-9.000000000120023103e-08
0.000000000000000000e+00,0.000000000000000000e+00,0.000000000000000000e+00,-9.080000000000199023e-04,7.910000000000000364e-04,-9.000000000120023103e-08
0.000000000000000000e+00,0.000000000000000000e+00,0.000000000000000000e+00,-9.080000000000199023e-04,7.910000000000000364e-04,-9.000000000120023103e-08
0.000000000000000000e+00,0.000000000000000000e+00,0.000000000000000000e+00,-9.080000000000199023e-04,7.910000000000000364e-04,-9.000000000120023103e-08
0.000000000000000000e+00,0.000000000000000000e+00,0.000000000000000000e+00,-9.080000000000199023e-04,7.910000000000000364e-04,-9.000000000120023103e-08
0.000000000000000000e+00,0.000000000000000000e+00,0.000000000000000000e+00,-9.069999999999911466e-04,6.909999999999989068e-04,-9.000000000120023103e-08
0.000000000000000000e+00,0.000000000000000000e+00,0.000000000000000000e+00,-9.069999999999911466e-04,6.909999999999989068e-04,-9.000000000120023103e-08
0.000000000000000000e+00,0.000000000000000000e+00,0.000000000000000000e+00,-9.069999999999911466e-04,6.909999999999989068e-04,-9.000000000120023103e-08
0.000000000000000000e+00,0.000000000000000000e+00,0.000000000000000000e+00,-9.069999999999911466e-04,6.909999999999989068e-04,-9.000000000120023103e-08
0.000000000000000000e+00,0.000000000000000000e+00,0.000000000000000000e+00,-9.069999999999911466e-04,6.909999999999989068e-04,-9.000000000120023103e-08
0.000000000000000000e+00,0.000000000000000000e+00,0.000000000000000000e+00,-9.069999999999911466e-04,6.909999999999989068e-04,-9.000000000120023103e-08
0.000000000000000000e+00,-1.000033334666723911e-04,1.000033334666723846e-02,-9.034476804723203490e-04,6.954589430121467042e-04,-4.471056987972603084e-08
0.000000000000000000e+00,0.000000000000000000e+00,0.000000000000000000e+00,-9.069299999999724804e-04,6.910899999999983723e-04,-9.000000000120023103e-08
0.000000000000000000e+00,0.000000000000000000e+00,0.000000000000000000e+00,-9.069299999999724804e-04,6.910899999999983723e-04,-9.000000000120023103e-08
0.000000000000000000e+00,0.000000000000000000e+00,0.000000000000000000e+00,-9.069299999999724804e-04,6.910899999999983723e-04,-9.000000000120023103e-08
0.000000000000000000e+00,0.000000000000000000e+00,0.000000000000000000e+00,-9.069299999999724804e-04,6.910899999999983723e-04,-9.000000000120023103e-08
0.000000000000000000e+00,0.000000000000000000e+00,0.000000000000000000e+00,-9.069299999999724804e-04,6.910899999999983723e-04,-9.000000000120023103e-08
0.000000000000000000e+00,0.000000000000000000e+00,0.000000000000000000e+00,-9.069299999999724804e-04,6.910899999999983723e-04,-9.000000000120023103e-08
0.000000000000000000e+00,0.000000000000000000e+00,0.000000000000000000e+00,-9.069299999999724804e-04,6.910899999999983723e-04,-9.000000000120023103e-08
0.000000000000000000e+00,0.000000000000000000e+00,0.000000000000000000e+00,-9.059399999999939723e-04,5.910899999999989773e-04,-9.000000000120023103e-08
0.000000000000000000e+00,0.000000000000000000e+00,0.000000000000000000e+00,-9.059399999999939723e-04,5.910899999999989773e-04,-9.000000000120023103e-08
0.000000000000000000e+00,0.000000000000000000e+00,0.000000000000000000e+00,-9.059399999999939723e-04,5.910899999999989773e-04,-9.000000000120023103e-08
0.000000000000000000e+00,0.000000000000000000e+00,0.000000000000000000e+00,-9.059399999999939723e-04,5.910899999999989773e-04,-9.000000000120023103e-08
0.000000000000000000e+00,0.000000000000000000e+00,0.000000000000000000e+00,-9.059399999999939723e-04,5.910899999999989773e-04,-9.000000000120023103e-08
0.000000000000000000e+00,0.000000000000000000e+00,0.000000000000000000e+00,-9.059399999999939723e-04,5.910899999999989773e-04,-9.000000000120023103e-08
0.000000000000000000e+00,0.000000000000000000e+00,0.000000000000000000e+00,-9.059399999999939723e-04,5.910899999999989773e-04,-9.000000000120023103e-08
0.000000000000000000e+00,0.000000000000000000e+00,0.000000000000000000e+00,-9.059399999999939723e-04,5.910899999999989773e-04,-9.000000000120023103e-08
0.000000000000000000e+00,0.000000000000000000e+00,0.000000000000000000e+00,-9.059399999999939723e-04,5.910899999999989773e-04,-9.000000000120023103e-08
0.000000000000000000e+00,0.000000000000000000e+00,0.000000000000000000e+00,-9.059399999999939723e-04,5.910899999999989773e-04,-9.000000000120023103e-08
0.000000000000000000e+00,0.000000000000000000e+00,0.000000000000000000e+00,-9.059399999999939723e-04,5.910899999999989773e-04,-9.000000000120023103e-08
0.000000000000000000e+00,0.000000000000000000e+00,0.000000000000000000e+00,-9.059399999999939723e-04,5.910899999999989773e-04,-9.000000000120023103e-08
0.000000000000000000e+00,0.000000000000000000e+00,0.000000000000000000e+00,-9.059399999999939723e-04,5.910899999999989773e-04,-9.000000000120023103e-08
0.000000000000000000e+00,0.000000000000000000e+00,0.000000000000000000e+00,-9.059399999999939723e-04,5.910899999999989773e-04,-9.000000000120023103e-08
0.000000000000000000e+00,0.000000000000000000e+00,0.000000000000000000e+00,-9.049500000000154643e-04,4.910899999999995824e-04,-9.000000000120023103e-08
0.000000000000000000e+00,0.000000000000000000e+00,0.000000000000000000e+00,-9.049500000000154643e-04,4.910899999999995824e-04,-9.000000000120023103e-08
0.000000000000000000e+00,0.000000000000000000e+00,0.000000000000000000e+00,-9.049500000000154643e-04,4.910899999999995824e-04,-9.000000000120023103e-08
0.000000000000000000e+00,0.000000000000000000e+00,0.000000000000000000e+00,-9.049500000000154643e-04,4.910899999999995824e-04,-9.000000000120023103e-08
0.000000000000000000e+00,0.000000000000000000e+00,0.000000000000000000e+00,-9.049500000000154643e-04,4.910899999999995824e-04,-9.000000000120023103e-08
0.000000000000000000e+00,0.000000000000000000e+00,0.000000000000000000e+00,-9.049500000000154643e-04,4.910899999999995824e-04,-9.000000000120023103e-08
0.000000000000000000e+00,0.000000000000000000e+00,0.000000000000000000e+00,-9.049500000000154643e-04,4.910899999999995824e-04,-9.000000000120023103e-08
0.000000000000000000e+00,0.000000000000000000e+00,0.000000000000000000e+00,-9.049500000000154643e-04,4.910899999999995824e-04,-9.000000000120023103e-08
0.000000000000000000e+00,0.000000000000000000e+00,0.000000000000000000e+00,-9.049500000000154643e-04,4.910899999999995824e-04,-9.000000000120023103e-08
0.000000000000000000e+00,0.000000000000000000e+00,0.000000000000000000e+00,-9.049500000000154643e-04,4.910899999999995824e-04,-9.000000000120023103e-08
0.000000000000000000e+00,0.000000000000000000e+00,0.000000000000000000e+00,-9.049500000000154643e-04,4.910899999999995824e-04,-9.000000000120023103e-08
0.000000000000000000e+00,0.000000000000000000e+00,0.000000000000000000e+00,-9.049500000000154643e-04,4.910899999999995824e-04,-9.000000000120023103e-08
0.000000000000000000e+00,0.000000000000000000e+00,0.000000000000000000e+00,-9.049500000000154643e-04,4.910899999999995824e-04,-9.000000000120023103e-08
0.000000000000000000e+00,0.000000000000000000e+00,0.000000000000000000e+00,-9.049500000000154643e-04,4.910899999999995824e-04,-9.000000000120023103e-08
0.000000000000000000e+00,0.000000000000000000e+00,0.000000000000000000e+00,-9.039600000000369562e-04,3.910899999999984528e-04,-9.000000000120023103e-08
0.000000000000000000e+00,0.000000000000000000e+00,0.000000000000000000e+00,-9.039600000000369562e-04,3.910899999999984528e-04,-9.000000000120023103e-08
0.000000000000000000e+00,0.000000000000000000e+00,0.000000000000000000e+00,-9.039600000000369562e-04,3.910899999999984528e-04,-9.000000000120023103e-08
0.000000000000000000e+00,0.000000000000000000e+00,0.000000000000000000e+00,-9.039600000000369562e-04,3.910899999999984528e-04,-9.000000000120023103e-08
0.000000000000000000e+00,0.000000000000000000e+00,0.000000000000000000e+00,-9.039600000000369562e-04,3.910899999999984528e-04,-9.000000000120023103e-08
0.000000000000000000e+00,0.000000000000000000e+00,0.000000000000000000e+00,-9.039600000000369562e-04,3.910899999999984528e-04,-9.000000000120023103e-08
0.000000000000000000e+00,0.000000000000000000e+00,0.000000000000000000e+00,-9.039600000000369562e-04,3.910899999999984528e-04,-9.000000000120023103e-08
0.000000000000000000e+00,0.000000000000000000e+00,0.000000000000000000e+00,-9.039600000000369562e-04,3.910899999999984528e-04,-9.000000000120023103e-08
0.000000000000000000e+00,0.000000000000000000e+00,0.000000000000000000e+00,-9.039600000000369562e-04,3.910899999999984528e-04,-9.000000000120023103e-08
0.000000000000000000e+00,0.000000000000000000e+00,0.000000000000000000e+00,-9.039600000000369562e-04,3.910899999999984528e-04,-9.000000000120023103e-08
0.000000000000000000e+00,0.000000000000000000e+00,0.000000000000000000e+00,-9.039600000000369562e-04,3.910899999999984528e-04,-9.000000000120023103e-08
0.000000000000000000e+00,0.000000000000000000e+00,0.000000000000000000e+00,-9.040000000000159019e-04,3.909999999999989873e-04,-9.000000000120023103e-08
0.000000000000000000e+00,0.000000000000000000e+00,0.000000000000000000e+00,-9.040000000000159019e-04,3.909999999999989873e-04,-9.000000000120023103e-08
0.000000000000000000e+00,0.000000000000000000e+00,0.000000000000000000e+00,-9.040000000000159019e-04,3.909999999999989873e-04,-9.000000000120023103e-08
0.000000000000000000e+00,0.000000000000000000e+00,0.000000000000000000e+00,-9.029999999999871463e-04,2.909999999999995923e-04,-9.000000000120023103e-08
0.000000000000000000e+00,0.000000000000000000e+00,0.000000000000000000e+00,-9.029999999999871463e-04,2.909999999999995923e-04,-9.000000000120023103e-08
0.000000000000000000e+00,0.000000000000000000e+00,0.000000000000000000e+00,-9.029999999999871463e-04,2.909999999999995923e-04,-9.000000000120023103e-08
0.000000000000000000e+00,0.000000000000000000e+00,0.000000000000000000e+00,-9.029999999999871463e-04,2.909999999999995923e-04,-9.000000000120023103e-08
0.000000000000000000e+00,0.000000000000000000e+00,0.000000000000000000e+00,-9.029999999999871463e-04,2.909999999999995923e-04,-9.000000000120023103e-08
0.000000000000000000e+00,0.000000000000000000e+00,0.000000000000000000e+00,-9.029999999999871463e-04,2.909999999999995923e-04,-9.000000000120023103e-08
0.000000000000000000e+00,0.000000000000000000e+00,0.000000000000000000e+00,-9.029999999999871463e-04,2.909999999999995923e-04,-9.000000000120023103e-08
0.000000000000000000e+00,0.000000000000000000e+00,0.000000000000000000e+00,-8.029999999999981597e-04,2.919999999999988577e-04,-8.000000000125961908e-08
0.000000000000000000e+00,0.000000000000000000e+00,0.000000000000000000e+00,-8.029999999999981597e-04,2.919999999999988577e-04,-8.000000000125961908e-08
0.000000000000000000e+00,0.000000000000000000e+00,0.000000000000000000e+00,-8.029999999999981597e-04,2.919999999999988577e-04,-8.000000000125961908e-08
0.000000000000000000e+00,0.000000000000000000e+00,0.000000000000000000e+00,-8.029999999999981597e-04,2.919999999999988577e-04,-8.000000000125961908e-08
0.000000000000000000e+00,0.000000000000000000e+00,0.000000000000000000e+00,-8.029999999999981597e-04,2.919999999999988577e-04,-8.000000000125961908e-08
0.000000000000000000e+00,0.000000000000000000e+00,0.000000000000000000e+00,-8.029999999999981597e-04,2.919999999999988577e-04,-8.000000000125961908e-08
0.000000000000000000e+00,0.000000000000000000e+00,0.000000000000000000e+00,-8.029999999999981597e-04,2.919999999999988577e-04,-8.000000000125961908e-08
0.000000000000000000e+00,0.000000000000000000e+00,0.000000000000000000e+00,-8.019999999999694040e-04,1.919999999999994628e-04,-8.000000000125961908e-08
0.000000000000000000e+00,0.000000000000000000e+00,0.000000000000000000e+00,-8.019999999999694040e-04,1.919999999999994628e-04,-8.000000000125961908e-08
0.000000000000000000e+00,0.000000000000000000e+00,0.000000000000000000e+00,-8.019999999999694040e-04,1.919999999999994628e-04,-8.000000000125961908e-08
0.000000000000000000e+00,0.000000000000000000e+00,0.000000000000000000e+00,-8.019999999999694040e-04,1.919999999999994628e-04,-8.000000000125961908e-08
0.000000000000000000e+00,0.000000000000000000e+00,0.000000000000000000e+00,-8.019999999999694040e-04,1.919999999999994628e-04,-8.000000000125961908e-08
0.000000000000000000e+00,0.000000000000000000e+00,0.000000000000000000e+00,-8.019999999999694040e-04,1.919999999999994628e-04,-8.000000000125961908e-08
0.000000000000000000e+00,0.000000000000000000e+00,0.000000000000000000e+00,-8.019999999999694040e-04,1.919999999999994628e-04,-8.000000000125961908e-08
0.000000000000000000e+00,0.000000000000000000e+00,0.000000000000000000e+00,-8.019999999999694040e-04,1.919999999999994628e-04,-8.000000000125961908e-08
0.000000000000000000e+00,0.000000000000000000e+00,0.000000000000000000e+00,-8.019999999999694040e-04,1.919999999999994628e-04,-8.000000000125961908e-08
0.000000000000000000e+00,0.000000000000000000e+00,0.000000000000000000e+00,-8.019999999999694040e-04,1.919999999999994628e-04,-8.000000000125961908e-08
0.000000000000000000e+00,0.000000000000000000e+00,0.000000000000000000e+00,-8.019999999999694040e-04,1.919999999999994628e-04,-8.000000000125961908e-08
0.000000000000000000e+00,0.000000000000000000e+00,0.000000000000000000e+00,-8.019999999999694040e-04,1.919999999999994628e-04,-8.000000000125961908e-08
0.000000000000000000e+00,0.000000000000000000e+00,0.000000000000000000e+00,-8.019999999999694040e-04,1.919999999999994628e-04,-8.000000000125961908e-08
0.000000000000000000e+00,0.000000000000000000e+00,0.000000000000000000e+00,-8.019999999999694040e-04,1.919999999999994628e-04,-8.000000000125961908e-08
0.000000000000000000e+00,0.000000000000000000e+00,0.000000000000000000e+00,-8.019999999999694040e-04,1.919999999999994628e-04,-8.000000000125961908e-08
0.000000000000000000e+00,-1.000033334666723911e-04,1.000033334666723846e-02,-8.009533881994042358e-04,1.959881337200182613e-04,-3.991866280107274078e-08
0.000000000000000000e+00,0.000000000000000000e+00,0.000000000000000000e+00,-8.019799999999799311e-04,1.920800000000007224e-04,-8.000000000125961908e-08
0.000000000000000000e+00,0.000000000000000000e+00,0.000000000000000000e+00,-8.009900000000014231e-04,9.207999999999959273e-05,-8.000000000125961908e-08
0.000000000000000000e+00,0.000000000000000000e+00,0.000000000000000000e+00,-8.009900000000014231e-04,9.207999999999959273e-05,-8.000000000125961908e-08
0.000000000000000000e+00,0.000000000000000000e+00,0.000000000000000000e+00,-8.009900000000014231e-04,9.207999999999959273e-05,-8.000000000125961908e-08
0.000000000000000000e+00,0.000000000000000000e+00,0.000000000000000000e+00,-8.009900000000014231e-04,9.207999999999959273e-05,-8.000000000125961908e-08
0.000000000000000000e+00,0.000000000000000000e+00,0.000000000000000000e+00,-8.009900000000014231e-04,9.207999999999959273e-05,-8.000000000125961908e-08
0.000000000000000000e+00,0.000000000000000000e+00,0.000000000000000000e+00,-8.009900000000014231e-04,9.207999999999959273e-05,-8.000000000125961908e-08
0.000000000000000000e+00,0.000000000000000000e+00,0.000000000000000000e+00,-8.009900000000014231e-04,9.207999999999959273e-05,-8.000000000125961908e-08
0.000000000000000000e+00,0.000000000000000000e+00,0.000000000000000000e+00,-8.009900000000014231e-04,9.207999999999959273e-05,-8.000000000125961908e-08
0.000000000000000000e+00,0.000000000000000000e+00,0.000000000000000000e+00,-8.009900000000014231e-04,9.207999999999959273e-05,-8.000000000125961908e-08
0.000000000000000000e+00,0.000000000000000000e+00,0.000000000000000000e+00,-8.009900000000014231e-04,9.207999999999959273e-05,-8.000000000125961908e-08
0.000000000000000000e+00,0.000000000000000000e+00,0.000000000000000000e+00,-8.009900000000014231e-04,9.207999999999959273e-05,-8.000000000125961908e-08
0.000000000000000000e+00,0.000000000000000000e+00,0.000000000000000000e+00,-8.009900000000014231e-04,9.207999999999959273e-05,-8.000000000125961908e-08
0.000000000000000000e+00,0.000000000000000000e+00,0.000000000000000000e+00,-8.009900000000014231e-04,9.207999999999959273e-05,-8.000000000125961908e-08
0.000000000000000000e+00,0.000000000000000000e+00,0.000000000000000000e+00,-8.009900000000014231e-04,9.207999999999959273e-05,-8.000000000125961908e-08
0.000000000000000000e+00,0.000000000000000000e+00,0.000000000000000000e+00,-8.009900000000014231e-04,9.207999999999959273e-05,-8.000000000125961908e-08
0.000000000000000000e+00,0.000000000000000000e+00,0.000000000000000000e+00,-8.000000000000229150e-04,-7.919999999999802198e-06,-8.000000000125961908e-08
0.000000000000000000e+00,0.000000000000000000e+00,0.000000000000000000e+00,-8.000000000000229150e-04,-7.919999999999802198e-06,-8.000000000125961908e-08
0.000000000000000000e+00,0.000000000000000000e+00,0.000000000000000000e+00,-8.000000000000229150e-04,-7.919999999999802198e-06,-8.000000000125961908e-08
0.000000000000000000e+00,0.000000000000000000e+00,0.000000000000000000e+00,-8.000000000000229150e-04,-7.919999999999802198e-06,-8.000000000125961908e-08
0.000000000000000000e+00,0.000000000000000000e+00,0.000000000000000000e+00,-8.000000000000229150e-04,-7.919999999999802198e-06,-8.000000000125961908e-08
0.000000000000000000e+00,0.000000000000000000e+00,0.000000000000000000e+00,-8.000000000000229150e-04,-7.919999999999802198e-06,-8.000000000125961908e-08
0.000000000000000000e+00,0.000000000000000000e+00,0.000000000000000000e+00,-8.000000000000229150e-04,-7.919999999999802198e-06,-8.000000000125961908e-08
0.000000000000000000e+00,0.000000000000000000e+00,0.000000000000000000e+00,-8.000000000000229150e-04,-7.919999999999802198e-06,-8.000000000125961908e-08
0.000000000000000000e+00,0.000000000000000000e+00,0.000000000000000000e+00,-8.000000000000229150e-04,-7.919999999999802198e-06,-8.000000000125961908e-08
0.000000000000000000e+00,0.000000000000000000e+00,0.000000000000000000e+00,-8.000000000000229150e-04,-7.919999999999802198e-06,-8.000000000125961908e-08
0.000000000000000000e+00,0.000000000000000000e+00,0.000000000000000000e+00,-8.000000000000229150e-04,-7.919999999999802198e-06,-8.000000000125961908e-08
0.000000000000000000e+00,0.000000000000000000e+00,0.000000000000000000e+00,-8.000000000000229150e-04,-7.919999999999802198e-06,-8.000000000125961908e-08
0.000000000000000000e+00,0.000000000000000000e+00,0.000000000000000000e+00,-8.000000000000229150e-04,-7.919999999999802198e-06,-8.000000000125961908e-08
0.000000000000000000e+00,0.000000000000000000e+00,0.000000000000000000e+00,-8.000000000000229150e-04,-7.919999999999802198e-06,-8.000000000125961908e-08
0.000000000000000000e+00,0.000000000000000000e+00,0.000000000000000000e+00,-8.000000000000229150e-04,-7.919999999999802198e-06,-8.000000000125961908e-08
0.000000000000000000e+00,0.000000000000000000e+00,0.000000000000000000e+00,-8.000000000000229150e-04,-7.919999999999802198e-06,-8.000000000125961908e-08
0.000000000000000000e+00,0.000000000000000000e+00,0.000000000000000000e+00,-8.000000000000229150e-04,-7.919999999999802198e-06,-8.000000000125961908e-08
0.000000000000000000e+00,0.000000000000000000e+00,0.000000000000000000e+00,-7.990100000000444069e-04,-1.079199999999991971e-04,-8.000000000125961908e-08
0.000000000000000000e+00,0.000000000000000000e+00,0.000000000000000000e+00,-7.990100000000444069e-04,-1.079199999999991971e-04,-8.000000000125961908e-08
0.000000000000000000e+00,0.000000000000000000e+00,0.000000000000000000e+00,-7.990100000000444069e-04,-1.079199999999991971e-04,-8.000000000125961908e-08
0.000000000000000000e+00,0.000000000000000000e+00,0.000000000000000000e+00,-7.990100000000444069e-04,-1.079199999999991971e-04,-8.000000000125961908e-08
0.000000000000000000e+00,0.000000000000000000e+00,0.000000000000000000e+00,-7.990100000000444069e-04,-1.079199999999991971e-04,-8.000000000125961908e-08
0.000000000000000000e+00,0.000000000000000000e+00,0.000000000000000000e+00,-7.990100000000444069e-04,-1.079199999999991971e-04,-8.000000000125961908e-08
0.000000000000000000e+00,0.000000000000000000e+00,0.000000000000000000e+00,-7.990100000000444069e-04,-1.079199999999991971e-04,-8.000000000125961908e-08
0.000000000000000000e+00,0.000000000000000000e+00,0.000000000000000000e+00,-7.990100000000444069e-04,-1.079199999999991971e-04,-8.000000000125961908e-08
0.000000000000000000e+00,0.000000000000000000e+00,0.000000000000000000e+00,-7.990100000000444069e-04,-1.079199999999991971e-04,-8.000000000125961908e-08
0.000000000000000000e+00,0.000000000000000000e+00,0.000000000000000000e+00,-7.990100000000444069e-04,-1.079199999999991971e-04,-8.000000000125961908e-08
0.000000000000000000e+00,0.000000000000000000e+00,0.000000000000000000e+00,-7.989999999999941593e-04,-1.080000000000004567e-04,-8.000000000125961908e-08
0.000000000000000000e+00,0.000000000000000000e+00,0.000000000000000000e+00,-7.989999999999941593e-04,-1.080000000000004567e-04,-8.000000000125961908e-08
0.000000000000000000e+00,0.000000000000000000e+00,0.000000000000000000e+00,-7.989999999999941593e-04,-1.080000000000004567e-04,-8.000000000125961908e-08
0.000000000000000000e+00,0.000000000000000000e+00,0.000000000000000000e+00,-7.989999999999941593e-04,-1.080000000000004567e-04,-8.000000000125961908e-08
0.000000000000000000e+00,0.000000000000000000e+00,0.000000000000000000e+00,-7.989999999999941593e-04,-1.080000000000004567e-04,-8.000000000125961908e-08
0.000000000000000000e+00,0.000000000000000000e+00,0.000000000000000000e+00,-7.989999999999941593e-04,-1.080000000000004567e-04,-8.000000000125961908e-08
0.000000000000000000e+00,0.000000000000000000e+00,0.000000000000000000e+00,-7.989999999999941593e-04,-1.080000000000004567e-04,-8.000000000125961908e-08
0.000000000000000000e+00,0.000000000000000000e+00,0.000000000000000000e+00,-7.989999999999941593e-04,-1.080000000000004567e-04,-8.000000000125961908e-08
0.000000000000000000e+00,0.000000000000000000e+00,0.000000000000000000e+00,-7.989999999999941593e-04,-1.080000000000004567e-04,-8.000000000125961908e-08
0.000000000000000000e+00,0.000000000000000000e+00,0.000000000000000000e+00,-7.989999999999941593e-04,-1.080000000000004567e-04,-8.000000000125961908e-08
0.000000000000000000e+00,0.000000000000000000e+00,0.000000000000000000e+00,-7.980000000000764260e-04,-2.080000000000015864e-04,-8.000000000125961908e-08
0.000000000000000000e+00,0.000000000000000000e+00,0.000000000000000000e+00,-7.980000000000764260e-04,-2.080000000000015864e-04,-8.000000000125961908e-08
0.000000000000000000e+00,0.000000000000000000e+00,0.000000000000000000e+00,-7.980000000000764260e-04,-2.080000000000015864e-04,-8.000000000125961908e-08
0.000000000000000000e+00,0.000000000000000000e+00,0.000000000000000000e+00,-7.980000000000764260e-04,-2.080000000000015864e-04,-8.000000000125961908e-08
0.000000000000000000e+00,0.000000000000000000e+00,0.000000000000000000e+00,-7.980000000000764260e-04,-2.080000000000015864e-04,-8.000000000125961908e-08
0.000000000000000000e+00,0.000000000000000000e+00,0.000000000000000000e+00,-7.980000000000764260e-04,-2.080000000000015864e-04,-8.000000000125961908e-08
0.000000000000000000e+00,0.000000000000000000e+00,0.000000000000000000e+00,-7.980000000000764260e-04,-2.080000000000015864e-04,-8.000000000125961908e-08
0.000000000000000000e+00,0.000000000000000000e+00,0.000000000000000000e+00,-7.980000000000764260e-04,-2.080000000000015864e-04,-8.000000000125961908e-08
0.000000000000000000e+00,0.000000000000000000e+00,0.000000000000000000e+00,-7.980000000000764260e-04,-2.080000000000015864e-04,-8.000000000125961908e-08
0.000000000000000000e+00,0.000000000000000000e+00,0.000000000000000000e+00,-7.980000000000764260e-04,-2.080000000000015864e-04,-8.000000000125961908e-08
0.000000000000000000e+00,0.000000000000000000e+00,0.000000000000000000e+00,-7.980000000000764260e-04,-2.080000000000015864e-04,-8.000000000125961908e-08
0.000000000000000000e+00,0.000000000000000000e+00,0.000000000000000000e+00,-7.980000000000764260e-04,-2.080000000000015864e-04,-8.000000000125961908e-08
0.000000000000000000e+00,0.000000000000000000e+00,0.000000000000000000e+00,-7.980000000000764260e-04,-2.080000000000015864e-04,-8.000000000125961908e-08
0.000000000000000000e+00,0.000000000000000000e+00,0.000000000000000000e+00,-7.980000000000764260e-04,-2.080000000000015864e-04,-8.000000000125961908e-08
0.000000000000000000e+00,0.000000000000000000e+00,0.000000000000000000e+00,-7.980000000000764260e-04,-2.080000000000015864e-04,-8.000000000125961908e-08
0.000000000000000000e+00,0.000000000000000000e+00,0.000000000000000000e+00,-7.980000000000764260e-04,-2.080000000000015864e-04,-8.000000000125961908e-08
0.000000000000000000e+00,0.000000000000000000e+00,0.000000000000000000e+00,-7.980000000000764260e-04,-2.080000000000015864e-04,-8.000000000125961908e-08
0.000000000000000000e+00,-1.000033334666723911e-04,1.000033334666723846e-02,-7.989532882011781247e-04,-2.039885337133521854e-04,-4.008533713476462555e-08
0.000000000000000000e+00,0.000000000000000000e+00,0.000000000000000000e+00,-7.980200000000658989e-04,-2.079200000000003268e-04,-8.000000000125961908e-08
0.000000000000000000e+00,0.000000000000000000e+00,0.000000000000000000e+00,-7.980200000000658989e-04,-2.079200000000003268e-04,-8.000000000125961908e-08
0.000000000000000000e+00,0.000000000000000000e+00,0.000000000000000000e+00,-7.980200000000658989e-04,-2.079200000000003268e-04,-8.000000000125961908e-08
0.000000000000000000e+00,0.000000000000000000e+00,0.000000000000000000e+00,-7.980200000000658989e-04,-2.079200000000003268e-04,-8.000000000125961908e-08
0.000000000000000000e+00,0.000000000000000000e+00,0.000000000000000000e+00,-7.980200000000658989e-04,-2.079200000000003268e-04,-8.000000000125961908e-08
0.000000000000000000e+00,0.000000000000000000e+00,0.000000000000000000e+00,-7.980200000000658989e-04,-2.079200000000003268e-04,-8.000000000125961908e-08
0.000000000000000000e+00,0.000000000000000000e+00,0.000000000000000000e+00,-7.980200000000658989e-04,-2.079200000000003268e-04,-8.000000000125961908e-08
0.000000000000000000e+00,0.000000000000000000e+00,0.000000000000000000e+00,-7.980200000000658989e-04,-2.079200000000003268e-04,-8.000000000125961908e-08
0.000000000000000000e+00,0.000000000000000000e+00,0.000000000000000000e+00,-7.970299999999763685e-04,-3.079199999999997217e-04,-8.000000000125961908e-08
0.000000000000000000e+00,0.000000000000000000e+00,0.000000000000000000e+00,-7.970299999999763685e-04,-3.079199999999997217e-04,-8.000000000125961908e-08
0.000000000000000000e+00,0.000000000000000000e+00,0.000000000000000000e+00,-7.970299999999763685e-04,-3.079199999999997217e-04,-8.000000000125961908e-08
0.000000000000000000e+00,0.000000000000000000e+00,0.000000000000000000e+00,-7.970299999999763685e-04,-3.079199999999997217e-04,-8.000000000125961908e-08
0.000000000000000000e+00,0.000000000000000000e+00,0.000000000000000000e+00,-7.970299999999763685e-04,-3.079199999999997217e-04,-8.000000000125961908e-08
0.000000000000000000e+00,0.000000000000000000e+00,0.000000000000000000e+00,-7.970299999999763685e-04,-3.079199999999997217e-04,-8.000000000125961908e-08
0.000000000000000000e+00,0.000000000000000000e+00,0.000000000000000000e+00,-7.970299999999763685e-04,-3.079199999999997217e-04,-8.000000000125961908e-08
0.000000000000000000e+00,0.000000000000000000e+00,0.000000000000000000e+00,-7.970299999999763685e-04,-3.079199999999997217e-04,-8.000000000125961908e-08
0.000000000000000000e+00,0.000000000000000000e+00,0.000000000000000000e+00,-6.970299999999873819e-04,-3.069300000000003970e-04,-7.000000000131900713e-08
0.000000000000000000e+00,0.000000000000000000e+00,0.000000000000000000e+00,-6.970299999999873819e-04,-3.069300000000003970e-04,-7.000000000131900713e-08
0.000000000000000000e+00,0.000000000000000000e+00,0.000000000000000000e+00,-6.970299999999873819e-04,-3.069300000000003970e-04,-7.000000000131900713e-08
0.000000000000000000e+00,0.000000000000000000e+00,0.000000000000000000e+00,-6.970299999999873819e-04,-3.069300000000003970e-04,-7.000000000131900713e-08
0.000000000000000000e+00,0.000000000000000000e+00,0.000000000000000000e+00,-6.970299999999873819e-04,-3.069300000000003970e-04,-7.000000000131900713e-08
0.000000000000000000e+00,0.000000000000000000e+00,0.000000000000000000e+00,-6.970299999999873819e-04,-3.069300000000003970e-04,-7.000000000131900713e-08
0.000000000000000000e+00,0.000000000000000000e+00,0.000000000000000000e+00,-6.970299999999873819e-04,-3.069300000000003970e-04,-7.000000000131900713e-08
0.000000000000000000e+00,0.000000000000000000e+00,0.000000000000000000e+00,-6.970299999999873819e-04,-3.069300000000003970e-04,-7.000000000131900713e-08
0.000000000000000000e+00,0.000000000000000000e+00,0.000000000000000000e+00,-6.970299999999873819e-04,-3.069300000000003970e-04,-7.000000000131900713e-08
0.000000000000000000e+00,0.000000000000000000e+00,0.000000000000000000e+00,-6.970299999999873819e-04,-3.069300000000003970e-04,-7.000000000131900713e-08
0.000000000000000000e+00,0.000000000000000000e+00,0.000000000000000000e+00,-6.970299999999873819e-04,-3.069300000000003970e-04,-7.000000000131900713e-08
0.000000000000000000e+00,0.000000000000000000e+00,0.000000000000000000e+00,-6.970299999999873819e-04,-3.069300000000003970e-04,-7.000000000131900713e-08
0.000000000000000000e+00,0.000000000000000000e+00,0.000000000000000000e+00,-6.970299999999873819e-04,-3.069300000000003970e-04,-7.000000000131900713e-08
0.000000000000000000e+00,0.000000000000000000e+00,0.000000000000000000e+00,-6.970299999999873819e-04,-3.069300000000003970e-04,-7.000000000131900713e-08
0.000000000000000000e+00,0.000000000000000000e+00,0.000000000000000000e+00,-6.970299999999873819e-04,-3.069300000000003970e-04,-7.000000000131900713e-08
0.000000000000000000e+00,0.000000000000000000e+00,0.000000000000000000e+00,-6.970299999999873819e-04,-3.069300000000003970e-04,-7.000000000131900713e-08
0.000000000000000000e+00,0.000000000000000000e+00,0.000000000000000000e+00,-6.970299999999873819e-04,-3.069300000000003970e-04,-7.000000000131900713e-08
0.000000000000000000e+00,0.000000000000000000e+00,0.000000000000000000e+00,-6.970291694793351311e-04,-3.069300000000003970e-04,-8.375206241304986032e-06
0.000000000000000000e+00,0.000000000000000000e+00,0.000000000000000000e+00,-6.970266890841125829e-04,-3.069300000000003970e-04,-3.317915832667071852e-05
0.000000000000000000e+00,0.000000000000000000e+00,0.000000000000000000e+00,-6.970325755644157795e-04,-3.069300000000003970e-04,2.568564370170230149e-05
0.000000000000000000e+00,0.000000000000000000e+00,0.000000000000000000e+00,-6.970268456699679760e-04,-3.069300000000003970e-04,-3.161330019837288452e-05
0.000000000000000000e+00,0.000000000000000000e+00,0.000000000000000000e+00,-6.970295161509154624e-04,-3.069300000000003970e-04,-4.908490069094328945e-06
0.000000000000000000e+00,0.000000000000000000e+00,0.000000000000000000e+00,-6.970306037573648084e-04,-3.069300000000003970e-04,5.967574047352139366e-06
0.000000000000000000e+00,0.000000000000000000e+00,0.000000000000000000e+00,-6.970301252391397639e-04,-3.069300000000003970e-04,1.182392108771412875e-06
0.000000000000000000e+00,0.000000000000000000e+00,0.000000000000000000e+00,-6.970280973463971463e-04,-3.069300000000003970e-04,-1.909653592702988123e-05
0.000000000000000000e+00,0.000000000000000000e+00,0.000000000000000000e+00,-6.970345368290109533e-04,-3.069300000000003970e-04,4.529828989776121806e-05
0.000000000000000000e+00,0.000000000000000000e+00,0.000000000000000000e+00,-6.970294604369264846e-04,-3.069300000000003970e-04,-5.465630459052656098e-06
0.000000000000000000e+00,0.000000000000000000e+00,0.000000000000000000e+00,-6.970328849202900301e-04,-3.069300000000003970e-04,2.877920296033564806e-05
0.000000000000000000e+00,0.000000000000000000e+00,0.000000000000000000e+00,-6.970348270289861148e-04,-3.069300000000003970e-04,4.820029011373336281e-05
0.000000000000000000e+00,0.000000000000000000e+00,0.000000000000000000e+00,-6.970353035130605335e-04,-3.069300000000003970e-04,5.296513095895752365e-05
0.000000000000000000e+00,0.000000000000000000e+00,0.000000000000000000e+00,-6.970343311225590810e-04,-3.069300000000003970e-04,4.324122545380434945e-05
0.000000000000000000e+00,0.000000000000000000e+00,0.000000000000000000e+00,-6.970319266073055076e-04,-3.069300000000003970e-04,1.919607355608393684e-05
0.000000000000000000e+00,0.000000000000000000e+00,0.000000000000000000e+00,-6.970281067174566303e-04,-3.069300000000003970e-04,-1.900282477639014811e-05
0.000000000000000000e+00,0.000000000000000000e+00,0.000000000000000000e+00,-5.970328882031195050e-04,-3.059400000000010722e-04,2.882203041418632261e-05
0.000000000000000000e+00,0.000000000000000000e+00,0.000000000000000000e+00,-5.970262878138843377e-04,-3.059400000000010722e-04,-3.718186091437869489e-05
0.000000000000000000e+00,0.000000000000000000e+00,0.000000000000000000e+00,-5.970283223000194539e-04,-3.059400000000010722e-04,-1.683699880427810824e-05
0.000000000000000000e+00,0.000000000000000000e+00,0.000000000000000000e+00,-5.970290084116314233e-04,-3.059400000000010722e-04,-9.975883297701215735e-06
0.000000000000000000e+00,0.000000000000000000e+00,0.000000000000000000e+00,-5.970283628985439961e-04,-3.059400000000010722e-04,-1.643101443684832907e-05
0.000000000000000000e+00,0.000000000000000000e+00,0.000000000000000000e+00,-5.970264025106919448e-04,-3.059400000000010722e-04,-3.603489226389894329e-05
0.000000000000000000e+00,0.000000000000000000e+00,0.000000000000000000e+00,-5.970331439983933564e-04,-3.059400000000010722e-04,3.137998317894255540e-05
0.000000000000000000e+00,0.000000000000000000e+00,0.000000000000000000e+00,-5.970286041111494413e-04,-3.059400000000010722e-04,-1.401888815050558734e-05
0.000000000000000000e+00,0.000000000000000000e+00,0.000000000000000000e+00,-5.970327995993285342e-04,-3.059400000000010722e-04,2.793599370555510664e-05
0.000000000000000000e+00,0.000000000000000000e+00,0.000000000000000000e+00,-4.970357472128261733e-04,-3.049500000000000127e-04,5.742212870493701438e-05
0.000000000000000000e+00,0.000000000000000000e+00,0.000000000000000000e+00,-4.970274637015048569e-04,-3.049500000000000127e-04,-2.541298319454904364e-05
0.000000000000000000e+00,0.000000000000000000e+00,0.000000000000000000e+00,-4.970279658156329106e-04,-3.049500000000000127e-04,-2.039184203510291393e-05
0.000000000000000000e+00,0.000000000000000000e+00,0.000000000000000000e+00,-4.970272703052058816e-04,-3.049500000000000127e-04,-2.734694785891389479e-05
0.000000000000000000e+00,0.000000000000000000e+00,0.000000000000000000e+00,-4.970353939197647009e-04,-3.049500000000000127e-04,5.388919929183097479e-05
0.000000000000000000e+00,0.000000000000000000e+00,0.000000000000000000e+00,-4.970323534099208018e-04,-3.049500000000000127e-04,2.348409937493606270e-05
0.000000000000000000e+00,0.000000000000000000e+00,0.000000000000000000e+00,-4.970281655252151154e-04,-3.049500000000000127e-04,-1.839474765179954785e-05
0.000000000000000000e+00,0.000000000000000000e+00,0.000000000000000000e+00,-4.970328470156326617e-04,-3.049500000000000127e-04,2.842015816944751250e-05
0.000000000000000000e+00,0.000000000000000000e+00,0.000000000000000000e+00,-4.970264146315628295e-04,-3.049500000000000127e-04,-3.590368320351838838e-05
0.000000000000000000e+00,0.000000000000000000e+00,0.000000000000000000e+00,-4.970288851227078197e-04,-3.049500000000000127e-04,-1.119877181290224177e-05
0.000000000000000000e+00,0.000000000000000000e+00,0.000000000000000000e+00,-4.970302752390631795e-04,-3.049500000000000127e-04,2.702392299113592911e-06
0.000000000000000000e+00,0.000000000000000000e+00,0.000000000000000000e+00,-4.970306017307857260e-04,-3.049500000000000127e-04,5.967309090339212307e-06
0.000000000000000000e+00,0.000000000000000000e+00,0.000000000000000000e+00,-3.970298813478212452e-04,-3.039599999999989532e-04,-1.226521481427489402e-06
0.000000000000000000e+00,0.000000000000000000e+00,0.000000000000000000e+00,-3.970281308399714604e-04,-3.039599999999989532e-04,-1.873159945836935791e-05
0.000000000000000000e+00,0.000000000000000000e+00,0.000000000000000000e+00,-3.970353669574544497e-04,-3.039599999999989532e-04,5.362957511732130422e-05
0.000000000000000000e+00,0.000000000000000000e+00,0.000000000000000000e+00,-3.970316064501044906e-04,-3.039599999999989532e-04,1.602450220344539544e-05
0.000000000000000000e+00,0.000000000000000000e+00,0.000000000000000000e+00,-3.970268660681286477e-04,-3.039599999999989532e-04,-3.137931824218065380e-05
0.000000000000000000e+00,0.000000000000000000e+00,0.000000000000000000e+00,-3.970311625612898965e-04,-3.039599999999989532e-04,1.158561373824570917e-05
0.000000000000000000e+00,0.000000000000000000e+00,0.000000000000000000e+00,-3.970345126798058288e-04,-3.039599999999989532e-04,4.508679810252824716e-05
0.000000000000000000e+00,0.000000000000000000e+00,0.000000000000000000e+00,-3.970269331733389251e-04,-3.039599999999989532e-04,-3.070826519151886869e-05
0.000000000000000000e+00,0.000000000000000000e+00,0.000000000000000000e+00,-3.970284407923685421e-04,-3.039599999999989532e-04,-1.563207618609022131e-05
0.000000000000000000e+00,0.000000000000000000e+00,0.000000000000000000e+00,-2.970290522864571514e-04,-3.029699999999996285e-04,-9.507134923373433688e-06
0.000000000000000000e+00,0.000000000000000000e+00,0.000000000000000000e+00,-1.969987844058218585e-04,-3.020000000000001850e-04,-1.217594144557049285e-05
0.000000000000000000e+00,0.000000000000000000e+00,0.000000000000000000e+00,-1.969976539004658633e-04,-3.020000000000001850e-04,-2.348099579486950805e-05
0.000000000000000000e+00,0.000000000000000000e+00,0.000000000000000000e+00,-9.700567752013444789e-05,-3.009999999999991849e-04,5.676520198654583238e-05
0.000000000000000000e+00,0.000000000000000000e+00,0.000000000000000000e+00,3.997127984822768099e-06,-3.999999999999993144e-04,2.872015185648169044e-05
0.000000000000000000e+00,0.000000000000000000e+00,0.000000000000000000e+00,1.040007458644742755e-04,-3.990000000000000491e-04,-7.448646227280197873e-06
0.000000000000000000e+00,0.000000000000000000e+00,0.000000000000000000e+00,2.039951593690858545e-04,-3.979999999999990490e-04,4.842630769310435346e-05
0.000000000000000000e+00,0.000000000000000000e+00,0.000000000000000000e+00,3.040003517483791384e-04,-3.969999999999997836e-04,-3.487486424577634914e-06
0.000000000000000000e+00,0.000000000000000000e+00,0.000000000000000000e+00,4.039963062527629489e-04,-3.960000000000005183e-04,3.697747137748619295e-05
0.000000000000000000e+00,0.000000000000000000e+00,0.000000000000000000e+00,5.040030061317368748e-04,-3.949999999999995182e-04,-3.001131894289632562e-05
0.000000000000000000e+00,0.000000000000000000e+00,0.000000000000000000e+00,5.040004346356097287e-04,-3.949999999999995182e-04,-4.296357427907571136e-06
0.000000000000000000e+00,0.000000000000000000e+00,0.000000000000000000e+00,6.039985750142529142e-04,-3.940000000000002528e-04,1.430985588023875321e-05
0.000000000000000000e+00,0.000000000000000000e+00,0.000000000000000000e+00,7.039974105176316499e-04,-3.929999999999992527e-04,2.596482093936841595e-05
0.000000000000000000e+00,0.000000000000000000e+00,0.000000000000000000e+00,8.039969243959221856e-04,-3.919999999999999873e-04,3.083603770728110538e-05
0.000000000000000000e+00,0.000000000000000000e+00,0.000000000000000000e+00,8.039970998990897399e-04,-3.919999999999999873e-04,2.908100614179565113e-05
0.000000000000000000e+00,0.000000000000000000e+00,0.000000000000000000e+00,9.039979202770664912e-04,-3.910000000000007220e-04,2.088722620068733660e-05
0.000000000000000000e+00,-1.000033334666723911e-04,1.000033334666723846e-02,1.001941457154382174e-03,-3.949764148073853882e-04,6.362033693735830613e-06
0.000000000000000000e+00,0.000000000000000000e+00,0.000000000000000000e+00,1.103961428657984634e-03,-3.891099999999980685e-04,-1.417657897705842940e-05
0.000000000000000000e+00,0.000000000000000000e+00,0.000000000000000000e+00,1.103954083160330057e-03,-3.891099999999980685e-04,5.927839570189080698e-05
0.000000000000000000e+00,0.000000000000000000e+00,0.000000000000000000e+00,1.203957315537684813e-03,-3.881199999999987438e-04,2.696462183648939970e-05
0.000000000000000000e+00,0.000000000000000000e+00,0.000000000000000000e+00,1.203961109040196931e-03,-3.881199999999987438e-04,-1.097040061549120482e-05
0.000000000000000000e+00,0.000000000000000000e+00,0.000000000000000000e+00,1.303955446917082206e-03,-3.871299999999976843e-04,4.566082830378959123e-05
0.000000000000000000e+00,0.000000000000000000e+00,0.000000000000000000e+00,1.403960312419072487e-03,-3.861399999999983595e-04,-2.984191447896744620e-06
0.000000000000000000e+00,0.000000000000000000e+00,0.000000000000000000e+00,1.403955688795921475e-03,-3.861399999999983595e-04,4.325204008730210159e-05
0.000000000000000000e+00,0.000000000000000000e+00,0.000000000000000000e+00,1.503961559297550821e-03,-3.851499999999990348e-04,-1.544297713283043771e-05
0.000000000000000000e+00,0.000000000000000000e+00,0.000000000000000000e+00,1.503957907174280351e-03,-3.851499999999990348e-04,2.107825684951464273e-05
0.000000000000000000e+00,0.000000000000000000e+00,0.000000000000000000e+00,1.604994715675878147e-03,-4.840000000000000552e-04,5.300324199214445642e-05
0.000000000000000000e+00,0.000000000000000000e+00,0.000000000000000000e+00,1.605001968052244266e-03,-4.840000000000000552e-04,-1.952052174714752342e-05
0.000000000000000000e+00,0.000000000000000000e+00,0.000000000000000000e+00,1.704999647553551156e-03,-4.830000000000007898e-04,3.694465589475226519e-06
0.000000000000000000e+00,0.000000000000000000e+00,0.000000000000000000e+00,1.704997737429714277e-03,-4.830000000000007898e-04,2.279570395980617947e-05
0.000000000000000000e+00,0.000000000000000000e+00,0.000000000000000000e+00,1.704996220930676820e-03,-4.830000000000007898e-04,3.796069332165363797e-05
0.000000000000000000e+00,0.000000000000000000e+00,0.000000000000000000e+00,1.804995081306604021e-03,-4.819999999999997897e-04,4.936693363282590452e-05
0.000000000000000000e+00,-1.000033334666723911e-04,1.000033334666723846e-02,1.802392286994701108e-03,-4.909703605561275674e-04,5.707172124558580051e-05
0.000000000000000000e+00,0.000000000000000000e+00,0.000000000000000000e+00,1.804943865683195092e-03,-4.821800000000004555e-04,6.152316693439074946e-05
0.000000000000000000e+00,0.000000000000000000e+00,0.000000000000000000e+00,1.904953756183935809e-03,-4.811900000000011307e-04,-3.737184015960987038e-05
0.000000000000000000e+00,0.000000000000000000e+00,0.000000000000000000e+00,1.904943956559601581e-03,-4.811900000000011307e-04,6.062440352692238799e-05
0.000000000000000000e+00,0.000000000000000000e+00,0.000000000000000000e+00,1.904944450060064298e-03,-4.811900000000011307e-04,5.568939795184968400e-05
0.000000000000000000e+00,0.000000000000000000e+00,0.000000000000000000e+00,1.905995219935618934e-03,-5.809999999999999193e-04,4.799064307293293696e-05
0.000000000000000000e+00,0.000000000000000000e+00,0.000000000000000000e+00,2.005996249436092782e-03,-5.800000000000006539e-04,3.770563884800820498e-05
0.000000000000000000e+00,0.000000000000000000e+00,0.000000000000000000e+00,2.005997521811520024e-03,-5.800000000000006539e-04,2.498188523486488677e-05
0.000000000000000000e+00,0.000000000000000000e+00,0.000000000000000000e+00,2.005999020311843850e-03,-5.800000000000006539e-04,9.996882191325162648e-06
0.000000000000000000e+00,0.000000000000000000e+00,0.000000000000000000e+00,2.006000728186907445e-03,-5.800000000000006539e-04,-7.081870324839034669e-06
0.000000000000000000e+00,-1.000033334666723911e-04,1.000033334666723846e-02,2.002884809775939360e-03,-5.899645121115380765e-04,-2.618711747688094035e-05
0.000000000000000000e+00,0.000000000000000000e+00,0.000000000000000000e+00,2.005934705062495382e-03,-5.801999999999994662e-04,5.314937605631342432e-05
0.000000000000000000e+00,0.000000000000000000e+00,0.000000000000000000e+00,2.006926940562703265e-03,-6.801999999999988611e-04,3.079437486921965395e-05
0.000000000000000000e+00,0.000000000000000000e+00,0.000000000000000000e+00,2.006929318437600251e-03,-6.801999999999988611e-04,7.015624040748735801e-06
0.000000000000000000e+00,0.000000000000000000e+00,0.000000000000000000e+00,2.007001821937692831e-03,-6.800000000000000488e-04,-1.801937647126494735e-05
0.000000000000000000e+00,0.000000000000000000e+00,0.000000000000000000e+00,2.006994434312847631e-03,-6.800000000000000488e-04,5.585687329097421827e-05
0.000000000000000000e+00,0.000000000000000000e+00,0.000000000000000000e+00,2.006997138812915971e-03,-6.800000000000000488e-04,2.881187328525325331e-05
0.000000000000000000e+00,-1.000033334666723911e-04,1.000033334666723846e-02,2.003383479843650564e-03,-6.899586676779224546e-04,9.128367926440637591e-07
0.000000000000000000e+00,0.000000000000000000e+00,0.000000000000000000e+00,2.007922757187641238e-03,-7.801999999999999907e-04,-2.737187619875069977e-05
0.000000000000000000e+00,0.000000000000000000e+00,0.000000000000000000e+00,2.007915637562751598e-03,-7.801999999999999907e-04,4.382437423854079750e-05
0.000000000000000000e+00,0.000000000000000000e+00,0.000000000000000000e+00,1.907918543062714356e-03,-7.811900000000010502e-04,1.475937473914556985e-05
0.000000000000000000e+00,0.000000000000000000e+00,0.000000000000000000e+00,1.908001456937480356e-03,-7.810000000000004439e-04,-1.437937473915129605e-05
0.000000000000000000e+00,0.000000000000000000e+00,0.000000000000000000e+00,1.908004362437432100e-03,-7.810000000000004439e-04,-4.343437423855178725e-05
0.000000000000000000e+00,0.000000000000000000e+00,0.000000000000000000e+00,1.907997242812431438e-03,-7.810000000000004439e-04,2.776187619875358781e-05
0.000000000000000000e+00,-1.000033334666723911e-04,1.000033334666723846e-02,1.904389443875853429e-03,-8.904470270718099030e-04,-7.184937401384891834e-07
0.000000000000000000e+00,0.000000000000000000e+00,0.000000000000000000e+00,1.808912861187339516e-03,-8.821799999999997699e-04,-2.843187328525897950e-05
0.000000000000000000e+00,0.000000000000000000e+00,0.000000000000000000e+00,1.808905565687468631e-03,-8.821799999999997699e-04,4.452312670903679770e-05
0.000000000000000000e+00,0.000000000000000000e+00,0.000000000000000000e+00,1.908998178062337736e-03,-8.809999999999998388e-04,1.840937647125395760e-05
0.000000000000000000e+00,0.000000000000000000e+00,0.000000000000000000e+00,1.909000681562300628e-03,-8.809999999999998388e-04,-6.625624040759725553e-06
0.000000000000000000e+00,0.000000000000000000e+00,0.000000000000000000e+00,2.010003059437548423e-03,-9.799999999999999684e-04,-3.039437486923590725e-05
0.000000000000000000e+00,-1.000033334666723911e-04,1.000033334666723846e-02,2.004881243083064552e-03,-9.899411489868242212e-04,4.715021245379107182e-05
0.000000000000000000e+00,0.000000000000000000e+00,0.000000000000000000e+00,2.109897371312841052e-03,-9.792099999999994558e-04,2.649687235575792776e-05
0.000000000000000000e+00,0.000000000000000000e+00,0.000000000000000000e+00,2.209899271812809651e-03,-9.782200000000001311e-04,7.501870324846948712e-06
0.000000000000000000e+00,0.000000000000000000e+00,0.000000000000000000e+00,2.211000979688182433e-03,-1.078000000000000833e-03,-9.576882191331126393e-06
0.000000000000000000e+00,0.000000000000000000e+00,0.000000000000000000e+00,2.311002478188495246e-03,-1.076999999999999832e-03,-2.455188523486917518e-05
0.000000000000000000e+00,-1.000033334666723911e-04,1.000033334666723846e-02,2.305367997509340326e-03,-1.088435276079106201e-03,-3.739109160878275608e-05
0.000000000000000000e+00,0.000000000000000000e+00,0.000000000000000000e+00,2.410884780064126431e-03,-1.076240000000000877e-03,5.243935692704482232e-05
0.000000000000000000e+00,0.000000000000000000e+00,0.000000000000000000e+00,2.410885549939734140e-03,-1.076240000000000877e-03,4.474060204812113639e-05
0.000000000000000000e+00,0.000000000000000000e+00,0.000000000000000000e+00,2.511996043440212212e-03,-1.175000000000000697e-03,3.981559647305010774e-05
0.000000000000000000e+00,0.000000000000000000e+00,0.000000000000000000e+00,2.511996243815928231e-03,-1.175000000000000697e-03,3.781184015959337952e-05
0.000000000000000000e+00,0.000000000000000000e+00,0.000000000000000000e+00,2.511996134316629714e-03,-1.175000000000000697e-03,3.890683306558007093e-05
0.000000000000000000e+00,-1.000033334666723911e-04,1.000033334666723846e-02,2.605846498349331623e-03,-1.186929334386279278e-03,4.314758180499038702e-05
0.000000000000000000e+00,0.000000000000000000e+00,0.000000000000000000e+00,2.611874918693191105e-03,-1.174259999999999887e-03,5.107306636716046899e-05
0.000000000000000000e+00,0.000000000000000000e+00,0.000000000000000000e+00,2.612873779069158076e-03,-1.274260000000001017e-03,-3.753069332164404859e-05
0.000000000000000000e+00,0.000000000000000000e+00,0.000000000000000000e+00,2.713002262570318734e-03,-1.273000000000001561e-03,-2.235570395982267033e-05
0.000000000000000000e+00,0.000000000000000000e+00,0.000000000000000000e+00,2.713000352446592878e-03,-1.273000000000001561e-03,-3.254465589491717381e-06
0.000000000000000000e+00,-1.000033334666723911e-04,1.000033334666723846e-02,2.706341857443524731e-03,-1.286423485969273367e-03,1.981498688744356870e-05
0.000000000000000000e+00,0.000000000000000000e+00,0.000000000000000000e+00,2.812865284324117532e-03,-1.272280000000002367e-03,4.743675800786273378e-05
0.000000000000000000e+00,0.000000000000000000e+00,0.000000000000000000e+00,2.813862092825636374e-03,-1.372280000000001762e-03,-2.064825684952587004e-05
0.000000000000000000e+00,0.000000000000000000e+00,0.000000000000000000e+00,2.813998440702070170e-03,-1.372000000000001690e-03,1.587297713281921041e-05
0.000000000000000000e+00,0.000000000000000000e+00,0.000000000000000000e+00,2.914004311203921560e-03,-1.371000000000000690e-03,-4.282204008732026779e-05
0.000000000000000000e+00,0.000000000000000000e+00,0.000000000000000000e+00,2.913999687580659526e-03,-1.371000000000000690e-03,3.414191447878578423e-06
0.000000000000000000e+00,-1.000033334666723911e-04,1.000033334666723846e-02,2.906833477397270313e-03,-1.385417630000548806e-03,-4.538640460378023039e-05
0.000000000000000000e+00,0.000000000000000000e+00,0.000000000000000000e+00,2.914848890959720329e-03,-1.471290000000000098e-03,1.138040061550438242e-05
0.000000000000000000e+00,0.000000000000000000e+00,0.000000000000000000e+00,3.014852684461888366e-03,-1.470300000000000773e-03,-2.654462183650230234e-05
0.000000000000000000e+00,0.000000000000000000e+00,0.000000000000000000e+00,3.014995916839513512e-03,-1.470000000000000820e-03,4.113160429809747942e-05
0.000000000000000000e+00,0.000000000000000000e+00,0.000000000000000000e+00,3.014998571342020206e-03,-1.470000000000000820e-03,1.458657897704385142e-05
0.000000000000000000e+00,0.000000000000000000e+00,0.000000000000000000e+00,3.015000631219733052e-03,-1.470000000000000820e-03,-6.012197841798183617e-06
0.000000000000000000e+00,-1.000033334666723911e-04,1.000033334666723846e-02,3.007826458053333013e-03,-1.584905928411717247e-03,-2.064788548483630060e-05
0.000000000000000000e+00,0.000000000000000000e+00,0.000000000000000000e+00,3.115842900100695978e-03,-1.569309999999999108e-03,-2.869100614180664088e-05
0.000000000000000000e+00,0.000000000000000000e+00,0.000000000000000000e+00,3.115843075604085577e-03,-1.569309999999999108e-03,-3.044603770727127845e-05
0.000000000000000000e+00,0.000000000000000000e+00,0.000000000000000000e+00,3.116002589482302909e-03,-1.568999999999999215e-03,-2.558482093936720325e-05
0.000000000000000000e+00,0.000000000000000000e+00,0.000000000000000000e+00,3.116001424985803681e-03,-1.568999999999999215e-03,-1.393985588023227695e-05
0.000000000000000000e+00,-1.000033334666723911e-04,1.000033334666723846e-02,3.107819368212512944e-03,-1.584405892935367892e-03,4.500698498558677745e-06
0.000000000000000000e+00,0.000000000000000000e+00,0.000000000000000000e+00,3.116826993868282436e-03,-1.669309999999998503e-03,3.037131894292888212e-05
0.000000000000000000e+00,0.000000000000000000e+00,0.000000000000000000e+00,3.216833693747256362e-03,-1.668319999999999179e-03,-3.661747137748139203e-05
0.000000000000000000e+00,0.000000000000000000e+00,0.000000000000000000e+00,3.216829648251429141e-03,-1.668319999999999179e-03,3.837486424546066033e-06
0.000000000000000000e+00,0.000000000000000000e+00,0.000000000000000000e+00,3.216994840630649222e-03,-1.667999999999999344e-03,5.191369230692077785e-05
0.000000000000000000e+00,0.000000000000000000e+00,0.000000000000000000e+00,3.216999254135433084e-03,-1.667999999999999344e-03,7.778646227279972791e-06
0.000000000000000000e+00,0.000000000000000000e+00,0.000000000000000000e+00,3.317002872015195614e-03,-1.667000000000000079e-03,-2.839015185648885442e-05
0.000000000000000000e+00,-1.000033334666723911e-04,1.000033334666723846e-02,3.308305783937023469e-03,-1.683399993594771700e-03,4.338909807750046760e-05
0.000000000000000000e+00,0.000000000000000000e+00,0.000000000000000000e+00,3.317817653900601016e-03,-1.767329999999999249e-03,2.379099579485899341e-05
0.000000000000000000e+00,0.000000000000000000e+00,0.000000000000000000e+00,3.317818784405957011e-03,-1.767329999999999249e-03,1.248594144558079488e-05
0.000000000000000000e+00,0.000000000000000000e+00,0.000000000000000000e+00,3.317999052286579875e-03,-1.766999999999999474e-03,9.807134923364713153e-06
0.000000000000000000e+00,0.000000000000000000e+00,0.000000000000000000e+00,3.417998440792602288e-03,-1.765999999999998474e-03,1.593207618610925635e-05
0.000000000000000000e+00,0.000000000000000000e+00,0.000000000000000000e+00,3.417996933173572671e-03,-1.765999999999998474e-03,3.100826519152055649e-05
0.000000000000000000e+00,0.000000000000000000e+00,0.000000000000000000e+00,3.418004512680039575e-03,-1.765999999999998474e-03,-4.478679810254737603e-05
0.000000000000000000e+00,-1.000033334666723911e-04,1.000033334666723846e-02,3.408802718595298556e-03,-1.782894158308464356e-03,-1.145635532133908014e-05
0.000000000000000000e+00,0.000000000000000000e+00,0.000000000000000000e+00,3.517816866068224080e-03,-1.765349999999998865e-03,3.168931824218401694e-05
0.000000000000000000e+00,0.000000000000000000e+00,0.000000000000000000e+00,3.517821606450310945e-03,-1.765349999999998865e-03,-1.571450220344550175e-05
0.000000000000000000e+00,0.000000000000000000e+00,0.000000000000000000e+00,3.517815366957499634e-03,-1.765349999999998865e-03,4.668042488267798440e-05
0.000000000000000000e+00,0.000000000000000000e+00,0.000000000000000000e+00,3.517818130840177915e-03,-1.765349999999998865e-03,1.904159945836925161e-05
0.000000000000000000e+00,0.000000000000000000e+00,0.000000000000000000e+00,3.417819881348038713e-03,-1.766339999999998189e-03,1.526521481415299419e-06
0.000000000000000000e+00,0.000000000000000000e+00,0.000000000000000000e+00,3.419000601730948219e-03,-1.865999999999999603e-03,-5.677309090332260944e-06
0.000000000000000000e+00,0.000000000000000000e+00,0.000000000000000000e+00,3.319000275239347708e-03,-1.867000000000000604e-03,-2.422392299139541905e-06
0.000000000000000000e+00,0.000000000000000000e+00,0.000000000000000000e+00,3.218998885123003362e-03,-1.867999999999999869e-03,1.146877181286420910e-05
0.000000000000000000e+00,0.000000000000000000e+00,0.000000000000000000e+00,3.218996414631747349e-03,-1.867999999999999869e-03,3.617368320353586686e-05
0.000000000000000000e+00,0.000000000000000000e+00,0.000000000000000000e+00,3.119002847015939217e-03,-1.868999999999999134e-03,-2.816015816944905659e-05
0.000000000000000000e+00,0.000000000000000000e+00,0.000000000000000000e+00,3.118998165525410649e-03,-1.868999999999999134e-03,1.865474765179453431e-05
0.000000000000000000e+00,0.000000000000000000e+00,0.000000000000000000e+00,3.019002353409905304e-03,-1.870000000000001869e-03,-2.323409937494969046e-05
0.000000000000000000e+00,-1.000033334666723911e-04,1.000033334666723846e-02,3.008823165318483175e-03,-1.784894234270167912e-03,4.621005836546007484e-05
0.000000000000000000e+00,0.000000000000000000e+00,0.000000000000000000e+00,3.017817270305145350e-03,-1.770300000000000692e-03,2.759694785892108371e-05
0.000000000000000000e+00,0.000000000000000000e+00,0.000000000000000000e+00,2.917817965815805437e-03,-1.771290000000000017e-03,2.063184203514312198e-05
0.000000000000000000e+00,0.000000000000000000e+00,0.000000000000000000e+00,2.917817463701677383e-03,-1.771290000000000017e-03,2.565298319454067943e-05
0.000000000000000000e+00,0.000000000000000000e+00,0.000000000000000000e+00,2.917815747212837429e-03,-1.771290000000000017e-03,4.281787129503666911e-05
0.000000000000000000e+00,0.000000000000000000e+00,0.000000000000000000e+00,2.817822799599301042e-03,-1.772280000000001077e-03,-2.771599370554600483e-05
0.000000000000000000e+00,0.000000000000000000e+00,0.000000000000000000e+00,2.817818604111121950e-03,-1.772280000000001077e-03,1.423888815049734191e-05
0.000000000000000000e+00,0.000000000000000000e+00,0.000000000000000000e+00,2.817823143998254842e-03,-1.772280000000001077e-03,-3.115998317895773972e-05
0.000000000000000000e+00,0.000000000000000000e+00,0.000000000000000000e+00,2.817816402510775475e-03,-1.772280000000001077e-03,3.625489226388722841e-05
0.000000000000000000e+00,0.000000000000000000e+00,0.000000000000000000e+00,2.817818362898516504e-03,-1.772280000000001077e-03,1.665101443683314475e-05
0.000000000000000000e+00,0.000000000000000000e+00,0.000000000000000000e+00,2.817819008411603932e-03,-1.772280000000001077e-03,1.019588329770337864e-05
0.000000000000000000e+00,0.000000000000000000e+00,0.000000000000000000e+00,2.817818322300214007e-03,-1.772280000000001077e-03,1.705699880430455728e-05
0.000000000000000000e+00,0.000000000000000000e+00,0.000000000000000000e+00,2.816826287813989360e-03,-1.672280000000001682e-03,3.740186091437391891e-05
0.000000000000000000e+00,0.000000000000000000e+00,0.000000000000000000e+00,2.816832888203002483e-03,-1.672280000000001682e-03,-2.860203041417375136e-05
0.000000000000000000e+00,0.000000000000000000e+00,0.000000000000000000e+00,2.816828106717461644e-03,-1.672280000000001682e-03,1.921282477637675790e-05
0.000000000000000000e+00,0.000000000000000000e+00,0.000000000000000000e+00,2.816831926607421543e-03,-1.672280000000001682e-03,-1.898607355609038816e-05
0.000000000000000000e+00,0.000000000000000000e+00,0.000000000000000000e+00,2.816834331122453072e-03,-1.672280000000001682e-03,-4.303122545380733133e-05
0.000000000000000000e+00,0.000000000000000000e+00,0.000000000000000000e+00,2.815845303513198061e-03,-1.572280000000002287e-03,-5.275513095896744442e-05
0.000000000000000000e+00,0.000000000000000000e+00,0.000000000000000000e+00,2.815844827029012620e-03,-1.572280000000002287e-03,-4.799029011370858910e-05
0.000000000000000000e+00,0.000000000000000000e+00,0.000000000000000000e+00,2.915682884920278717e-03,-1.571580000000001240e-03,-2.855920296032654626e-05
0.000000000000000000e+00,0.000000000000000000e+00,0.000000000000000000e+00,2.815679460436815162e-03,-1.572560000000002359e-03,5.675630459001101968e-06
0.000000000000000000e+00,0.000000000000000000e+00,0.000000000000000000e+00,2.714704536828871362e-03,-1.473540000000000613e-03,-4.509828989779363084e-05
0.000000000000000000e+00,0.000000000000000000e+00,0.000000000000000000e+00,2.714698097346257555e-03,-1.473540000000000613e-03,1.929653592702695875e-05
0.000000000000000000e+00,0.000000000000000000e+00,0.000000000000000000e+00,2.614700125239122208e-03,-1.474519999999999997e-03,-9.923921087812148656e-07
0.000000000000000000e+00,0.000000000000000000e+00,0.000000000000000000e+00,2.613720603757530014e-03,-1.374520000000000602e-03,-5.777574047363676080e-06
0.000000000000000000e+00,0.000000000000000000e+00,0.000000000000000000e+00,2.613719516150969646e-03,-1.374520000000000602e-03,5.098490069105343636e-06
0.000000000000000000e+00,0.000000000000000000e+00,0.000000000000000000e+00,2.513576845669995841e-03,-1.375750000000000237e-03,3.179330019838222388e-05
0.000000000000000000e+00,0.000000000000000000e+00,0.000000000000000000e+00,2.512612575564232564e-03,-1.275749999999999107e-03,-2.550564370171204409e-05
0.000000000000000000e+00,0.000000000000000000e+00,0.000000000000000000e+00,2.512606689084151412e-03,-1.275749999999999107e-03,3.335915832664015923e-05
0.000000000000000000e+00,0.000000000000000000e+00,0.000000000000000000e+00,2.512609169479373961e-03,-1.275749999999999107e-03,8.555206241295243430e-06
0.000000000000000000e+00,0.000000000000000000e+00,0.000000000000000000e+00,2.511640000000037176e-03,-1.175749999999999712e-03,2.500000000071889161e-07
0.000000000000000000e+00,0.000000000000000000e+00,0.000000000000000000e+00,2.411519999999889308e-03,-1.176959999999999465e-03,2.400000000124524746e-07
0.000000000000000000e+00,0.000000000000000000e+00,0.000000000000000000e+00,2.410749363111808208e-03,-1.077145761911604827e-03,2.400187562590083701e-07
-5.891467626875381602e-11,-1.000000003770423827e-04,9.601178329718108861e-03,2.406125203703901681e-03,-1.089270388810965450e-03,1.195953405066463475e-07
-1.325359163187546015e-10,-1.000000008393355910e-04,9.502650798046567704e-03,2.407009319988016004e-03,-1.090324276251890007e-03,1.196464349563604137e-07
-2.355801088766633452e-10,-1.000000014604116846e-04,9.304711737944205974e-03,2.407747659692332023e-03,-9.918675340405077884e-04,1.197595012813349771e-07
-3.680325177769338818e-10,-1.000000022568146401e-04,9.207360857857874517e-03,2.409388597316456434e-03,-9.936688413290472970e-04,1.198473469116568087e-07
-5.298784070749712576e-10,-1.000000032136597847e-04,9.110597860329038705e-03,2.410950586620504155e-03,-8.958401444422657263e-04,1.199917007725869605e-07
-7.211030410856010579e-10,-1.000000043248849916e-04,9.014422449593370579e-03,2.413347497217649146e-03,-8.983882967081577905e-04,1.201162791546801752e-07
-9.416916837624325878e-10,-1.000000055216353320e-04,8.818834318798790539e-03,2.416072075938410085e-03,-9.014295631969785607e-04,1.202632584864402012e-07
-1.191629600689451552e-09,-1.000000069067185016e-04,8.723833191662913253e-03,2.418784884061186014e-03,-8.047209774662176466e-04,1.204612654814300660e-07
-1.470902056442364462e-09,-1.000000084259601026e-04,8.629418763900758432e-03,2.422311300256757734e-03,-8.083885807697964573e-04,1.206411327343295794e-07
-1.779494316117092646e-09,-1.000000100732460073e-04,8.535590739856643849e-03,2.425788805207784900e-03,-7.124259947605732137e-04,1.208750294846479016e-07
-2.117391641976623483e-09,-1.000000117012895461e-04,8.342348800325385255e-03,2.430030876345993726e-03,-7.169600408502677146e-04,1.210946562570106374e-07
-2.484579304262526113e-09,-1.000000135617901370e-04,8.249692693090072623e-03,2.334274271329070220e-03,-6.221507629069831635e-04,1.163640898107474595e-07
-2.881042566331953065e-09,-1.000000155299623442e-04,8.157622102530260114e-03,2.339307011538630833e-03,-6.273039345970779588e-04,1.166173542345944618e-07
-3.306766693753128633e-09,-1.000000175996406353e-04,8.066136733098550407e-03,2.344713082882220623e-03,-6.328294284419869751e-04,1.168891560493736882e-07
-3.761736942743062325e-09,-1.000000195138639995e-04,7.875236249898736121e-03,2.350072061226303466e-03,-5.388415330809276805e-04,1.172148461060348715e-07
-4.245938595300353384e-09,-1.000000217357257864e-04,7.784920431675340299e-03,2.356229221650517867e-03,-5.451116763142146255e-04,1.175233327346925022e-07
-4.759356909842379990e-09,-1.000000240385712821e-04,7.695188947913145054e-03,2.362383721866197911e-03,-4.517513629877990171e-04,1.178821696401592324e-07
-5.301977133362734616e-09,-1.000000260627187469e-04,7.506041450506335984e-03,2.369266468937822247e-03,-4.588834745015694830e-04,1.182292800679442476e-07
-5.873784564826443367e-09,-1.000000284707487533e-04,7.417477744475212825e-03,2.376186689283364076e-03,-3.662673531070569219e-04,1.186235713859148377e-07
-6.474764454802368537e-09,-1.000000309391295048e-04,7.329497486529125937e-03,2.383843450037793129e-03,-3.740251703641701429e-04,1.190053659179746298e-07
-7.104902068932257542e-09,-1.000000334616067270e-04,7.242100381312195807e-03,2.391523906933739046e-03,-2.821523659606896815e-04,1.194354887975004264e-07
-7.764182632624209705e-09,-1.000000355143010046e-04,7.055286061544320877e-03,2.399912900170427053e-03,-2.907729108768725861e-04,1.198551729969929825e-07
-8.452591484346434222e-09,-1.000000380802634753e-04,6.969054370561377290e-03,2.408357368186982064e-03,-1.996434373318902919e-04,1.203207341905557817e-07
-9.170113855820250695e-09,-1.000000406795421642e-04,6.883404946304790689e-03,2.417509919316380811e-03,-2.088871595985899532e-04,1.207757827046861743e-07
-9.916734946758968495e-09,-1.000000426447166337e-04,6.698337406919725734e-03,2.327018603661354119e-03,-2.189382082698878098e-04,1.162503273806122766e-07
-1.069244014278438894e-08,-1.000000452399881656e-04,6.613851625044866143e-03,2.336602339745801928e-03,-1.289168983497366108e-04,1.167694154749938040e-07
-1.149721465276915427e-08,-1.000000478476867821e-04,6.529947224182544412e-03,2.346871233840607408e-03,-1.392682097734448531e-04,1.172795726092666543e-07
-1.233104374149220546e-08,-1.000000504614709983e-04,6.446623909167215755e-03,2.357212276573154592e-03,-4.998857299692068684e-05,1.178344517775795573e-07
-1.319391255750829358e-08,-1.000000521953919207e-04,6.263881278426138705e-03,2.368221787323593688e-03,-6.119958937646320987e-05,1.183814784245741861e-07
-1.408580658112228334e-08,-1.000000547428128673e-04,6.181719244386599081e-03,2.379323763390615940e-03,2.733822274767180033e-05,1.189717655595276073e-07
-1.500671097507555310e-08,-1.000000572752853765e-04,6.100137410851340196e-03,2.391081608706169866e-03,1.550410132502916331e-05,1.195550779853932668e-07
-1.595661083351173382e-08,-1.000000587226437094e-04,5.919135362554845368e-03,2.402942898019703229e-03,1.031809212909677207e-04,1.201807515248098146e-07
-1.693549173809445846e-08,-1.000000611407755798e-04,5.838713039758657020e-03,2.415443448489525656e-03,9.060571110421292563e-05,1.208006455854647595e-07
-1.794333880196155235e-08,-1.000000635228179242e-04,5.758870032411269983e-03,2.428060224981224303e-03,1.776617143244243644e-04,1.214620891287342490e-07
-1.898013704794255042e-08,-1.000000645969998460e-04,5.579605912675250981e-03,2.441309925799656569e-03,1.642242893574498983e-04,1.221178603655238902e-07
-2.004587219133536110e-08,-1.000000668165197562e-04,5.500920646532485823e-03,2.354683816751494772e-03,2.503046986054156169e-04,1.178147079241331774e-07
-2.114052927976054248e-08,-1.000000689787028271e-04,5.422813811069517390e-03,2.368667437517105959e-03,2.362552102953754268e-04,1.185076711769223550e-07
-2.226409324468897851e-08,-1.000000695928111871e-04,5.245284967417754643e-03,2.382810403013870502e-03,3.217178724582172807e-04,1.192389268939437721e-07
-2.341654997352637831e-08,-1.000000715440870522e-04,5.168334104325441637e-03,2.397533690141251742e-03,3.069284953560206196e-04,1.199684328271063761e-07
-2.459788442940923127e-08,-1.000000734166732989e-04,5.091960787429638396e-03,2.412418301531827659e-03,3.917706539622016091e-04,1.207363495308773425e-07
-2.580808142899904780e-08,-1.000000734835297856e-04,4.916164568790397371e-03,2.427898607215282344e-03,3.761209359818350846e-04,1.215007928653191019e-07
-2.704712707701060242e-08,-1.000000750966227727e-04,4.840945456129981152e-03,2.443538771534689742e-03,4.602236496317298675e-04,1.223040627648890629e-07
-2.831500622981136206e-08,-1.000000766095685608e-04,4.766303005467742090e-03,2.459739081147754164e-03,4.439563643703634877e-04,1.231065497107431990e-07
-2.961170356213333473e-08,-1.000000760417161686e-04,4.592236762170383638e-03,2.476325337439163558e-03,4.271960639575309157e-04,1.239256966025436929e-07
-3.093720544845620420e-08,-1.000000772463827706e-04,4.518746748305173602e-03,2.493091848401917526e-03,5.101907307870593312e-04,1.247823391176198660e-07
-3.229149661251170622e-08,-1.000000783293407262e-04,4.445832512524005263e-03,2.510393896445033309e-03,4.928158306527869684e-04,1.256397239327319886e-07
-3.367456155605090276e-08,-1.000000770390459509e-04,4.273493596295591633e-03,2.427936614934116544e-03,5.747999109118169742e-04,1.215296858969911879e-07
-3.508638698355303050e-08,-1.000000777647405475e-04,4.201730030568222307e-03,2.445833784786293798e-03,6.566937519042032566e-04,1.224393027771950930e-07
-3.652695745640321897e-08,-1.000000783470617939e-04,4.130541359294189613e-03,2.464241647236564952e-03,6.382184702267214597e-04,1.233511792647486888e-07
-3.799625726812842911e-08,-1.000000762463170855e-04,3.959927123256086132e-03,2.482921674664912825e-03,7.192509163839362358e-04,1.242934786021090032e-07
-3.949427352174225941e-08,-1.000000764221940580e-04,3.889887355985961487e-03,2.502063005455953514e-03,7.000379565016541733e-04,1.252418142339909634e-07
-4.102099058246721953e-08,-1.000000764329306139e-04,3.820421599821148106e-03,2.521458910599301551e-03,7.804572262642245047e-04,1.262223842756225294e-07
-4.257639249591237576e-08,-1.000000734334565453e-04,3.651529398485627888e-03,2.541370845162512718e-03,7.603805919189862185e-04,1.272039382943057190e-07
-4.416046684097911942e-08,-1.000000729883727426e-04,3.583210780966386046e-03,2.561516755005856238e-03,8.400626191373256448e-04,1.282197991285227755e-07
-4.577319774854688685e-08,-1.000000723562797725e-04,3.515465291486341744e-03,2.582122849689229629e-03,8.193763037132461994e-04,1.292409267377052221e-07
-4.741456897190435024e-08,-1.000000683695274922e-04,3.348292480753190838e-03,2.603058043708548607e-03,8.981920797934308913e-04,1.302886752100620750e-07
-4.908456865252885800e-08,-1.000000672320444265e-04,3.281692365250149252e-03,2.524394159896848049e-03,8.767031831674124967e-04,1.263462227815163747e-07
-5.078318064415352485e-08,-1.000000658855826390e-04,3.215664495001346358e-03,2.546033304292931627e-03,9.549194986881402985e-04,1.274329611173614882e-07
-5.251038835837935176e-08,-1.000000608227361075e-04,3.050208432154466725e-03,2.568146090759726441e-03,9.326393623376958439e-04,1.285229409830254497e-07
-5.426618059579553922e-08,-1.000000589211222856e-04,2.985324171902076044e-03,2.590532402653674283e-03,1.010119500126561553e-03,1.296449361512153922e-07
-5.605054088530596790e-08,-1.000000567884601018e-04,2.921011274399358103e-03,2.613327338596177930e-03,9.872320386310163513e-04,1.307751699291796143e-07
-5.786345224223704176e-08,-1.000000505604384769e-04,2.757269318103370160e-03,2.636508689974842532e-03,1.063845450701256159e-03,1.319283102643600166e-07
-5.970490423318372356e-08,-1.000000478226718934e-04,2.694098267302669821e-03,2.660030734647270828e-03,1.040222350444318898e-03,1.330949123188048446e-07
-6.157488000940292129e-08,-1.000000448316878731e-04,2.631497697026707622e-03,2.683904653954216710e-03,1.116232267896781136e-03,1.342877064912744607e-07
-6.347336212988596930e-08,-1.000000373491477865e-04,2.469467207323549317e-03,2.708208108238773556e-03,1.091739460173554851e-03,1.354860193303212128e-07
-6.540034104499326138e-08,-1.000000337029179298e-04,2.408006721139614465e-03,2.732826318808035358e-03,1.167014164995464629e-03,1.367140344818615656e-07
-6.735579947012800507e-08,-1.000000297812030212e-04,2.347115833534352963e-03,2.557800400477362041e-03,1.141956633825119737e-03,1.279532277022988763e-07
-6.933971944216043372e-08,-1.000000209545409636e-04,2.186794171839881451e-03,2.583218748005397612e-03,1.216382373411884973e-03,1.292116975318037516e-07
-7.135209242434673018e-08,-1.000000163272512962e-04,2.127041606399275066e-03,2.508916828028066176e-03,1.190605797231019010e-03,1.254872084808486968e-07
-7.339290063238785874e-08,-1.000000114021113020e-04,2.067857757869389843e-03,2.535016990778309835e-03,1.264433395533339942e-03,1.267859395641293939e-07
-7.546212550927048079e-08,-1.000000011414658193e-04,1.909242286969980128e-03,2.461556373682668303e-03,1.337821855161361101e-03,1.230966675632726914e-07
-7.755975967214966804e-08,-9.999999546023614916e-05,1.851194999358204063e-03,2.388342452313687702e-03,1.310984984250669312e-03,1.194264001057548381e-07
-7.968578476728278385e-08,-9.999998945869371936e-05,1.793715547266543694e-03,2.315556052859538659e-03,1.383796120920535158e-03,1.157778809525423698e-07
0.000000000000000000e+00,0.000000000000000000e+00,1.636803631315687920e-03,2.243132426648685677e-03,1.356143267126899135e-03,0.000000000000000000e+00
0.000000000000000000e+00,0.000000000000000000e+00,1.580458979574631559e-03,2.171085980612177512e-03,1.428254547959950096e-03,0.000000000000000000e+00
0.000000000000000000e+00,0.000000000000000000e+00,1.524681282239670607e-03,2.099314698433778388e-03,1.400014365916825258e-03,0.000000000000000000e+00
0.000000000000000000e+00,0.000000000000000000e+00,1.369470286754573664e-03,1.928077261499576162e-03,1.471429934907726115e-03,0.000000000000000000e+00
0.000000000000000000e+00,0.000000000000000000e+00,1.314825629879961275e-03,1.957024910608784040e-03,1.442382382527203355e-03,0.000000000000000000e+00
0.000000000000000000e+00,0.000000000000000000e+00,1.260747046573248726e-03,1.986451727992518020e-03,1.512969222393759300e-03,0.000000000000000000e+00
0.000000000000000000e+00,0.000000000000000000e+00,1.107234338431424504e-03,1.916193015526316840e-03,1.483225288196566996e-03,0.000000000000000000e+00
0.000000000000000000e+00,0.000000000000000000e+00,1.054287036370261076e-03,1.846356825637691847e-03,1.553229836791556340e-03,0.000000000000000000e+00
0.000000000000000000e+00,0.000000000000000000e+00,1.001904927313865094e-03,1.776740572110282069e-03,1.522883906144290511e-03,0.000000000000000000e+00
0.000000000000000000e+00,0.000000000000000000e+00,0.000000000000000000e+00,1.707039698676804385e-03,1.592827999283795686e-03,0.000000000000000000e+00
0.000000000000000000e+00,0.000000000000000000e+00,0.000000000000000000e+00,1.738192283755934930e-03,1.561583702087779475e-03,0.000000000000000000e+00
0.000000000000000000e+00,0.000000000000000000e+00,0.000000000000000000e+00,1.669837397324847039e-03,1.630113457158948159e-03,0.000000000000000000e+00
0.000000000000000000e+00,0.000000000000000000e+00,0.000000000000000000e+00,1.501854744252462126e-03,1.698447344648024377e-03,0.000000000000000000e+00
0.000000000000000000e+00,0.000000000000000000e+00,0.000000000000000000e+00,1.534250888054478068e-03,1.665982303351552524e-03,0.000000000000000000e+00
0.000000000000000000e+00,0.000000000000000000e+00,0.000000000000000000e+00,1.467008569681627073e-03,1.733481449502065602e-03,0.000000000000000000e+00
0.000000000000000000e+00,0.000000000000000000e+00,0.000000000000000000e+00,1.399947563877401713e-03,1.700634933124237948e-03,0.000000000000000000e+00
0.000000000000000000e+00,0.000000000000000000e+00,0.000000000000000000e+00,1.433437575829921151e-03,1.767242834687782031e-03,0.000000000000000000e+00
0.000000000000000000e+00,0.000000000000000000e+00,0.000000000000000000e+00,1.367261966648936067e-03,1.733558890583663083e-03,0.000000000000000000e+00
0.000000000000000000e+00,0.000000000000000000e+00,0.000000000000000000e+00,1.301489739771399812e-03,1.799672479530103984e-03,0.000000000000000000e+00
0.000000000000000000e+00,0.000000000000000000e+00,0.000000000000000000e+00,1.235847610892237824e-03,1.765440692503693343e-03,0.000000000000000000e+00
0.000000000000000000e+00,0.000000000000000000e+00,0.000000000000000000e+00,1.170988663435013066e-03,1.830746988209369435e-03,0.000000000000000000e+00
0.000000000000000000e+00,0.000000000000000000e+00,0.000000000000000000e+00,1.106052349675756830e-03,1.795831194204401378e-03,0.000000000000000000e+00
0.000000000000000000e+00,0.000000000000000000e+00,0.000000000000000000e+00,1.041745214944822528e-03,1.860570231100447782e-03,0.000000000000000000e+00
0.000000000000000000e+00,0.000000000000000000e+00,0.000000000000000000e+00,1.077516964993141535e-03,1.824674179930142921e-03,0.000000000000000000e+00
0.000000000000000000e+00,0.000000000000000000e+00,0.000000000000000000e+00,1.014126479438104411e-03,1.888612295591984716e-03,0.000000000000000000e+00
0.000000000000000000e+00,0.000000000000000000e+00,0.000000000000000000e+00,9.506014763682735236e-04,1.852312671456051189e-03,0.000000000000000000e+00
0.000000000000000000e+00,0.000000000000000000e+00,0.000000000000000000e+00,8.877544401395542906e-04,1.915668167159656488e-03,0.000000000000000000e+00
0.000000000000000000e+00,0.000000000000000000e+00,0.000000000000000000e+00,9.254732230115081393e-04,1.978247010243785672e-03,0.000000000000000000e+00
0.000000000000000000e+00,0.000000000000000000e+00,0.000000000000000000e+00,8.630074916491370374e-04,1.940909242654585004e-03,0.000000000000000000e+00
0.000000000000000000e+00,0.000000000000000000e+00,0.000000000000000000e+00,8.012588099775008743e-04,2.003226803598904746e-03,0.000000000000000000e+00
0.000000000000000000e+00,0.000000000000000000e+00,0.000000000000000000e+00,7.396936824556332724e-04,1.965126572816818483e-03,0.000000000000000000e+00
0.000000000000000000e+00,0.000000000000000000e+00,0.000000000000000000e+00,5.786743653799497622e-04,2.027161181886211801e-03,0.000000000000000000e+00
0.000000000000000000e+00,0.000000000000000000e+00,0.000000000000000000e+00,6.176111816329488136e-04,1.988051328971195564e-03,0.000000000000000000e+00
0.000000000000000000e+00,0.000000000000000000e+00,0.000000000000000000e+00,6.575189679358661721e-04,2.048512226074169964e-03,0.000000000000000000e+00
0.000000000000000000e+00,0.000000000000000000e+00,0.000000000000000000e+00,5.971532102593268831e-04,2.009109734447166954e-03,0.000000000000000000e+00
0.000000000000000000e+00,0.000000000000000000e+00,0.000000000000000000e+00,5.377898443535977790e-04,2.069310165121958194e-03,0.000000000000000000e+00
0.000000000000000000e+00,0.000000000000000000e+00,0.000000000000000000e+00,4.781201977237525824e-04,2.029225220885009888e-03,0.000000000000000000e+00
0.000000000000000000e+00,0.000000000000000000e+00,0.000000000000000000e+00,4.192751470920574874e-04,2.088796153739771750e-03,0.000000000000000000e+00
0.000000000000000000e+00,0.000000000000000000e+00,0.000000000000000000e+00,4.605093733616172358e-04,2.047488019870868491e-03,0.000000000000000000e+00
0.000000000000000000e+00,0.000000000000000000e+00,0.000000000000000000e+00,4.023884981972924990e-04,2.106366816224580687e-03,0.000000000000000000e+00
0.000000000000000000e+00,0.000000000000000000e+00,0.000000000000000000e+00,3.443179683092489896e-04,2.064868364792239470e-03,0.000000000000000000e+00
0.000000000000000000e+00,0.000000000000000000e+00,0.000000000000000000e+00,1.869199556152612018e-04,2.123605212773464843e-03,0.000000000000000000e+00
0.000000000000000000e+00,0.000000000000000000e+00,0.000000000000000000e+00,2.298850038401356599e-04,2.180918279174206761e-03,0.000000000000000000e+00
0.000000000000000000e+00,0.000000000000000000e+00,0.000000000000000000e+00,2.728667531090023246e-04,2.137841579400891548e-03,0.000000000000000000e+00
0.000000000000000000e+00,0.000000000000000000e+00,0.000000000000000000e+00,2.165527311708270730e-04,2.195003016484001288e-03,0.000000000000000000e+00
0.000000000000000000e+00,0.000000000000000000e+00,0.000000000000000000e+00,1.602261262435566991e-04,2.151806153922674984e-03,0.000000000000000000e+00
0.000000000000000000e+00,0.000000000000000000e+00,0.000000000000000000e+00,1.046317231715443441e-04,2.208286151843235744e-03,0.000000000000000000e+00
0.000000000000000000e+00,0.000000000000000000e+00,0.000000000000000000e+00,4.877884819121103277e-05,2.164422711762808895e-03,0.000000000000000000e+00
0.000000000000000000e+00,0.000000000000000000e+00,0.000000000000000000e+00,9.411921803426093192e-05,2.219577925694696165e-03,0.000000000000000000e+00
0.000000000000000000e+00,0.000000000000000000e+00,0.000000000000000000e+00,3.895403223286297845e-05,2.175023368452533995e-03,0.000000000000000000e+00
0.000000000000000000e+00,0.000000000000000000e+00,0.000000000000000000e+00,-1.149875442482128918e-04,2.230798580282520368e-03,0.000000000000000000e+00
0.000000000000000000e+00,0.000000000000000000e+00,0.000000000000000000e+00,-6.946634981463972736e-05,2.184893098060222520e-03,0.000000000000000000e+00
0.000000000000000000e+00,0.000000000000000000e+00,0.000000000000000000e+00,-1.226913218813630024e-04,2.239328359652197412e-03,0.000000000000000000e+00
0.000000000000000000e+00,0.000000000000000000e+00,0.000000000000000000e+00,-7.648505533131011447e-05,2.192702145456982762e-03,0.000000000000000000e+00
0.000000000000000000e+00,0.000000000000000000e+00,0.000000000000000000e+00,-1.289948712698274491e-04,2.246447509650566915e-03,0.000000000000000000e+00
0.000000000000000000e+00,0.000000000000000000e+00,0.000000000000000000e+00,-1.813648398959477603e-04,2.299840757315272169e-03,0.000000000000000000e+00
0.000000000000000000e+00,0.000000000000000000e+00,0.000000000000000000e+00,-2.339009470161412807e-04,2.252916277925816682e-03,0.000000000000000000e+00
0.000000000000000000e+00,0.000000000000000000e+00,0.000000000000000000e+00,-2.855584572855063286e-04,2.305629182108900888e-03,0.000000000000000000e+00
0.000000000000000000e+00,0.000000000000000000e+00,0.000000000000000000e+00,-2.374123019223128850e-04,2.257244913927486038e-03,0.000000000000000000e+00
0.000000000000000000e+00,0.000000000000000000e+00,0.000000000000000000e+00,-3.883586594763954736e-04,2.310067670113030887e-03,0.000000000000000000e+00
0.000000000000000000e+00,0.000000000000000000e+00,0.000000000000000000e+00,-3.395316869880815602e-04,2.260983668906470408e-03,0.000000000000000000e+00
0.000000000000000000e+00,0.000000000000000000e+00,0.000000000000000000e+00,-3.897681966427146705e-04,2.312326473404164792e-03,0.000000000000000000e+00
0.000000000000000000e+00,0.000000000000000000e+00,0.000000000000000000e+00,-4.402618514127709659e-04,2.263372795915009721e-03,0.000000000000000000e+00
0.000000000000000000e+00,0.000000000000000000e+00,0.000000000000000000e+00,-3.897898171582037108e-04,2.313175845860169014e-03,0.000000000000000000e+00
0.000000000000000000e+00,0.000000000000000000e+00,0.000000000000000000e+00,-4.396055425935907479e-04,2.263532549806697089e-03,0.000000000000000000e+00
0.000000000000000000e+00,0.000000000000000000e+00,0.000000000000000000e+00,-4.884262675945993948e-04,2.313506043160253045e-03,0.000000000000000000e+00
0.000000000000000000e+00,0.000000000000000000e+00,0.000000000000000000e+00,-5.366555061268041271e-04,2.363193187236470663e-03,0.000000000000000000e+00
0.000000000000000000e+00,0.000000000000000000e+00,0.000000000000000000e+00,-5.856802927222126698e-04,2.312487322784981258e-03,0.000000000000000000e+00
0.000000000000000000e+00,0.000000000000000000e+00,0.000000000000000000e+00,-6.332044858073926363e-04,2.361504966660629527e-03,0.000000000000000000e+00
0.000000000000000000e+00,0.000000000000000000e+00,0.000000000000000000e+00,-5.813242917817040833e-04,2.309230287745237149e-03,0.000000000000000000e+00
0.000000000000000000e+00,0.000000000000000000e+00,0.000000000000000000e+00,-6.283752236287964976e-04,2.357498148336815459e-03,0.000000000000000000e+00
0.000000000000000000e+00,0.000000000000000000e+00,0.000000000000000000e+00,-6.758221793174978842e-04,2.305494025747618393e-03,0.000000000000000000e+00
0.000000000000000000e+00,0.000000000000000000e+00,-3.789025377026377251e-03,-6.265607595212291858e-04,2.350667030395812030e-03,0.000000000000000000e+00
0.000000000000000000e+00,0.000000000000000000e+00,-3.805305441158072025e-03,-6.734795685490439386e-04,2.297815173990337689e-03,0.000000000000000000e+00
0.000000000000000000e+00,0.000000000000000000e+00,-3.921038620899978087e-03,-7.191176369697655814e-04,2.344652066123443113e-03,0.000000000000000000e+00
0.000000000000000000e+00,0.000000000000000000e+00,-3.936227159482412995e-03,-7.645164509543284819e-04,2.391111529741398768e-03,0.000000000000000000e+00
0.000000000000000000e+00,0.000000000000000000e+00,-3.950870422200712315e-03,-9.104064872312705179e-04,2.338090303050384400e-03,0.000000000000000000e+00
0.000000000000000000e+00,0.000000000000000000e+00,-3.964968700945155355e-03,-8.551165038109142689e-04,2.383014952797091798e-03,0.000000000000000000e+00
0.000000000000000000e+00,0.000000000000000000e+00,-3.978522287585078976e-03,-8.003448813815713849e-04,2.327588025699155270e-03,0.000000000000000000e+00
0.000000000000000000e+00,0.000000000000000000e+00,-4.091529881916270914e-03,-8.442333659429319959e-04,2.372718845802584443e-03,0.000000000000000000e+00
0.000000000000000000e+00,0.000000000000000000e+00,-4.103994850573266899e-03,-8.887800196382554703e-04,2.317474203979168982e-03,0.000000000000000000e+00
0.000000000000000000e+00,0.000000000000000000e+00,-4.115916001040661326e-03,-9.320893636997218011e-04,2.361881029112002876e-03,0.000000000000000000e+00
0.000000000000000000e+00,0.000000000000000000e+00,-4.127293625093489751e-03,-9.750470881074512841e-04,2.405947357545133117e-03,0.000000000000000000e+00
0.000000000000000000e+00,0.000000000000000000e+00,-4.138128014485957171e-03,-9.185843582281946794e-04,2.348758007452891004e-03,0.000000000000000000e+00
0.000000000000000000e+00,0.000000000000000000e+00,-4.248417258279521026e-03,-9.607305782027994673e-04,2.392185069740454095e-03,0.000000000000000000e+00
0.000000000000000000e+00,0.000000000000000000e+00,-4.258165935686830487e-03,-1.103581758968638334e-03,2.336178088253339918e-03,0.000000000000000000e+00
0.000000000000000000e+00,0.000000000000000000e+00,-4.267372251947182914e-03,-1.045160151202426287e-03,2.377929137848683837e-03,0.000000000000000000e+00
0.000000000000000000e+00,0.000000000000000000e+00,-4.276036498720953843e-03,-1.087346777298006661e-03,2.320295013433530760e-03,0.000000000000000000e+00
0.000000000000000000e+00,0.000000000000000000e+00,-4.284158967647804482e-03,-1.028234331382753101e-03,2.361337631104487491e-03,0.000000000000000000e+00
0.000000000000000000e+00,0.000000000000000000e+00,-4.291739950346650477e-03,-1.069749914903414577e-03,2.303014350056537506e-03,0.000000000000000000e+00
0.000000000000000000e+00,0.000000000000000000e+00,-4.398776752094652256e-03,-1.109824369488663330e-03,2.344402317049516619e-03,0.000000000000000000e+00
0.000000000000000000e+00,0.000000000000000000e+00,-4.405275508739875043e-03,-1.049670868071464263e-03,2.384384720689840947e-03,0.000000000000000000e+00
0.000000000000000000e+00,0.000000000000000000e+00,-4.411233652198327977e-03,-1.090180374069675247e-03,2.325035260128758847e-03,0.000000000000000000e+00
0.000000000000000000e+00,0.000000000000000000e+00,-4.416651473995693127e-03,-1.129331430866365284e-03,2.365339095842586194e-03,0.000000000000000000e+00
0.000000000000000000e+00,0.000000000000000000e+00,-4.421529265637026695e-03,-1.069180369156509051e-03,2.304272234592516858e-03,0.000000000000000000e+00
0.000000000000000000e+00,0.000000000000000000e+00,-4.425867318606798058e-03,-1.107644559644865032e-03,2.343888121290101795e-03,0.000000000000000000e+00
0.000000000000000000e+00,0.000000000000000000e+00,-4.529662086432717158e-03,-1.145643212670895009e-03,2.383225521456151796e-03,0.000000000000000000e+00
0.000000000000000000e+00,0.000000000000000000e+00,-4.532921397107551355e-03,-1.184483340619365242e-03,2.322172880078159606e-03,0.000000000000000000e+00
0.000000000000000000e+00,0.000000000000000000e+00,-4.535641841682665383e-03,-1.221912582199106111e-03,2.360774292305373862e-03,0.000000000000000000e+00
0.000000000000000000e+00,0.000000000000000000e+00,-4.537823711549829331e-03,-1.160095036562039947e-03,2.297951172882077044e-03,0.000000000000000000e+00
0.000000000000000000e+00,0.000000000000000000e+00,-4.539467298080340947e-03,-1.196840242600406357e-03,2.335865603105306484e-03,0.000000000000000000e+00
0.000000000000000000e+00,0.000000000000000000e+00,-4.540572892625029978e-03,-1.334344758317247432e-03,2.274561783607951995e-03,0.000000000000000000e+00
0.000000000000000000e+00,0.000000000000000000e+00,-4.641136026331793216e-03,-1.270300465831590564e-03,2.310753303150525108e-03,0.000000000000000000e+00
0.000000000000000000e+00,0.000000000000000000e+00,-4.641166360179793497e-03,-1.306015004184640045e-03,2.347654806685810832e-03,0.000000000000000000e+00
0.000000000000000000e+00,0.000000000000000000e+00,-4.640659574147173484e-03,-1.342531795589485891e-03,2.284225247900467052e-03,0.000000000000000000e+00
0.000000000000000000e+00,0.000000000000000000e+00,-4.639615959492634362e-03,-1.277572130423808945e-03,2.319292724584016627e-03,0.000000000000000000e+00
0.000000000000000000e+00,0.000000000000000000e+00,-4.638035807454529875e-03,-1.313428417486271847e-03,2.255177285017117249e-03,0.000000000000000000e+00
0.000000000000000000e+00,0.000000000000000000e+00,-4.635919409250859394e-03,-1.247788672796309659e-03,2.289538943730396164e-03,0.000000000000000000e+00
0.000000000000000000e+00,0.000000000000000000e+00,-4.733261300366365353e-03,-1.281683009102861084e-03,2.324798566896719553e-03,0.000000000000000000e+00
0.000000000000000000e+00,0.000000000000000000e+00,-4.730073120916210641e-03,-1.416542365703984691e-03,2.260865242026556705e-03,0.000000000000000000e+00
0.000000000000000000e+00,0.000000000000000000e+00,-4.726349566941839310e-03,-1.349877849968405532e-03,2.294180653740521183e-03,0.000000000000000000e+00
0.000000000000000000e+00,0.000000000000000000e+00,-4.722090929569694624e-03,-1.382862739276802212e-03,2.328362268476440785e-03,0.000000000000000000e+00
0.000000000000000000e+00,0.000000000000000000e+00,-4.717297499905991238e-03,-1.316744950860288411e-03,2.260979242767231865e-03,0.000000000000000000e+00
0.000000000000000000e+00,0.000000000000000000e+00,-4.711969569036742952e-03,-1.349053245373149331e-03,2.294476276874751145e-03,0.000000000000000000e+00
0.000000000000000000e+00,0.000000000000000000e+00,-4.706107428027752303e-03,-1.382273256475188145e-03,2.227642982275047489e-03,0.000000000000000000e+00
0.000000000000000000e+00,0.000000000000000000e+00,0.000000000000000000e+00,-1.408364935717387745e-03,2.263924477816023351e-03,0.000000000000000000e+00
0.000000000000000000e+00,0.000000000000000000e+00,0.000000000000000000e+00,-1.539573685809592085e-03,2.298002420498894763e-03,0.000000000000000000e+00
0.000000000000000000e+00,0.000000000000000000e+00,0.000000000000000000e+00,-1.471771338090843706e-03,2.228862832466996236e-03,0.000000000000000000e+00
0.000000000000000000e+00,0.000000000000000000e+00,0.000000000000000000e+00,-1.502316232330325185e-03,2.260747749195646944e-03,0.000000000000000000e+00
0.000000000000000000e+00,0.000000000000000000e+00,0.000000000000000000e+00,-1.533864418945762864e-03,2.192461495510436217e-03,0.000000000000000000e+00
0.000000000000000000e+00,0.000000000000000000e+00,0.000000000000000000e+00,-1.463526875227216806e-03,2.222243469365585075e-03,0.000000000000000000e+00
0.000000000000000000e+00,0.000000000000000000e+00,0.000000000000000000e+00,-1.393066876217430305e-03,2.251510770961797844e-03,0.000000000000000000e+00
0.000000000000000000e+00,0.000000000000000000e+00,0.000000000000000000e+00,-1.423652025122956744e-03,2.182186172336616353e-03,0.000000000000000000e+00
0.000000000000000000e+00,0.000000000000000000e+00,0.000000000000000000e+00,-1.552282573038188396e-03,2.214159797639711491e-03,0.000000000000000000e+00
0.000000000000000000e+00,0.000000000000000000e+00,0.000000000000000000e+00,-1.480810662605858141e-03,2.242369879471808880e-03,0.000000000000000000e+00
0.000000000000000000e+00,0.000000000000000000e+00,0.000000000000000000e+00,-1.510436059127484576e-03,2.172047027775547354e-03,0.000000000000000000e+00
0.000000000000000000e+00,0.000000000000000000e+00,0.000000000000000000e+00,-1.538067982763680064e-03,2.201382397633899757e-03,0.000000000000000000e+00
0.000000000000000000e+00,0.000000000000000000e+00,0.000000000000000000e+00,-1.565356820523722270e-03,2.230385977281798549e-03,0.000000000000000000e+00
0.000000000000000000e+00,0.000000000000000000e+00,0.000000000000000000e+00,-1.494256065612487028e-03,2.157184648757937487e-03,0.000000000000000000e+00
5.922991089411198550e-07,9.999862627047162607e-05,-5.555537556561792462e-03,-1.526793100119723089e-03,2.181056152092640792e-03,7.907659275053690541e-08
0.000000000000000000e+00,5.000103683607869332e-05,-5.541176491266518005e-03,-1.654812508400191383e-03,2.110306127792609121e-03,-4.127361646223861083e-08
0.000000000000000000e+00,0.000000000000000000e+00,-5.526286174820960705e-03,-1.581062401696701342e-03,2.136259283922661584e-03,0.000000000000000000e+00
6.095300637843177241e-07,9.999823540934735721e-05,-5.510866897808442723e-03,-1.606959103225371428e-03,2.163350122819535874e-03,8.311028539374638493e-08
6.153262774595192775e-07,9.999806128568498268e-05,-5.594910971611699764e-03,-1.633922084253932715e-03,2.090206628693841613e-03,8.439353163393068148e-08
6.211491209239037920e-07,9.999792637401742467e-05,-5.578434423712624185e-03,-1.659153579601388168e-03,2.116628469476124381e-03,8.570486357679845899e-08
0.000000000000000000e+00,5.000086069363862955e-05,-5.561429784690856241e-03,-1.684048137048751743e-03,2.142715288206301170e-03,-4.200251347628712511e-08
0.000000000000000000e+00,0.000000000000000000e+00,-5.543897345040726780e-03,-1.710148901234737106e-03,2.068482396413451069e-03,0.000000000000000000e+00
6.387757934465580913e-07,9.999751302036215185e-05,-5.525837395236923508e-03,-1.734381336331817548e-03,2.093899458857603150e-03,8.948259791974150292e-08
6.447040148206983736e-07,9.999737233585028731e-05,-5.507250225734518743e-03,-1.658292867457881580e-03,2.117417111567392821e-03,8.572571589498761957e-08
6.506585430327066285e-07,9.999723018780163860e-05,-5.488136126968966820e-03,-1.683429037318267358e-03,2.042169048266200861e-03,8.689706038266335305e-08
0.000000000000000000e+00,5.000067733471688110e-05,-5.568485726374711002e-03,-1.606580009522822015e-03,2.065068885547726926e-03,-4.006911189177466217e-08
0.000000000000000000e+00,0.000000000000000000e+00,-5.548318402561423432e-03,-1.629479604383010085e-03,2.089126836969207660e-03,0.000000000000000000e+00
6.686795199760793483e-07,9.999675030351821829e-05,-5.527625018412007582e-03,-1.653657939100590694e-03,2.012865421830335819e-03,8.542725012479668098e-08
6.747391194680510301e-07,9.999660181591263841e-05,-5.506405864273584798e-03,-1.675898999020958942e-03,2.036254665870720036e-03,8.658628480904125948e-08
0.000000000000000000e+00,5.000054360641314127e-05,-5.484661230473787674e-03,-1.797790682570531845e-03,2.060945523881633611e-03,-4.485094562907028814e-08
0.000000000000000000e+00,0.000000000000000000e+00,-5.462391407320784341e-03,-1.721025251446054024e-03,1.982045645940358914e-03,0.000000000000000000e+00
6.930752462042572005e-07,9.999614728386448960e-05,-5.439596685103290606e-03,-1.742275223484382853e-03,2.004432562085628478e-03,8.990514044115061598e-08
6.992393549791858026e-07,9.999594610856123980e-05,-5.516265885785953497e-03,-1.763093900218025856e-03,2.026577733203609698e-03,9.100497059981736566e-08
7.054299550192293221e-07,9.999578959605106654e-05,-5.492421981607256351e-03,-1.785361554816330097e-03,1.948312875171089248e-03,9.202166338953283367e-08
0.000000000000000000e+00,5.000034808319899908e-05,-5.468054046777534073e-03,-1.705636932917805031e-03,1.968002753329988180e-03,-4.255143724420362739e-08
0.000000000000000000e+00,0.000000000000000000e+00,-5.443162371497829548e-03,-1.825549978391485546e-03,1.990752278216816051e-03,0.000000000000000000e+00
0.000000000000000000e+00,0.000000000000000000e+00,-5.417747245949813134e-03,-1.745160406020299353e-03,2.009752440255214295e-03,0.000000000000000000e+00
0.000000000000000000e+00,0.000000000000000000e+00,-5.391808960295853791e-03,-1.766154381194665708e-03,1.930141857322350716e-03,0.000000000000000000e+00
0.000000000000000000e+00,0.000000000000000000e+00,-5.365347804679007800e-03,-1.785097448831738298e-03,1.950183027201252616e-03,0.000000000000000000e+00
0.000000000000000000e+00,0.000000000000000000e+00,-5.438350670094442389e-03,-1.703629043686391217e-03,1.968226999064606655e-03,0.000000000000000000e+00
0.000000000000000000e+00,0.000000000000000000e+00,-5.410844372870047929e-03,-1.723678058585121752e-03,1.887605981459852290e-03,0.000000000000000000e+00
0.000000000000000000e+00,0.000000000000000000e+00,-5.382816073586455842e-03,-1.841623361599518038e-03,1.908417985608703736e-03,0.000000000000000000e+00
0.000000000000000000e+00,0.000000000000000000e+00,-5.354266062299693936e-03,-1.759267539656084265e-03,1.925335104816431166e-03,0.000000000000000000e+00
0.000000000000000000e+00,0.000000000000000000e+00,0.000000000000000000e+00,-1.773453029034421924e-03,1.848441238003751402e-03,0.000000000000000000e+00
0.000000000000000000e+00,0.000000000000000000e+00,0.000000000000000000e+00,-1.690250333711840192e-03,1.864584942915080076e-03,0.000000000000000000e+00
0.000000000000000000e+00,0.000000000000000000e+00,0.000000000000000000e+00,-1.706696411395647317e-03,1.882467448036788740e-03,0.000000000000000000e+00
0.000000000000000000e+00,0.000000000000000000e+00,0.000000000000000000e+00,-1.722997928735980899e-03,1.899842461924608483e-03,0.000000000000000000e+00
0.000000000000000000e+00,0.000000000000000000e+00,0.000000000000000000e+00,-1.840904350977723425e-03,1.819220894540502301e-03,0.000000000000000000e+00
0.000000000000000000e+00,0.000000000000000000e+00,0.000000000000000000e+00,-1.756400659826184985e-03,1.833968139385157986e-03,0.000000000000000000e+00
0.000000000000000000e+00,0.000000000000000000e+00,0.000000000000000000e+00,-1.771547237224391225e-03,1.850524189722280513e-03,0.000000000000000000e+00
0.000000000000000000e+00,0.000000000000000000e+00,0.000000000000000000e+00,-1.786547157177964529e-03,1.866566346752028191e-03,0.000000000000000000e+00
0.000000000000000000e+00,0.000000000000000000e+00,0.000000000000000000e+00,-1.803246936301405867e-03,1.782478469066671456e-03,0.000000000000000000e+00
0.000000000000000000e+00,0.000000000000000000e+00,0.000000000000000000e+00,-1.817428095904904950e-03,1.798039410562156729e-03,0.000000000000000000e+00
0.000000000000000000e+00,0.000000000000000000e+00,-5.807585410749973621e-03,-1.936329815210977370e-03,1.809729502137607041e-03,0.000000000000000000e+00
0.000000000000000000e+00,0.000000000000000000e+00,-5.772807300597219450e-03,-1.850066728910665153e-03,1.822470680661816052e-03,0.000000000000000000e+00
0.000000000000000000e+00,0.000000000000000000e+00,-5.737511261328778756e-03,-1.865436487216394013e-03,1.736863273590801872e-03,0.000000000000000000e+00
0.000000000000000000e+00,0.000000000000000000e+00,-5.701697582634317890e-03,-1.878508508364897358e-03,1.750900148926861841e-03,0.000000000000000000e+00
0.000000000000000000e+00,0.000000000000000000e+00,-5.665366554184697069e-03,-1.791278302416023744e-03,1.762598335220184930e-03,0.000000000000000000e+00
0.000000000000000000e+00,0.000000000000000000e+00,-5.628518465631899247e-03,-1.803698608867313619e-03,1.775959695927331952e-03,0.000000000000000000e+00
0.000000000000000000e+00,0.000000000000000000e+00,-5.691136578189536464e-03,-1.917720207467969382e-03,1.691143496991910503e-03,0.000000000000000000e+00
0.000000000000000000e+00,0.000000000000000000e+00,-5.653254907885979855e-03,-1.829524925303867939e-03,1.701806593884619368e-03,0.000000000000000000e+00
0.000000000000000000e+00,0.000000000000000000e+00,-5.614857043683007740e-03,-1.840981172856072335e-03,1.714173627635518686e-03,0.000000000000000000e+00
0.000000000000000000e+00,0.000000000000000000e+00,-5.575943275147673614e-03,-1.852112909987663723e-03,1.726209158649921359e-03,0.000000000000000000e+00
0.000000000000000000e+00,0.000000000000000000e+00,-5.536513891828334991e-03,-1.865003680216889602e-03,1.637936991478210289e-03,0.000000000000000000e+00
0.000000000000000000e+00,0.000000000000000000e+00,-5.596550354870655913e-03,-1.975397770344136834e-03,1.651507764342222302e-03,0.000000000000000000e+00
0.000000000000000000e+00,0.000000000000000000e+00,-5.556090265897373204e-03,-1.885592846040684946e-03,1.660449596498688373e-03,0.000000000000000000e+00
0.000000000000000000e+00,0.000000000000000000e+00,-5.515115427981046557e-03,-1.895441023373899267e-03,1.671160487006146658e-03,0.000000000000000000e+00
0.000000000000000000e+00,0.000000000000000000e+00,-5.473626130585561994e-03,-1.904966197299565482e-03,1.681540266303566903e-03,0.000000000000000000e+00
0.000000000000000000e+00,0.000000000000000000e+00,-5.431622663156210166e-03,-1.916317156563292125e-03,1.591612688161807114e-03,0.000000000000000000e+00
0.000000000000000000e+00,0.000000000000000000e+00,-5.489084610382013139e-03,-1.825157623177738140e-03,1.599265078148041745e-03,0.000000000000000000e+00
0.000000000000000000e+00,0.000000000000000000e+00,-5.446053311980483293e-03,-1.933703722584556800e-03,1.610818113938672488e-03,0.000000000000000000e+00
0.000000000000000000e+00,0.000000000000000000e+00,-5.402508709025276301e-03,-1.841975192553792391e-03,1.617684769825180908e-03,0.000000000000000000e+00
0.000000000000000000e+00,0.000000000000000000e+00,-5.358451090877678832e-03,-1.852103754051480236e-03,1.526422064911327550e-03,0.000000000000000000e+00
0.000000000000000000e+00,0.000000000000000000e+00,-5.313880746880461983e-03,-1.859721203355434432e-03,1.534805085987832069e-03,0.000000000000000000e+00
0.000000000000000000e+00,0.000000000000000000e+00,-5.368775307400856615e-03,-1.866945414739695341e-03,1.542954736855404411e-03,0.000000000000000000e+00
0.000000000000000000e+00,0.000000000000000000e+00,0.000000000000000000e+00,-1.969754973670689857e-03,1.558167296344888791e-03,0.000000000000000000e+00
0.000000000000000000e+00,0.000000000000000000e+00,0.000000000000000000e+00,-1.876305229739361202e-03,1.563215094912702441e-03,0.000000000000000000e+00
0.000000000000000000e+00,0.000000000000000000e+00,0.000000000000000000e+00,-1.882657991368441586e-03,1.570250032794604303e-03,0.000000000000000000e+00
0.000000000000000000e+00,0.000000000000000000e+00,0.000000000000000000e+00,-1.891099893445380431e-03,1.477175850271650673e-03,0.000000000000000000e+00
0.000000000000000000e+00,0.000000000000000000e+00,0.000000000000000000e+00,-1.796712835238967187e-03,1.481161023244172148e-03,0.000000000000000000e+00
0.000000000000000000e+00,0.000000000000000000e+00,0.000000000000000000e+00,-1.901947194394515428e-03,1.489975549235328378e-03,0.000000000000000000e+00
0.000000000000000000e+00,0.000000000000000000e+00,0.000000000000000000e+00,-1.807067882906854273e-03,1.493074891419298236e-03,0.000000000000000000e+00
0.000000000000000000e+00,0.000000000000000000e+00,0.000000000000000000e+00,-1.811696714352439841e-03,1.498627611388456127e-03,0.000000000000000000e+00
0.000000000000000000e+00,0.000000000000000000e+00,-5.542135936585980763e-03,-1.822357766237999192e-03,1.398701493644062500e-03,0.000000000000000000e+00
0.000000000000000000e+00,0.000000000000000000e+00,-5.491955219792652582e-03,-1.826485294340617722e-03,1.403440860085856641e-03,0.000000000000000000e+00
0.000000000000000000e+00,0.000000000000000000e+00,-5.441265261374843461e-03,-1.930262462998270879e-03,1.410248391140119005e-03,0.000000000000000000e+00
0.000000000000000000e+00,0.000000000000000000e+00,-5.490041348317859123e-03,-1.833722957686097395e-03,1.412025550454851968e-03,0.000000000000000000e+00
0.000000000000000000e+00,0.000000000000000000e+00,-5.438333358417883102e-03,-1.836899100525308474e-03,1.415775695210395738e-03,0.000000000000000000e+00
0.000000000000000000e+00,0.000000000000000000e+00,-5.386116990952075426e-03,-1.839758789154226056e-03,1.419196167673391403e-03,0.000000000000000000e+00
0.000000000000000000e+00,0.000000000000000000e+00,-5.333392534872693179e-03,-1.842302326749008798e-03,1.422287040001986259e-03,0.000000000000000000e+00
0.000000000000000000e+00,0.000000000000000000e+00,-5.380133451597757938e-03,-1.946902143442559184e-03,1.327648495122642387e-03,0.000000000000000000e+00
0.000000000000000000e+00,0.000000000000000000e+00,-5.326393256987799543e-03,-1.848859748417961725e-03,1.327609445350957712e-03,0.000000000000000000e+00
0.000000000000000000e+00,0.000000000000000000e+00,-5.272145837535240596e-03,-1.850469285039493946e-03,1.329712088585132323e-03,0.000000000000000000e+00
0.000000000000000000e+00,0.000000000000000000e+00,-5.217391482110541635e-03,-1.851763928474657378e-03,1.331485401176487303e-03,0.000000000000000000e+00
0.000000000000000000e+00,0.000000000000000000e+00,-5.262101770905887668e-03,-1.952649716405485377e-03,1.335552810089443709e-03,0.000000000000000000e+00
0.000000000000000000e+00,0.000000000000000000e+00,-5.206333968984773117e-03,-1.853348343915193737e-03,1.334140726709334354e-03,0.000000000000000000e+00
0.000000000000000000e+00,0.000000000000000000e+00,-5.150060094576164316e-03,-1.853700120775934835e-03,1.334926499575839415e-03,0.000000000000000000e+00
0.000000000000000000e+00,0.000000000000000000e+00,-5.093280436469093016e-03,-1.853738243500184383e-03,1.335383204170210135e-03,0.000000000000000000e+00
0.000000000000000000e+00,0.000000000000000000e+00,-5.135964637200126671e-03,-1.855984905747080829e-03,1.235640304025028549e-03,0.000000000000000000e+00
0.000000000000000000e+00,0.000000000000000000e+00,-5.078173823717487510e-03,-1.955376577840542765e-03,1.238035298780917285e-03,0.000000000000000000e+00
0.000000000000000000e+00,0.000000000000000000e+00,-5.019878089736010476e-03,-1.854521515333844859e-03,1.234909041882903792e-03,0.000000000000000000e+00
0.000000000000000000e+00,0.000000000000000000e+00,0.000000000000000000e+00,-1.850133883957383318e-03,1.238830826392381401e-03,0.000000000000000000e+00
0.000000000000000000e+00,0.000000000000000000e+00,0.000000000000000000e+00,-1.848661214180924439e-03,1.237584526408805341e-03,0.000000000000000000e+00
0.000000000000000000e+00,0.000000000000000000e+00,0.000000000000000000e+00,-1.946719655994466613e-03,1.239106578177750703e-03,0.000000000000000000e+00
0.000000000000000000e+00,0.000000000000000000e+00,0.000000000000000000e+00,-1.844548085339847709e-03,1.234478480888673291e-03,0.000000000000000000e+00
0.000000000000000000e+00,0.000000000000000000e+00,0.000000000000000000e+00,-1.842026876372804267e-03,1.232430235517306683e-03,0.000000000000000000e+00
0.000000000000000000e+00,0.000000000000000000e+00,0.000000000000000000e+00,-1.839196403098708466e-03,1.230051843189507166e-03,0.000000000000000000e+00
0.000000000000000000e+00,0.000000000000000000e+00,0.000000000000000000e+00,-1.836174223763586966e-03,1.227156120790209512e-03,0.000000000000000000e+00
0.000000000000000000e+00,0.000000000000000000e+00,-5.137811994738963016e-03,-1.938380189140934432e-03,1.122076348103819270e-03,0.000000000000000000e+00
0.000000000000000000e+00,0.000000000000000000e+00,-5.174962556213275056e-03,-1.834698793030655308e-03,1.115940561557538261e-03,0.000000000000000000e+00
0.000000000000000000e+00,0.000000000000000000e+00,-5.111644253444385527e-03,-1.830715794457724553e-03,1.112124418687888321e-03,0.000000000000000000e+00
0.000000000000000000e+00,0.000000000000000000e+00,-5.047824216009925459e-03,-1.826423680587070403e-03,1.107980041130194031e-03,0.000000000000000000e+00
0.000000000000000000e+00,0.000000000000000000e+00,-4.983502732336770984e-03,-1.921780156908342758e-03,1.106308435897787774e-03,0.000000000000000000e+00
0.000000000000000000e+00,0.000000000000000000e+00,-5.018644264191509871e-03,-1.916821586450443522e-03,1.101620234365988842e-03,0.000000000000000000e+00
0.000000000000000000e+00,0.000000000000000000e+00,-4.953320243220290901e-03,-1.911604190853688663e-03,1.096504532311737539e-03,0.000000000000000000e+00
0.000000000000000000e+00,0.000000000000000000e+00,-4.887495637957432054e-03,-1.906078946276714174e-03,1.091060857486172595e-03,0.000000000000000000e+00
0.000000000000000000e+00,0.000000000000000000e+00,-4.921133195842542114e-03,-2.000155358086133650e-03,1.088251705124901542e-03,0.000000000000000000e+00
0.000000000000000000e+00,0.000000000000000000e+00,-4.854307766167522201e-03,-1.894058211354729404e-03,1.079287895228751328e-03,0.000000000000000000e+00
0.000000000000000000e+00,0.000000000000000000e+00,-4.786982613931330642e-03,-1.887611625098780006e-03,1.072860342563893834e-03,0.000000000000000000e+00
0.000000000000000000e+00,0.000000000000000000e+00,-4.819118736345530396e-03,-1.880811177520689582e-03,1.066202430588275140e-03,0.000000000000000000e+00
0.000000000000000000e+00,0.000000000000000000e+00,-4.750794472046928479e-03,-1.973709424975183657e-03,1.062041663298720967e-03,0.000000000000000000e+00
0.000000000000000000e+00,0.000000000000000000e+00,-4.681971346701745487e-03,-1.966344346420065455e-03,1.054644126505462770e-03,0.000000000000000000e+00
0.000000000000000000e+00,0.000000000000000000e+00,-4.712608571052536929e-03,-1.858670321564860227e-03,1.044065804767750757e-03,0.000000000000000000e+00
0.000000000000000000e+00,0.000000000000000000e+00,0.000000000000000000e+00,-1.848283205214129588e-03,1.040291784163609526e-03,0.000000000000000000e+00
0.000000000000000000e+00,0.000000000000000000e+00,0.000000000000000000e+00,-1.839961357791963792e-03,1.032001190772189117e-03,0.000000000000000000e+00
0.000000000000000000e+00,0.000000000000000000e+00,0.000000000000000000e+00,-1.931287007376214504e-03,1.026620879858799323e-03,0.000000000000000000e+00
0.000000000000000000e+00,0.000000000000000000e+00,0.000000000000000000e+00,-1.922360525157706945e-03,1.017690855326417246e-03,0.000000000000000000e+00
0.000000000000000000e+00,0.000000000000000000e+00,0.000000000000000000e+00,-1.913132282176932542e-03,1.008431121228031691e-03,0.000000000000000000e+00
0.000000000000000000e+00,0.000000000000000000e+00,0.000000000000000000e+00,-2.006936193313269001e-03,9.019881377782690973e-04,0.000000000000000000e+00
0.000000000000000000e+00,0.000000000000000000e+00,0.000000000000000000e+00,-1.897174543341373365e-03,8.887799952961104172e-04,0.000000000000000000e+00
0.000000000000000000e+00,0.000000000000000000e+00,-4.742853497853613369e-03,-1.888950341187582878e-03,8.739744490131142515e-04,0.000000000000000000e+00
0.000000000000000000e+00,0.000000000000000000e+00,-4.669068503984949436e-03,-1.878561802123634387e-03,8.633013869427367702e-04,0.000000000000000000e+00
0.000000000000000000e+00,0.000000000000000000e+00,-4.694743150414074778e-03,-1.964657052127514406e-03,9.554706090826081731e-04,0.000000000000000000e+00
0.000000000000000000e+00,0.000000000000000000e+00,-4.619966494764427868e-03,-1.956790151529931316e-03,8.442089647365622757e-04,0.000000000000000000e+00
0.000000000000000000e+00,0.000000000000000000e+00,-4.644648684145939038e-03,-1.842355705802240602e-03,9.294579549367423810e-04,0.000000000000000000e+00
0.000000000000000000e+00,0.000000000000000000e+00,-4.568881503511382225e-03,-1.830747400489279300e-03,9.174757226140955752e-04,0.000000000000000000e+00
0.000000000000000000e+00,0.000000000000000000e+00,-4.492619785121914310e-03,-1.918785612910256727e-03,9.083521334777409787e-04,0.000000000000000000e+00
0.000000000000000000e+00,0.000000000000000000e+00,-4.515815784977438366e-03,-1.906537420544935279e-03,8.958284483764425172e-04,0.000000000000000000e+00
0.000000000000000000e+00,0.000000000000000000e+00,-4.438565250364194872e-03,-1.894027677142923281e-03,8.828790157401105376e-04,0.000000000000000000e+00
0.000000000000000000e+00,0.000000000000000000e+00,-4.460771593272428240e-03,-1.881181057278204314e-03,8.696999335822974426e-04,0.000000000000000000e+00
0.000000000000000000e+00,0.000000000000000000e+00,-4.382533378594100602e-03,-1.968019747191334518e-03,8.593474978310809351e-04,0.000000000000000000e+00
0.000000000000000000e+00,0.000000000000000000e+00,-4.403751181865793278e-03,-1.954576192401615443e-03,8.455320452196399576e-04,0.000000000000000000e+00
0.000000000000000000e+00,0.000000000000000000e+00,0.000000000000000000e+00,-1.839126160663728804e-03,8.319827919852623016e-04,0.000000000000000000e+00
0.000000000000000000e+00,0.000000000000000000e+00,0.000000000000000000e+00,-1.825110020330478200e-03,8.174813182264487749e-04,0.000000000000000000e+00
0.000000000000000000e+00,0.000000000000000000e+00,0.000000000000000000e+00,-1.910738185067595296e-03,8.061905082034047376e-04,0.000000000000000000e+00
0.000000000000000000e+00,0.000000000000000000e+00,0.000000000000000000e+00,-1.896131023345515310e-03,7.910503685023655140e-04,0.000000000000000000e+00
0.000000000000000000e+00,0.000000000000000000e+00,0.000000000000000000e+00,-1.881228903483744830e-03,7.755809058596022793e-04,0.000000000000000000e+00
0.000000000000000000e+00,0.000000000000000000e+00,0.000000000000000000e+00,-1.966041401893048324e-03,7.631829189205466962e-04,0.000000000000000000e+00
0.000000000000000000e+00,0.000000000000000000e+00,-4.341885911330436651e-03,-1.852032231268764106e-03,7.393804838937801738e-04,0.000000000000000000e+00
0.000000000000000000e+00,0.000000000000000000e+00,-4.359177812125646784e-03,-1.836218011331996677e-03,7.229447669413320522e-04,0.000000000000000000e+00
0.000000000000000000e+00,0.000000000000000000e+00,-4.276032442960362757e-03,-1.820137708017950575e-03,7.060876405453661965e-04,0.000000000000000000e+00
0.000000000000000000e+00,0.000000000000000000e+00,-4.292341427898412748e-03,-1.903671401711302252e-03,6.924425866565614733e-04,0.000000000000000000e+00
0.000000000000000000e+00,0.000000000000000000e+00,-4.208215237900169575e-03,-1.887000252285524942e-03,6.749465822283281027e-04,0.000000000000000000e+00
0.000000000000000000e+00,0.000000000000000000e+00,-4.223542421843094578e-03,-1.870007955714535425e-03,6.572204431191861190e-04,0.000000000000000000e+00
0.000000000000000000e+00,0.000000000000000000e+00,-4.138436545155103896e-03,-1.952684969607308392e-03,6.425647610186429421e-04,0.000000000000000000e+00
0.000000000000000000e+00,0.000000000000000000e+00,-4.152783042595180156e-03,-1.831655731233636534e-03,7.206283123493287604e-04,0.000000000000000000e+00
0.000000000000000000e+00,0.000000000000000000e+00,-4.066698613101662856e-03,-1.813792955353373502e-03,7.018265180762790463e-04,0.000000000000000000e+00
0.000000000000000000e+00,0.000000000000000000e+00,-4.080065538162233434e-03,-1.795608907252197383e-03,6.827911670849585828e-04,0.000000000000000000e+00
0.000000000000000000e+00,0.000000000000000000e+00,-3.993003689488941813e-03,-1.877096859915043008e-03,6.668972258787905609e-04,0.000000000000000000e+00
0.000000000000000000e+00,0.000000000000000000e+00,0.000000000000000000e+00,-1.857027606100736250e-03,6.509466472045030011e-04,0.000000000000000000e+00
0.000000000000000000e+00,0.000000000000000000e+00,0.000000000000000000e+00,-1.838060888924575309e-03,6.307351612155013415e-04,0.000000000000000000e+00
0.000000000000000000e+00,0.000000000000000000e+00,0.000000000000000000e+00,-1.918676506853955743e-03,6.141927467856241746e-04,0.000000000000000000e+00
0.000000000000000000e+00,0.000000000000000000e+00,0.000000000000000000e+00,-1.899072853751904155e-03,5.935313850706971234e-04,0.000000000000000000e+00
0.000000000000000000e+00,0.000000000000000000e+00,0.000000000000000000e+00,-1.879180295498827924e-03,5.725410852088393121e-04,0.000000000000000000e+00
0.000000000000000000e+00,0.000000000000000000e+00,0.000000000000000000e+00,-1.958929197825365343e-03,5.550918564882385831e-04,0.000000000000000000e+00
0.000000000000000000e+00,0.000000000000000000e+00,-3.973150520862816365e-03,-1.835702195594120581e-03,6.258028358382209657e-04,0.000000000000000000e+00
0.000000000000000000e+00,0.000000000000000000e+00,-3.982140109867070635e-03,-1.814886360067417435e-03,6.038610742085112138e-04,0.000000000000000000e+00
0.000000000000000000e+00,0.000000000000000000e+00,-3.890708138376567250e-03,-1.893731570149144320e-03,5.852253391221029933e-04,0.000000000000000000e+00
0.000000000000000000e+00,0.000000000000000000e+00,-3.898724311426098564e-03,-1.872338270789829879e-03,5.626489805164842060e-04,0.000000000000000000e+00
0.000000000000000000e+00,0.000000000000000000e+00,-3.806321192871665784e-03,-1.850676886500129265e-03,5.396503793924627840e-04,0.000000000000000000e+00
0.000000000000000000e+00,0.000000000000000000e+00,-3.813365061472922656e-03,-1.828707519653097191e-03,5.164199264900073841e-04,0.000000000000000000e+00
0.000000000000000000e+00,0.000000000000000000e+00,-3.719991927610963919e-03,-1.906395878062387955e-03,4.965637689351973033e-04,0.000000000000000000e+00
0.000000000000000000e+00,0.000000000000000000e+00,-3.726064602908204116e-03,-1.780110770762366804e-03,5.688124650327106100e-04,0.000000000000000000e+00
0.000000000000000000e+00,0.000000000000000000e+00,0.000000000000000000e+00,-1.756240682214249560e-03,5.478778739243066187e-04,0.000000000000000000e+00
0.000000000000000000e+00,0.000000000000000000e+00,0.000000000000000000e+00,-1.833114760367626772e-03,5.271542094089330666e-04,0.000000000000000000e+00
0.000000000000000000e+00,0.000000000000000000e+00,0.000000000000000000e+00,-1.809736537088380004e-03,5.022695646300749661e-04,0.000000000000000000e+00
0.000000000000000000e+00,0.000000000000000000e+00,0.000000000000000000e+00,-1.786074059436093542e-03,4.770562675091780114e-04,0.000000000000000000e+00
0.000000000000000000e+00,0.000000000000000000e+00,0.000000000000000000e+00,-1.862047691245871661e-03,4.556043291921406391e-04,0.000000000000000000e+00
0.000000000000000000e+00,0.000000000000000000e+00,0.000000000000000000e+00,-1.837817796203067289e-03,4.297537609749060850e-04,0.000000000000000000e+00
0.000000000000000000e+00,0.000000000000000000e+00,-3.658952971633383597e-03,-1.809910940007873051e-03,5.001416717356848250e-04,0.000000000000000000e+00
0.000000000000000000e+00,0.000000000000000000e+00,-3.661168650699457225e-03,-1.884967212279103346e-03,4.776470097871214605e-04,0.000000000000000000e+00
0.000000000000000000e+00,0.000000000000000000e+00,-3.662900856142798332e-03,-1.859822864758329738e-03,4.508775931255009435e-04,0.000000000000000000e+00
0.000000000000000000e+00,0.000000000000000000e+00,-3.564226593016588725e-03,-1.834409157725393896e-03,4.236872072982945893e-04,0.000000000000000000e+00
0.000000000000000000e+00,0.000000000000000000e+00,-3.564993731571702330e-03,-1.908615687254514156e-03,4.002859865451318896e-04,0.000000000000000000e+00
0.000000000000000000e+00,0.000000000000000000e+00,-3.465356834303452011e-03,-1.778679367127620646e-03,4.683399885969757284e-04,0.000000000000000000e+00
0.000000000000000000e+00,0.000000000000000000e+00,-3.465160014483130522e-03,-1.752383475441061456e-03,4.402632232336803298e-04,0.000000000000000000e+00
0.000000000000000000e+00,0.000000000000000000e+00,-3.464481088443422882e-03,-1.825723529856390984e-03,4.159358401214935125e-04,0.000000000000000000e+00
0.000000000000000000e+00,0.000000000000000000e+00,0.000000000000000000e+00,-1.798222605534416374e-03,3.901569609880452261e-04,0.000000000000000000e+00
0.000000000000000000e+00,0.000000000000000000e+00,0.000000000000000000e+00,-1.771131758963595537e-03,3.610720533976721769e-04,0.000000000000000000e+00
0.000000000000000000e+00,0.000000000000000000e+00,0.000000000000000000e+00,-1.839371315318194533e-03,4.358687717739631595e-04,0.000000000000000000e+00
0.000000000000000000e+00,0.000000000000000000e+00,0.000000000000000000e+00,-1.811701636519447156e-03,4.061471291391879901e-04,0.000000000000000000e+00
0.000000000000000000e+00,0.000000000000000000e+00,0.000000000000000000e+00,-1.783753084338313144e-03,3.760971386656992987e-04,0.000000000000000000e+00
0.000000000000000000e+00,0.000000000000000000e+00,-3.354522337389280982e-03,-1.855834525232722548e-03,3.469398641473774004e-04,0.000000000000000000e+00
0.000000000000000000e+00,0.000000000000000000e+00,-3.350497596036523112e-03,-1.727372968764346543e-03,3.120950691168951764e-04,0.000000000000000000e+00
0.000000000000000000e+00,0.000000000000000000e+00,-3.345992949740289341e-03,-1.694307516024425161e-03,3.810224602393607945e-04,0.000000000000000000e+00
0.000000000000000000e+00,0.000000000000000000e+00,-3.241095666054951471e-03,-1.765093938718373997e-03,3.538784537182237066e-04,0.000000000000000000e+00
0.000000000000000000e+00,0.000000000000000000e+00,-3.235633171417914931e-03,-1.735684268626266121e-03,3.222654083762071099e-04,0.000000000000000000e+00
0.000000000000000000e+00,0.000000000000000000e+00,-3.229691588752606375e-03,-1.805904565040016181e-03,2.946135262304885394e-04,0.000000000000000000e+00
0.000000000000000000e+00,0.000000000000000000e+00,-3.123361383839618789e-03,-1.771642175221049614e-03,3.621827765442067683e-04,0.000000000000000000e+00
0.000000000000000000e+00,0.000000000000000000e+00,-3.116463605382075071e-03,-1.741380413766405958e-03,3.296091851923867297e-04,0.000000000000000000e+00
0.000000000000000000e+00,0.000000000000000000e+00,0.000000000000000000e+00,-1.810278639967521919e-03,3.038671909079034006e-04,0.000000000000000000e+00
0.000000000000000000e+00,0.000000000000000000e+00,0.000000000000000000e+00,-1.779517997954838116e-03,2.706041407679951605e-04,0.000000000000000000e+00
0.000000000000000000e+00,0.000000000000000000e+00,0.000000000000000000e+00,-1.743942421954525201e-03,3.369129881389994197e-04,0.000000000000000000e+00
0.000000000000000000e+00,0.000000000000000000e+00,0.000000000000000000e+00,-1.812512271955113441e-03,3.075537479383279316e-04,0.000000000000000000e+00
0.000000000000000000e+00,0.000000000000000000e+00,0.000000000000000000e+00,-1.780907907795392653e-03,2.733264352335409986e-04,0.000000000000000000e+00
0.000000000000000000e+00,0.000000000000000000e+00,-3.069438351384350290e-03,-1.749218932531040752e-03,2.360710723564612870e-04,0.000000000000000000e+00
0.000000000000000000e+00,0.000000000000000000e+00,-3.059218961640532662e-03,-1.812445836671421366e-03,3.056133631393902921e-04,0.000000000000000000e+00
0.000000000000000000e+00,0.000000000000000000e+00,-2.948620590755757134e-03,-1.779954350612094737e-03,2.703943367147788076e-04,0.000000000000000000e+00
0.000000000000000000e+00,0.000000000000000000e+00,-2.937449994325787902e-03,-1.847079833104346962e-03,2.394430555182811254e-04,0.000000000000000000e+00
0.000000000000000000e+00,0.000000000000000000e+00,-2.925803589249578208e-03,-1.709615384581874642e-03,2.990544692970039135e-04,0.000000000000000000e+00
0.000000000000000000e+00,0.000000000000000000e+00,-2.913681644626420382e-03,-1.676278797914316663e-03,2.629449024824918229e-04,0.000000000000000000e+00
0.000000000000000000e+00,0.000000000000000000e+00,0.000000000000000000e+00,-1.742244685231097989e-03,2.334251289873405522e-04,0.000000000000000000e+00
0.000000000000000000e+00,0.000000000000000000e+00,0.000000000000000000e+00,-1.708415992587197785e-03,1.966244508199675722e-04,0.000000000000000000e+00
0.000000000000000000e+00,0.000000000000000000e+00,0.000000000000000000e+00,-1.669558292193284998e-03,2.595539278442311748e-04,0.000000000000000000e+00
0.000000000000000000e+00,0.000000000000000000e+00,0.000000000000000000e+00,-1.735061544524851840e-03,2.268639744531057711e-04,0.000000000000000000e+00
0.000000000000000000e+00,0.000000000000000000e+00,0.000000000000000000e+00,-1.700404531012833509e-03,1.890961840844800068e-04,0.000000000000000000e+00
0.000000000000000000e+00,0.000000000000000000e+00,-2.835599993901065461e-03,-1.760741866525794824e-03,2.531874630386758023e-04,0.000000000000000000e+00
0.000000000000000000e+00,0.000000000000000000e+00,-2.820177771081197691e-03,-1.725473013875849192e-03,2.148510053602251558e-04,0.000000000000000000e+00
0.000000000000000000e+00,0.000000000000000000e+00,-2.704389886251783951e-03,-1.689935658772306068e-03,1.761017744274375558e-04,0.000000000000000000e+00
0.000000000000000000e+00,0.000000000000000000e+00,-2.688022524788596240e-03,-1.749287963794910394e-03,2.417244637696667044e-04,0.000000000000000000e+00
0.000000000000000000e+00,0.000000000000000000e+00,-2.671182349036421103e-03,-1.713190400352524638e-03,2.024282156185295352e-04,0.000000000000000000e+00
0.000000000000000000e+00,0.000000000000000000e+00,-2.653869627355981073e-03,-1.776711349226880749e-03,1.675719008904807440e-04,0.000000000000000000e+00
0.000000000000000000e+00,0.000000000000000000e+00,0.000000000000000000e+00,-1.734988049016394918e-03,2.298148139946026847e-04,0.000000000000000000e+00
0.000000000000000000e+00,0.000000000000000000e+00,0.000000000000000000e+00,-1.698121785484896229e-03,1.894927064938801975e-04,0.000000000000000000e+00
0.000000000000000000e+00,0.000000000000000000e+00,0.000000000000000000e+00,-1.760868473040355653e-03,1.538029784404169875e-04,0.000000000000000000e+00
0.000000000000000000e+00,0.000000000000000000e+00,0.000000000000000000e+00,-1.718488468369416822e-03,2.127256479790770594e-04,0.000000000000000000e+00
0.000000000000000000e+00,0.000000000000000000e+00,-2.565056583740916302e-03,-1.780728712213695223e-03,1.741483720664745269e-04,0.000000000000000000e+00
0.000000000000000000e+00,0.000000000000000000e+00,-2.544935495566729919e-03,-1.742725732321073447e-03,1.326261156684554457e-04,0.000000000000000000e+00
0.000000000000000000e+00,0.000000000000000000e+00,-2.524343768632632441e-03,-1.699543616026854718e-03,1.906526224679853899e-04,0.000000000000000000e+00
0.000000000000000000e+00,0.000000000000000000e+00,-2.503281670749500643e-03,-1.760865876920802162e-03,1.534102275164115367e-04,0.000000000000000000e+00
0.000000000000000000e+00,0.000000000000000000e+00,-2.481749469662778394e-03,-1.622171151692359354e-03,1.059702593868797358e-04,0.000000000000000000e+00
0.000000000000000000e+00,0.000000000000000000e+00,-2.359869087416863794e-03,-1.677987535056199575e-03,1.679064376635139386e-04,0.000000000000000000e+00
0.000000000000000000e+00,0.000000000000000000e+00,0.000000000000000000e+00,-1.638470983441830953e-03,1.266844643492519296e-04,0.000000000000000000e+00
0.000000000000000000e+00,0.000000000000000000e+00,0.000000000000000000e+00,-1.593760263647214792e-03,1.830253396975442537e-04,0.000000000000000000e+00
0.000000000000000000e+00,0.000000000000000000e+00,0.000000000000000000e+00,-1.653760159136763441e-03,1.444847377693563029e-04,0.000000000000000000e+00
0.000000000000000000e+00,0.000000000000000000e+00,0.000000000000000000e+00,-1.613637052981675701e-03,1.003166502875213473e-04,0.000000000000000000e+00
0.000000000000000000e+00,0.000000000000000000e+00,-2.347742925131584071e-03,-1.667941894418207074e-03,1.589260027156850878e-04,0.000000000000000000e+00
0.000000000000000000e+00,0.000000000000000000e+00,-2.322949075469237564e-03,-1.627223947781009615e-03,1.141954304344612402e-04,0.000000000000000000e+00
0.000000000000000000e+00,0.000000000000000000e+00,-2.297687292478472511e-03,-1.686110684689122452e-03,7.426250171794084888e-05,0.000000000000000000e+00
0.000000000000000000e+00,0.000000000000000000e+00,-2.271957843296479752e-03,-1.639723949155093112e-03,1.287638661638525835e-04,0.000000000000000000e+00
0.000000000000000000e+00,0.000000000000000000e+00,-2.145892242464364497e-03,-1.598197653463803453e-03,8.299137416213499643e-05,0.000000000000000000e+00
0.000000000000000000e+00,0.000000000000000000e+00,-2.119229734451488593e-03,-1.651094827301594938e-03,1.420235324723053891e-04,0.000000000000000000e+00
0.000000000000000000e+00,0.000000000000000000e+00,0.000000000000000000e+00,-1.608928198715831037e-03,9.738262780461387491e-05,0.000000000000000000e+00
0.000000000000000000e+00,0.000000000000000000e+00,0.000000000000000000e+00,-1.666516318767796712e-03,5.616185288166708478e-05,0.000000000000000000e+00
0.000000000000000000e+00,0.000000000000000000e+00,0.000000000000000000e+00,-1.618625735092638074e-03,1.089927264172931010e-04,0.000000000000000000e+00
0.000000000000000000e+00,0.000000000000000000e+00,0.000000000000000000e+00,-1.675675620141037214e-03,6.701645071606129878e-05,0.000000000000000000e+00
0.000000000000000000e+00,0.000000000000000000e+00,-2.084040849782565607e-03,-1.627166840373029614e-03,1.175144743012601460e-04,0.000000000000000000e+00
0.000000000000000000e+00,0.000000000000000000e+00,-2.054601565666742697e-03,-1.683627826475445413e-03,7.491446994690518341e-05,0.000000000000000000e+00
0.000000000000000000e+00,0.000000000000000000e+00,-2.024697046721502317e-03,-1.534781465227058736e-03,1.212073818312676472e-04,0.000000000000000000e+00
0.000000000000000000e+00,0.000000000000000000e+00,-1.994327559418947095e-03,-1.490851070610872903e-03,7.263444761536024647e-05,0.000000000000000000e+00
0.000000000000000000e+00,0.000000000000000000e+00,0.000000000000000000e+00,-1.546489859291511060e-03,3.063399893143969877e-05,0.000000000000000000e+00
0.000000000000000000e+00,0.000000000000000000e+00,0.000000000000000000e+00,-1.496594681371532509e-03,8.120998603593915233e-05,0.000000000000000000e+00
0.000000000000000000e+00,0.000000000000000000e+00,0.000000000000000000e+00,-1.551772472741186348e-03,3.712900511759417710e-05,0.000000000000000000e+00
0.000000000000000000e+00,0.000000000000000000e+00,0.000000000000000000e+00,-1.501303209028748142e-03,8.722145526652777536e-05,0.000000000000000000e+00
0.000000000000000000e+00,0.000000000000000000e+00,-1.940806289801001554e-03,-1.555838016039813067e-03,4.104646466800608519e-05,0.000000000000000000e+00
0.000000000000000000e+00,0.000000000000000000e+00,-1.907673128212648101e-03,-1.504842825475180557e-03,9.041915906079104411e-05,0.000000000000000000e+00
0.000000000000000000e+00,0.000000000000000000e+00,-1.874076883744728566e-03,-1.558911769907496978e-03,4.513511589372276730e-05,0.000000000000000000e+00
0.000000000000000000e+00,0.000000000000000000e+00,-1.840017822322030563e-03,-1.507343463803237100e-03,9.387364959034048936e-05,0.000000000000000000e+00
0.000000000000000000e+00,0.000000000000000000e+00,-1.805496209806367993e-03,-1.560883252171628519e-03,4.799899203460111004e-05,0.000000000000000000e+00
0.000000000000000000e+00,0.000000000000000000e+00,0.000000000000000000e+00,-1.508657388980205738e-03,9.743892546779098218e-05,0.000000000000000000e+00
0.000000000000000000e+00,0.000000000000000000e+00,0.000000000000000000e+00,-1.561711547495958641e-03,5.099301547790285882e-05,0.000000000000000000e+00
0.000000000000000000e+00,0.000000000000000000e+00,0.000000000000000000e+00,-1.414831899887780686e-03,-7.159656505356659650e-06,0.000000000000000000e+00
0.000000000000000000e+00,0.000000000000000000e+00,0.000000000000000000e+00,-1.461652617319564307e-03,4.576711303507646766e-05,0.000000000000000000e+00
0.000000000000000000e+00,0.000000000000000000e+00,-1.731442858747670550e-03,-1.413943648151563207e-03,-8.549277012883706590e-06,0.000000000000000000e+00
0.000000000000000000e+00,0.000000000000000000e+00,-1.694172258355748552e-03,-1.360394333501792168e-03,3.792964001246965951e-05,0.000000000000000000e+00
0.000000000000000000e+00,0.000000000000000000e+00,-1.656440987731938900e-03,-1.412102751178281185e-03,-1.003702602620991167e-05,0.000000000000000000e+00
0.000000000000000000e+00,0.000000000000000000e+00,-1.618249312197342837e-03,-1.357986854572639478e-03,3.580762164889852046e-05,0.000000000000000000e+00
0.000000000000000000e+00,0.000000000000000000e+00,0.000000000000000000e+00,-1.409182515583085049e-03,-1.163635576478458389e-05,0.000000000000000000e+00
0.000000000000000000e+00,0.000000000000000000e+00,0.000000000000000000e+00,-1.354466447995528178e-03,3.350430870112386383e-05,0.000000000000000000e+00
0.000000000000000000e+00,0.000000000000000000e+00,0.000000000000000000e+00,-1.405179258542110787e-03,-1.549141778723131524e-05,0.000000000000000000e+00
0.000000000000000000e+00,0.000000000000000000e+00,0.000000000000000000e+00,-1.349896911353898332e-03,2.901087528263401882e-05,0.000000000000000000e+00
0.000000000000000000e+00,0.000000000000000000e+00,-1.526050959954100084e-03,-1.399928648798448062e-03,-2.177119973893759064e-05,0.000000000000000000e+00
0.000000000000000000e+00,0.000000000000000000e+00,-1.485123333320735465e-03,-1.344124556548221931e-03,2.216344222757384643e-05,0.000000000000000000e+00
0.000000000000000000e+00,0.000000000000000000e+00,-1.543564905104882409e-03,-1.387857952032960432e-03,7.173747338850163760e-05,0.000000000000000000e+00
0.000000000000000000e+00,0.000000000000000000e+00,0.000000000000000000e+00,-1.337381669719417410e-03,1.621482295580470301e-05,0.000000000000000000e+00
0.000000000000000000e+00,0.000000000000000000e+00,0.000000000000000000e+00,-1.380512543046386043e-03,6.513463066144115077e-05,0.000000000000000000e+00
0.000000000000000000e+00,0.000000000000000000e+00,0.000000000000000000e+00,-1.329575004028415997e-03,7.908017983018766905e-06,0.000000000000000000e+00
0.000000000000000000e+00,0.000000000000000000e+00,0.000000000000000000e+00,-1.372152103000012779e-03,5.637230919131736018e-05,0.000000000000000000e+00
0.000000000000000000e+00,0.000000000000000000e+00,-1.435569857789600889e-03,-1.320571173645595500e-03,-2.432251481915663855e-06,0.000000000000000000e+00
0.000000000000000000e+00,0.000000000000000000e+00,-1.391457366334825996e-03,-1.362614775448089477e-03,4.530192211366730945e-05,0.000000000000000000e+00
0.000000000000000000e+00,0.000000000000000000e+00,-1.346888211633328345e-03,-1.310617766355647376e-03,-1.312474770091596080e-05,0.000000000000000000e+00
0.000000000000000000e+00,0.000000000000000000e+00,-1.301862657986738864e-03,-1.352105513110927592e-03,3.401944294004649220e-05,0.000000000000000000e+00
0.000000000000000000e+00,0.000000000000000000e+00,0.000000000000000000e+00,-1.399433936170701998e-03,-1.791546091295392884e-05,0.000000000000000000e+00
0.000000000000000000e+00,0.000000000000000000e+00,0.000000000000000000e+00,-1.340524164767709081e-03,2.245808468131355040e-05,0.000000000000000000e+00
0.000000000000000000e+00,0.000000000000000000e+00,0.000000000000000000e+00,-1.387358852288134159e-03,-3.108460724328757085e-05,0.000000000000000000e+00
0.000000000000000000e+00,0.000000000000000000e+00,-1.223169354305663013e-03,-1.327770900697567563e-03,7.851869526386448558e-06,0.000000000000000000e+00
0.000000000000000000e+00,0.000000000000000000e+00,-1.275696812106006783e-03,-1.367863833181839905e-03,5.359892992293314925e-05,0.000000000000000000e+00
0.000000000000000000e+00,0.000000000000000000e+00,-1.227957779430049589e-03,-1.314086927324252660e-03,-7.036659350820359917e-06,0.000000000000000000e+00
0.000000000000000000e+00,0.000000000000000000e+00,-1.179764208436608064e-03,-1.353621227159207191e-03,3.805432676086124670e-05,0.000000000000000000e+00
0.000000000000000000e+00,0.000000000000000000e+00,0.000000000000000000e+00,-1.299352265443642906e-03,-2.248067474549392264e-05,0.000000000000000000e+00
0.000000000000000000e+00,0.000000000000000000e+00,0.000000000000000000e+00,-1.338318965123486137e-03,2.214348177986824595e-05,0.000000000000000000e+00
0.000000000000000000e+00,0.000000000000000000e+00,0.000000000000000000e+00,-1.283572169801683316e-03,-3.982796628616142032e-05,0.000000000000000000e+00
0.000000000000000000e+00,0.000000000000000000e+00,-1.088575775882645504e-03,-1.321852838982519188e-03,3.363126391716032265e-06,0.000000000000000000e+00
0.000000000000000000e+00,0.000000000000000000e+00,-1.137933964352539273e-03,-1.260212247919913903e-03,4.068402139373578747e-05,0.000000000000000000e+00
0.000000000000000000e+00,0.000000000000000000e+00,-1.087038146314994215e-03,-1.304468600430364316e-03,-1.578747200528359597e-05,0.000000000000000000e+00
0.000000000000000000e+00,0.000000000000000000e+00,-1.035689646839845802e-03,-1.242274445425201957e-03,2.083277665459354569e-05,0.000000000000000000e+00
0.000000000000000000e+00,0.000000000000000000e+00,0.000000000000000000e+00,-1.286048706400921837e-03,-3.559530850718792272e-05,0.000000000000000000e+00
0.000000000000000000e+00,0.000000000000000000e+00,0.000000000000000000e+00,-1.323091014112542929e-03,6.969472609585913858e-06,0.000000000000000000e+00
0.000000000000000000e+00,0.000000000000000000e+00,0.000000000000000000e+00,-1.260050903151732626e-03,4.258025128281786587e-05,0.000000000000000000e+00
0.000000000000000000e+00,0.000000000000000000e+00,-1.031849339451053685e-03,-1.302952807338558436e-03,-1.589706979019579221e-05,0.000000000000000000e+00
0.000000000000000000e+00,0.000000000000000000e+00,-9.782608907278394703e-04,-1.139609239704901739e-03,1.259680806564382484e-05,0.000000000000000000e+00
0.000000000000000000e+00,0.000000000000000000e+00,-9.242213508576757304e-04,-1.182114526086101500e-03,-4.593879803118603453e-05,0.000000000000000000e+00
0.000000000000000000e+00,0.000000000000000000e+00,-8.697309827175972756e-04,-1.118014306355144451e-03,-1.156124120204114517e-05,0.000000000000000000e+00
0.000000000000000000e+00,0.000000000000000000e+00,0.000000000000000000e+00,-1.153408780047104898e-03,2.968194317227307311e-05,0.000000000000000000e+00
0.000000000000000000e+00,0.000000000000000000e+00,0.000000000000000000e+00,-1.195191483097768348e-03,-2.973829333411184828e-05,0.000000000000000000e+00
0.000000000000000000e+00,0.000000000000000000e+00,-9.097619026417376464e-04,-1.130152212936886159e-03,3.241664974931572786e-06,0.000000000000000000e+00
0.000000000000000000e+00,0.000000000000000000e+00,-8.534904204930779002e-04,-1.164728662337638802e-03,4.302706401044160040e-05,0.000000000000000000e+00
0.000000000000000000e+00,0.000000000000000000e+00,-7.967694346834302156e-04,-1.105963032688591589e-03,-2.395380833898828380e-05,0.000000000000000000e+00
0.000000000000000000e+00,0.000000000000000000e+00,0.000000000000000000e+00,-1.140003978803427742e-03,1.577770019909469079e-05,0.000000000000000000e+00
0.000000000000000000e+00,0.000000000000000000e+00,0.000000000000000000e+00,-1.073979125370660981e-03,4.787279219897397353e-05,0.000000000000000000e+00
0.000000000000000000e+00,0.000000000000000000e+00,0.000000000000000000e+00,-1.114268053263534064e-03,-1.330771170142408533e-05,0.000000000000000000e+00
0.000000000000000000e+00,0.000000000000000000e+00,0.000000000000000000e+00,-1.147486460238544836e-03,2.511086515980323619e-05,0.000000000000000000e+00
0.000000000000000000e+00,0.000000000000000000e+00,-7.127845866825332274e-04,-1.087396699651901541e-03,-4.388292611255244111e-05,0.000000000000000000e+00
0.000000000000000000e+00,0.000000000000000000e+00,-7.531576328198726338e-04,-1.120093652740105630e-03,-6.092585697553088809e-06,0.000000000000000000e+00
0.000000000000000000e+00,0.000000000000000000e+00,-6.933150161138817253e-04,-1.052741431499928503e-03,2.447519253002914947e-05,0.000000000000000000e+00
0.000000000000000000e+00,0.000000000000000000e+00,0.000000000000000000e+00,-1.091795464665867854e-03,-3.779442275543901109e-05,0.000000000000000000e+00
0.000000000000000000e+00,0.000000000000000000e+00,0.000000000000000000e+00,-1.123671905246093061e-03,-8.423273316106316688e-07,0.000000000000000000e+00
0.000000000000000000e+00,0.000000000000000000e+00,0.000000000000000000e+00,-1.055503292067050403e-03,2.872568425300175976e-05,0.000000000000000000e+00
0.000000000000000000e+00,0.000000000000000000e+00,-6.559587848450650202e-04,-1.093722179442246532e-03,-3.502042381812344569e-05,0.000000000000000000e+00
0.000000000000000000e+00,0.000000000000000000e+00,-5.939014630424094060e-04,-1.025040158770351749e-03,-6.038843463305037215e-06,0.000000000000000000e+00
0.000000000000000000e+00,0.000000000000000000e+00,0.000000000000000000e+00,-1.055832040890103407e-03,3.003298670558110506e-05,0.000000000000000000e+00
0.000000000000000000e+00,0.000000000000000000e+00,0.000000000000000000e+00,-1.086342146524477137e-03,6.541288943096718045e-05,0.000000000000000000e+00
0.000000000000000000e+00,0.000000000000000000e+00,0.000000000000000000e+00,-1.023948252170447937e-03,-6.250417689243614738e-06,0.000000000000000000e+00
0.000000000000000000e+00,0.000000000000000000e+00,-5.478099663949471520e-04,-1.053834106802040973e-03,2.825818949589137643e-05,0.000000000000000000e+00
0.000000000000000000e+00,0.000000000000000000e+00,-4.835445780417993531e-04,-9.838087812264902608e-04,5.565309538035483625e-05,0.000000000000000000e+00
0.000000000000000000e+00,0.000000000000000000e+00,-5.185787172216361476e-04,-1.020419217746411020e-03,-9.813007436882346788e-06,0.000000000000000000e+00
0.000000000000000000e+00,0.000000000000000000e+00,0.000000000000000000e+00,-1.049606210600462219e-03,2.436848074921504903e-05,0.000000000000000000e+00
0.000000000000000000e+00,0.000000000000000000e+00,0.000000000000000000e+00,-9.787825929762350441e-04,5.086821401743477078e-05,0.000000000000000000e+00
0.000000000000000000e+00,0.000000000000000000e+00,0.000000000000000000e+00,-1.014684082117578434e-03,-1.554206761920570723e-05,0.000000000000000000e+00
0.000000000000000000e+00,0.000000000000000000e+00,-4.620154043864923101e-04,-9.432502178877816799e-04,1.010463492196280598e-05,0.000000000000000000e+00
0.000000000000000000e+00,0.000000000000000000e+00,-3.951028644276680492e-04,-9.713732603125370272e-04,4.287015374296780721e-05,0.000000000000000000e+00
0.000000000000000000e+00,0.000000000000000000e+00,-4.274798016667863171e-04,-9.992289420935834918e-04,7.540314936693212199e-05,0.000000000000000000e+00
0.000000000000000000e+00,0.000000000000000000e+00,0.000000000000000000e+00,-9.344197055933811669e-04,6.991585144097700599e-07,0.000000000000000000e+00
0.000000000000000000e+00,0.000000000000000000e+00,0.000000000000000000e+00,-9.617524933724919123e-04,3.266273651791537502e-05,0.000000000000000000e+00
0.000000000000000000e+00,0.000000000000000000e+00,-3.298627628021581835e-04,-9.887223758162165099e-04,6.408596956263469416e-05,0.000000000000000000e+00
0.000000000000000000e+00,0.000000000000000000e+00,-3.604824732865527666e-04,-9.232159274339651455e-04,-1.167786482412903437e-05,0.000000000000000000e+00
0.000000000000000000e+00,0.000000000000000000e+00,-2.909321652543088118e-04,-9.497592733590256263e-04,1.934586440936258907e-05,0.000000000000000000e+00
0.000000000000000000e+00,0.000000000000000000e+00,0.000000000000000000e+00,-9.760306425616871451e-04,5.029231474611844943e-05,0.000000000000000000e+00
0.000000000000000000e+00,0.000000000000000000e+00,0.000000000000000000e+00,-9.023135314870645018e-04,7.321086087577755031e-05,0.000000000000000000e+00
0.000000000000000000e+00,0.000000000000000000e+00,0.000000000000000000e+00,-9.355872776692919501e-04,3.707869416502695969e-06,0.000000000000000000e+00
0.000000000000000000e+00,0.000000000000000000e+00,-3.150056248332268631e-04,-9.609892188836300633e-04,3.349815021089702839e-05,0.000000000000000000e+00
0.000000000000000000e+00,0.000000000000000000e+00,-2.432672459817171191e-04,-8.864989018390138356e-04,5.550850955251323892e-05,0.000000000000000000e+00
0.000000000000000000e+00,0.000000000000000000e+00,0.000000000000000000e+00,-9.114441010870111270e-04,8.495991822851309272e-05,0.000000000000000000e+00
0.000000000000000000e+00,0.000000000000000000e+00,0.000000000000000000e+00,-9.437705147821162655e-04,1.421991703989128331e-05,0.000000000000000000e+00
0.000000000000000000e+00,0.000000000000000000e+00,0.000000000000000000e+00,-8.685060416235845793e-04,3.533204856089391943e-05,0.000000000000000000e+00
0.000000000000000000e+00,0.000000000000000000e+00,-1.589989159247941371e-04,-8.925976915323246413e-04,6.364480301839161192e-05,0.000000000000000000e+00
0.000000000000000000e+00,0.000000000000000000e+00,-1.847846556148822193e-04,-9.165091827194439891e-04,9.181909426057533418e-05,0.000000000000000000e+00
0.000000000000000000e+00,0.000000000000000000e+00,0.000000000000000000e+00,-8.481906597185284724e-04,1.236230436935797927e-05,0.000000000000000000e+00
0.000000000000000000e+00,0.000000000000000000e+00,0.000000000000000000e+00,-8.715901477815979348e-04,3.987411162919771157e-05,0.000000000000000000e+00
0.000000000000000000e+00,0.000000000000000000e+00,0.000000000000000000e+00,-8.947276878453758187e-04,6.719103855680821913e-05,0.000000000000000000e+00
0.000000000000000000e+00,0.000000000000000000e+00,-9.191647245490257138e-05,-8.178223244961372674e-04,8.627637650265121167e-05,0.000000000000000000e+00
0.000000000000000000e+00,0.000000000000000000e+00,-1.155166090232581313e-04,-8.404291057989240511e-04,1.129882096863838532e-04,0.000000000000000000e+00
0.000000000000000000e+00,0.000000000000000000e+00,0.000000000000000000e+00,-8.706407656575709808e-04,3.978992116081964125e-05,0.000000000000000000e+00
0.000000000000000000e+00,0.000000000000000000e+00,0.000000000000000000e+00,-7.930528532926750529e-04,5.796391421455937554e-05,0.000000000000000000e+00
0.000000000000000000e+00,0.000000000000000000e+00,0.000000000000000000e+00,-8.148926124031952156e-04,8.381533289919529395e-05,0.000000000000000000e+00
0.000000000000000000e+00,0.000000000000000000e+00,-1.407454887823378379e-05,-8.363883362937529114e-04,1.092926495033003960e-04,0.000000000000000000e+00
0.000000000000000000e+00,0.000000000000000000e+00,-3.549524782327343641e-05,-7.659986131697698892e-04,2.691221620225970763e-05,0.000000000000000000e+00
0.000000000000000000e+00,0.000000000000000000e+00,0.000000000000000000e+00,-7.870747347560325125e-04,5.190332917948126124e-05,0.000000000000000000e+00
0.000000000000000000e+00,0.000000000000000000e+00,0.000000000000000000e+00,-8.078889227748353719e-04,7.651990695125079900e-05,0.000000000000000000e+00
0.000000000000000000e+00,0.000000000000000000e+00,-5.493180322600007397e-06,-8.283579735762059250e-04,1.009298788495586341e-04,0.000000000000000000e+00
0.000000000000000000e+00,0.000000000000000000e+00,-2.517857710439825092e-05,-7.489763653448909975e-04,1.169662800619335690e-04,0.000000000000000000e+00
0.000000000000000000e+00,0.000000000000000000e+00,5.524735915983935584e-05,-7.771164435485396985e-04,4.107306719796663077e-05,0.000000000000000000e+00
0.000000000000000000e+00,0.000000000000000000e+00,0.000000000000000000e+00,-7.969127515182750088e-04,6.459320158631182140e-05,0.000000000000000000e+00
0.000000000000000000e+00,0.000000000000000000e+00,0.000000000000000000e+00,-7.167764303901424938e-04,7.968487052757017297e-05,0.000000000000000000e+00
0.000000000000000000e+00,0.000000000000000000e+00,9.161451794252490905e-05,-7.359743320180837326e-04,1.025918910171947805e-04,0.000000000000000000e+00
0.000000000000000000e+00,0.000000000000000000e+00,7.409750939709449844e-05,-7.549863277304513093e-04,1.252536667081436371e-04,0.000000000000000000e+00
0.000000000000000000e+00,0.000000000000000000e+00,0.000000000000000000e+00,-7.737426572940186986e-04,1.476132091522246170e-04,0.000000000000000000e+00
0.000000000000000000e+00,0.000000000000000000e+00,0.000000000000000000e+00,-7.008548690997651320e-04,6.171032412671806355e-05,0.000000000000000000e+00
0.000000000000000000e+00,0.000000000000000000e+00,1.155296241988104894e-04,-7.190421318873523081e-04,8.354488994105631176e-05,0.000000000000000000e+00
0.000000000000000000e+00,0.000000000000000000e+00,9.973911869709643785e-05,-7.370451578246296417e-04,1.050534220132007642e-04,0.000000000000000000e+00
0.000000000000000000e+00,0.000000000000000000e+00,1.840373439303088609e-04,-6.551406747362167882e-04,1.178838784363230946e-04,0.000000000000000000e+00
0.000000000000000000e+00,0.000000000000000000e+00,0.000000000000000000e+00,-6.726401165001449911e-04,1.387447177112234586e-04,0.000000000000000000e+00
0.000000000000000000e+00,0.000000000000000000e+00,0.000000000000000000e+00,-6.898709291967008994e-04,1.593856752411769440e-04,0.000000000000000000e+00
0.000000000000000000e+00,0.000000000000000000e+00,1.321559635268349355e-04,-7.152071328545942267e-04,8.014174041003370289e-05,0.000000000000000000e+00
0.000000000000000000e+00,0.000000000000000000e+00,2.181666135063202070e-04,-6.323108560940311372e-04,9.170833937511555835e-05,0.000000000000000000e+00
0.000000000000000000e+00,0.000000000000000000e+00,0.000000000000000000e+00,-6.488107954373267816e-04,1.114059584271624714e-04,0.000000000000000000e+00
0.000000000000000000e+00,0.000000000000000000e+00,0.000000000000000000e+00,-6.650446056535308514e-04,1.308922799328586517e-04,0.000000000000000000e+00
0.000000000000000000e+00,0.000000000000000000e+00,1.713318540248747618e-04,-6.809407076340567074e-04,1.501474915878484419e-04,0.000000000000000000e+00
0.000000000000000000e+00,0.000000000000000000e+00,2.590508412306101634e-04,-5.970347120614451567e-04,1.604495575105134304e-04,0.000000000000000000e+00
0.000000000000000000e+00,0.000000000000000000e+00,0.000000000000000000e+00,-6.125233851660416562e-04,1.789840874054475506e-04,0.000000000000000000e+00
0.000000000000000000e+00,0.000000000000000000e+00,0.000000000000000000e+00,-6.363668037083769491e-04,9.768557548877135344e-05,0.000000000000000000e+00
0.000000000000000000e+00,0.000000000000000000e+00,2.172506338316799264e-04,-6.512776922989667620e-04,1.158015071375527075e-04,0.000000000000000000e+00
0.000000000000000000e+00,0.000000000000000000e+00,3.066738776403174992e-04,-5.663927192698253212e-04,1.248391014016714989e-04,0.000000000000000000e+00
0.000000000000000000e+00,0.000000000000000000e+00,0.000000000000000000e+00,-4.812743072973857394e-04,1.334991938128603228e-04,0.000000000000000000e+00
0.000000000000000000e+00,0.000000000000000000e+00,0.000000000000000000e+00,-4.955039305623021306e-04,1.506456636853649445e-04,0.000000000000000000e+00
0.000000000000000000e+00,0.000000000000000000e+00,0.000000000000000000e+00,-5.094811340058402749e-04,1.675116226185109636e-04,0.000000000000000000e+00
0.000000000000000000e+00,0.000000000000000000e+00,3.610196065657373288e-04,-4.235246917168290445e-04,1.753160207752340314e-04,0.000000000000000000e+00
0.000000000000000000e+00,0.000000000000000000e+00,3.529631636335905389e-04,-3.373876806264438505e-04,1.827509613578792594e-04,0.000000000000000000e+00
0.000000000000000000e+00,0.000000000000000000e+00,0.000000000000000000e+00,-3.594923357720380963e-04,9.904269433487489227e-05,0.000000000000000000e+00
0.000000000000000000e+00,0.000000000000000000e+00,0.000000000000000000e+00,-3.724939691678308407e-04,1.147233684009388299e-04,0.000000000000000000e+00
0.000000000000000000e+00,0.000000000000000000e+00,3.224705629151342046e-04,-3.851847263607699836e-04,1.301759806539920994e-04,0.000000000000000000e+00
0.000000000000000000e+00,0.000000000000000000e+00,4.157207267344923112e-04,-3.976863618287025388e-04,1.452736031777014875e-04,0.000000000000000000e+00
0.000000000000000000e+00,0.000000000000000000e+00,0.000000000000000000e+00,-3.103683112517519049e-04,1.510668652856539396e-04,0.000000000000000000e+00
0.000000000000000000e+00,0.000000000000000000e+00,0.000000000000000000e+00,-3.223709385714590425e-04,1.655920982175061729e-04,0.000000000000000000e+00
0.000000000000000000e+00,0.000000000000000000e+00,3.902237580930134207e-04,-3.340548530598327578e-04,1.798868859711440563e-04,0.000000000000000000e+00
0.000000000000000000e+00,0.000000000000000000e+00,0.000000000000000000e+00,-3.455942483494567341e-04,1.937841610414985094e-04,0.000000000000000000e+00
0.000000000000000000e+00,0.000000000000000000e+00,0.000000000000000000e+00,-3.568506710236452051e-04,2.074658426708467229e-04,0.000000000000000000e+00
0.000000000000000000e+00,0.000000000000000000e+00,4.680326819680735457e-04,-3.677879395958524107e-04,2.208955042610848520e-04,0.000000000000000000e+00
0.000000000000000000e+00,0.000000000000000000e+00,4.646517078874569384e-04,-2.789692704930372079e-04,2.248618806478333034e-04,0.000000000000000000e+00
0.000000000000000000e+00,0.000000000000000000e+00,0.000000000000000000e+00,-2.895367262979453571e-04,2.376038665964294583e-04,0.000000000000000000e+00
0.000000000000000000e+00,0.000000000000000000e+00,0.000000000000000000e+00,-3.089957011501720530e-04,1.505498109757343050e-04,0.000000000000000000e+00
0.000000000000000000e+00,0.000000000000000000e+00,4.478518138488906558e-04,-3.189791097335401221e-04,1.628530250934762818e-04,0.000000000000000000e+00
0.000000000000000000e+00,0.000000000000000000e+00,4.461691950810657255e-04,-3.287831859807657537e-04,1.748179736537507675e-04,0.000000000000000000e+00
0.000000000000000000e+00,0.000000000000000000e+00,0.000000000000000000e+00,-2.388137816858870721e-04,1.771467143262678290e-04,0.000000000000000000e+00
0.000000000000000000e+00,0.000000000000000000e+00,0.000000000000000000e+00,-2.481472545964313881e-04,1.884913781757813211e-04,0.000000000000000000e+00
0.000000000000000000e+00,0.000000000000000000e+00,5.339013918815984977e-04,-2.571403426196113332e-04,1.996316702662135440e-04,0.000000000000000000e+00
0.000000000000000000e+00,0.000000000000000000e+00,5.339096832085506606e-04,-2.659665031245168421e-04,2.104411427750933295e-04,0.000000000000000000e+00
0.000000000000000000e+00,0.000000000000000000e+00,0.000000000000000000e+00,-2.746083414341127238e-04,2.208962304452097292e-04,0.000000000000000000e+00
0.000000000000000000e+00,0.000000000000000000e+00,0.000000000000000000e+00,-2.829510463682183286e-04,2.311412805992701935e-04,0.000000000000000000e+00
0.000000000000000000e+00,0.000000000000000000e+00,5.270316244645738713e-04,-2.909564024963821817e-04,2.411606818424679051e-04,0.000000000000000000e+00
0.000000000000000000e+00,0.000000000000000000e+00,0.000000000000000000e+00,-1.993270463118701485e-04,2.412859760117236352e-04,0.000000000000000000e+00
0.000000000000000000e+00,0.000000000000000000e+00,0.000000000000000000e+00,-2.069424295965127669e-04,2.506568344268315929e-04,0.000000000000000000e+00
0.000000000000000000e+00,0.000000000000000000e+00,5.238427492346611324e-04,-2.142246516371690572e-04,2.597788542638213623e-04,0.000000000000000000e+00
0.000000000000000000e+00,0.000000000000000000e+00,5.268002029059952939e-04,-2.213542967919472420e-04,2.685887754926789134e-04,0.000000000000000000e+00
0.000000000000000000e+00,0.000000000000000000e+00,0.000000000000000000e+00,-2.283168991474848752e-04,2.770569976980573335e-04,0.000000000000000000e+00
0.000000000000000000e+00,0.000000000000000000e+00,0.000000000000000000e+00,-2.349686868708955600e-04,2.853023194938873741e-04,0.000000000000000000e+00
0.000000000000000000e+00,0.000000000000000000e+00,6.280800885006690773e-04,-2.412887118931735452e-04,2.932884747552189173e-04,0.000000000000000000e+00
0.000000000000000000e+00,0.000000000000000000e+00,6.327180486920301128e-04,-2.474584448660377672e-04,3.009723895602007659e-04,0.000000000000000000e+00
0.000000000000000000e+00,0.000000000000000000e+00,0.000000000000000000e+00,-1.539576207344461878e-04,2.985842294482357606e-04,0.000000000000000000e+00
0.000000000000000000e+00,0.000000000000000000e+00,6.334954526302803484e-04,-1.595374522182429827e-04,3.056947761598759173e-04,0.000000000000000000e+00
0.000000000000000000e+00,0.000000000000000000e+00,6.393867503030831526e-04,-1.649912130255789134e-04,3.125039144863760556e-04,0.000000000000000000e+00
0.000000000000000000e+00,0.000000000000000000e+00,0.000000000000000000e+00,-1.703103147999707190e-04,3.189767500437375169e-04,0.000000000000000000e+00
0.000000000000000000e+00,0.000000000000000000e+00,0.000000000000000000e+00,-1.752922953837110498e-04,3.252210034587928178e-04,0.000000000000000000e+00
0.000000000000000000e+00,0.000000000000000000e+00,6.497205801172117618e-04,-1.799086872636248343e-04,3.312111663588155415e-04,0.000000000000000000e+00
0.000000000000000000e+00,0.000000000000000000e+00,0.000000000000000000e+00,-1.845244930043232756e-04,3.368336502418273204e-04,0.000000000000000000e+00
0.000000000000000000e+00,0.000000000000000000e+00,0.000000000000000000e+00,-1.887967205398410897e-04,3.422331915245713230e-04,0.000000000000000000e+00
0.000000000000000000e+00,0.000000000000000000e+00,6.637129993507072260e-04,-1.926954473854511113e-04,3.473826236906227770e-04,0.000000000000000000e+00
0.000000000000000000e+00,0.000000000000000000e+00,6.725306380120610024e-04,-1.964933003810980102e-04,3.522209494130030616e-04,0.000000000000000000e+00
0.000000000000000000e+00,0.000000000000000000e+00,0.000000000000000000e+00,-1.006779739372021254e-04,3.466995767780374493e-04,0.000000000000000000e+00
0.000000000000000000e+00,0.000000000000000000e+00,6.813574815953565324e-04,-1.038764395732018868e-04,3.509443510694522698e-04,0.000000000000000000e+00
0.000000000000000000e+00,0.000000000000000000e+00,6.914214850242895094e-04,-1.069708744561486058e-04,3.549072906717568553e-04,0.000000000000000000e+00
0.000000000000000000e+00,0.000000000000000000e+00,0.000000000000000000e+00,-1.099575986307499420e-04,3.585500999434623748e-04,0.000000000000000000e+00
0.000000000000000000e+00,0.000000000000000000e+00,0.000000000000000000e+00,-1.125885037704943414e-04,3.619483637345294325e-04,0.000000000000000000e+00
0.000000000000000000e+00,0.000000000000000000e+00,7.139557898296472731e-04,-1.148412177025057558e-04,3.650709256937191062e-04,0.000000000000000000e+00
0.000000000000000000e+00,0.000000000000000000e+00,0.000000000000000000e+00,-1.171371174105706459e-04,3.678647179573765746e-04,0.000000000000000000e+00
0.000000000000000000e+00,0.000000000000000000e+00,0.000000000000000000e+00,-1.190707987120953604e-04,3.704179276128073683e-04,0.000000000000000000e+00
0.000000000000000000e+00,0.000000000000000000e+00,7.401270544397163358e-04,-1.206192303214168238e-04,3.726983398290991886e-04,0.000000000000000000e+00
0.000000000000000000e+00,0.000000000000000000e+00,7.531012622133355155e-04,-1.220869548140283891e-04,3.746894113042462397e-04,0.000000000000000000e+00
0.000000000000000000e+00,0.000000000000000000e+00,0.000000000000000000e+00,-1.234320819253342805e-04,3.763676374040937633e-04,0.000000000000000000e+00
0.000000000000000000e+00,0.000000000000000000e+00,6.704691891690078582e-04,-1.242989552757201618e-04,3.777995593006879633e-04,0.000000000000000000e+00
0.000000000000000000e+00,0.000000000000000000e+00,0.000000000000000000e+00,-1.252054411798875222e-04,3.789025332195591900e-04,0.000000000000000000e+00
0.000000000000000000e+00,0.000000000000000000e+00,0.000000000000000000e+00,-1.257558510455725198e-04,3.797654660795748982e-04,0.000000000000000000e+00
0.000000000000000000e+00,0.000000000000000000e+00,7.039044161429619832e-04,-1.259268608202927873e-04,3.803544785143878472e-04,0.000000000000000000e+00
0.000000000000000000e+00,0.000000000000000000e+00,7.193596933047522943e-04,-1.260165281205345895e-04,3.806548431369002677e-04,0.000000000000000000e+00
0.000000000000000000e+00,0.000000000000000000e+00,0.000000000000000000e+00,-2.656793126398770966e-05,3.701270550026565520e-04,0.000000000000000000e+00
0.000000000000000000e+00,0.000000000000000000e+00,7.409573202972144111e-04,-2.606111260068444941e-05,3.698060026699978250e-04,0.000000000000000000e+00
0.000000000000000000e+00,0.000000000000000000e+00,7.576479239180401292e-04,-2.546756370926808537e-05,3.692299731806747160e-04,0.000000000000000000e+00
0.000000000000000000e+00,0.000000000000000000e+00,0.000000000000000000e+00,-2.478975721675880095e-05,3.683624320379511041e-04,0.000000000000000000e+00
0.000000000000000000e+00,0.000000000000000000e+00,7.816214527652129386e-04,-2.359571865388877208e-05,3.671957140949087578e-04,0.000000000000000000e+00
0.000000000000000000e+00,0.000000000000000000e+00,7.995453119626163598e-04,-2.232264801655863692e-05,3.657739509676394426e-04,0.000000000000000000e+00
0.000000000000000000e+00,0.000000000000000000e+00,0.000000000000000000e+00,-2.093677000825078238e-05,3.640676145290761001e-04,0.000000000000000000e+00
0.000000000000000000e+00,0.000000000000000000e+00,7.264702718131155288e-04,-1.907813856257373040e-05,3.620533536034705444e-04,0.000000000000000000e+00
0.000000000000000000e+00,0.000000000000000000e+00,7.456297392492227489e-04,-1.712942882659768340e-05,3.597856365272552735e-04,0.000000000000000000e+00
0.000000000000000000e+00,0.000000000000000000e+00,0.000000000000000000e+00,-1.509293235646413933e-05,3.572300941526163065e-04,0.000000000000000000e+00
0.000000000000000000e+00,0.000000000000000000e+00,7.743476129912897719e-04,-1.255586400681384071e-05,3.543688045189299159e-04,0.000000000000000000e+00
0.000000000000000000e+00,-5.000012718089424994e-05,7.947362517432420177e-04,-9.935247078552352797e-06,3.512550902934988848e-04,2.507080942388807178e-10
0.000000000000000000e+00,0.000000000000000000e+00,0.000000000000000000e+00,-7.233251838045795523e-06,3.478563136741288919e-04,0.000000000000000000e+00
0.000000000000000000e+00,0.000000000000000000e+00,8.258170483278603341e-04,6.918564170680560870e-06,4.435425391576364000e-04,0.000000000000000000e+00
0.000000000000000000e+00,0.000000000000000000e+00,0.000000000000000000e+00,1.009591468537074377e-05,4.395906757134124265e-04,0.000000000000000000e+00
0.000000000000000000e+00,0.000000000000000000e+00,0.000000000000000000e+00,1.363433877221709167e-05,4.353497866076208589e-04,0.000000000000000000e+00
0.000000000000000000e+00,0.000000000000000000e+00,7.814833808528312857e-04,1.756579852376718512e-05,4.307769930494857518e-04,0.000000000000000000e+00
0.000000000000000000e+00,0.000000000000000000e+00,0.000000000000000000e+00,2.137847183270036311e-05,4.259791890022096572e-04,0.000000000000000000e+00
0.000000000000000000e+00,0.000000000000000000e+00,0.000000000000000000e+00,-7.380964171976867050e-05,4.319524739946067893e-04,0.000000000000000000e+00
0.000000000000000000e+00,0.000000000000000000e+00,8.401282950562466781e-04,-6.919644220320659417e-05,4.266011386070248687e-04,0.000000000000000000e+00
0.000000000000000000e+00,0.000000000000000000e+00,0.000000000000000000e+00,3.468745255941207972e-05,4.098326891519774029e-04,0.000000000000000000e+00
0.000000000000000000e+00,0.000000000000000000e+00,0.000000000000000000e+00,3.954857181132087618e-05,4.038995791430105564e-04,0.000000000000000000e+00
0.000000000000000000e+00,0.000000000000000000e+00,8.029793327634376790e-04,1.441541216418494684e-04,3.863964479452986433e-04,0.000000000000000000e+00
0.000000000000000000e+00,0.000000000000000000e+00,0.000000000000000000e+00,1.492976433840054185e-04,3.799273978238246197e-04,0.000000000000000000e+00
0.000000000000000000e+00,0.000000000000000000e+00,8.426782258420319497e-04,1.549607694638223778e-04,3.730142661474527264e-04,0.000000000000000000e+00
0.000000000000000000e+00,0.000000000000000000e+00,8.687747944094583548e-04,1.720202703344700834e-04,4.652742116946929213e-04,0.000000000000000000e+00
0.000000000000000000e+00,0.000000000000000000e+00,0.000000000000000000e+00,1.778478543347228324e-04,4.579635561362677132e-04,0.000000000000000000e+00
0.000000000000000000e+00,0.000000000000000000e+00,8.114673249199557022e-04,2.835615140156159779e-04,4.387959890722300583e-04,0.000000000000000000e+00
0.000000000000000000e+00,0.000000000000000000e+00,8.387862516625216617e-04,2.899790609303702291e-04,4.308221407599469141e-04,0.000000000000000000e+00
0.000000000000000000e+00,0.000000000000000000e+00,0.000000000000000000e+00,2.964296606314809068e-04,4.226941663459035659e-04,0.000000000000000000e+00
0.000000000000000000e+00,0.000000000000000000e+00,7.838354170695339442e-04,3.034585064607761974e-04,4.139734676701432685e-04,0.000000000000000000e+00
0.000000000000000000e+00,0.000000000000000000e+00,0.000000000000000000e+00,3.103576462759605192e-04,4.052782567688026361e-04,0.000000000000000000e+00
0.000000000000000000e+00,0.000000000000000000e+00,0.000000000000000000e+00,3.176342618474992108e-04,3.961818510098830126e-04,0.000000000000000000e+00
0.000000000000000000e+00,0.000000000000000000e+00,8.591021401356886862e-04,3.252639722432735798e-04,3.866212813334678850e-04,0.000000000000000000e+00
0.000000000000000000e+00,0.000000000000000000e+00,0.000000000000000000e+00,2.450428428822926108e-04,4.880007443522418886e-04,0.000000000000000000e+00
0.000000000000000000e+00,0.000000000000000000e+00,8.080431656910453449e-04,3.525310896622301177e-04,4.662658252677457380e-04,0.000000000000000000e+00
0.000000000000000000e+00,0.000000000000000000e+00,8.385984936737900762e-04,3.606947068721213828e-04,4.560321300509330086e-04,0.000000000000000000e+00
0.000000000000000000e+00,0.000000000000000000e+00,0.000000000000000000e+00,3.688774095015334709e-04,4.456760606893900301e-04,0.000000000000000000e+00
0.000000000000000000e+00,0.000000000000000000e+00,8.891924205525299956e-04,3.776250630256002862e-04,4.346709875293250347e-04,0.000000000000000000e+00
0.000000000000000000e+00,0.000000000000000000e+00,0.000000000000000000e+00,3.862765347016905437e-04,4.237343887333946957e-04,0.000000000000000000e+00
0.000000000000000000e+00,0.000000000000000000e+00,8.420140071070716372e-04,3.954248421385968271e-04,4.121679106908967844e-04,0.000000000000000000e+00
0.000000000000000000e+00,0.000000000000000000e+00,8.745797682143029378e-04,4.164895572148737731e-04,4.998164356381033227e-04,0.000000000000000000e+00
0.000000000000000000e+00,0.000000000000000000e+00,0.000000000000000000e+00,4.257852705339404409e-04,4.880437392277836572e-04,0.000000000000000000e+00
0.000000000000000000e+00,0.000000000000000000e+00,8.297407471973419031e-04,3.363304956382775720e-04,4.875200665659708017e-04,0.000000000000000000e+00
0.000000000000000000e+00,0.000000000000000000e+00,0.000000000000000000e+00,3.460079640134061663e-04,4.752063998323327598e-04,0.000000000000000000e+00
0.000000000000000000e+00,0.000000000000000000e+00,0.000000000000000000e+00,4.553876774616716361e-04,4.505407911253173081e-04,0.000000000000000000e+00
0.000000000000000000e+00,0.000000000000000000e+00,8.210149199419394762e-04,4.658744850320702450e-04,4.372115078120905672e-04,0.000000000000000000e+00
0.000000000000000000e+00,0.000000000000000000e+00,0.000000000000000000e+00,4.762010306444963703e-04,4.240721231654198675e-04,0.000000000000000000e+00
0.000000000000000000e+00,0.000000000000000000e+00,8.793137679947443533e-04,4.991265015548470435e-04,5.094630548162112872e-04,0.000000000000000000e+00
0.000000000000000000e+00,0.000000000000000000e+00,0.000000000000000000e+00,5.099097459142498678e-04,4.957434276366412540e-04,0.000000000000000000e+00
0.000000000000000000e+00,0.000000000000000000e+00,0.000000000000000000e+00,4.217983584382523077e-04,4.936652853129858132e-04,0.000000000000000000e+00
0.000000000000000000e+00,0.000000000000000000e+00,8.764456845451378073e-04,4.333372819992421560e-04,4.789919394386055835e-04,0.000000000000000000e+00
0.000000000000000000e+00,0.000000000000000000e+00,0.000000000000000000e+00,5.440108090943862607e-04,4.522613450754220388e-04,0.000000000000000000e+00
0.000000000000000000e+00,0.000000000000000000e+00,8.393287365442785551e-04,5.559218009075402858e-04,4.369520983424143986e-04,0.000000000000000000e+00
0.000000000000000000e+00,0.000000000000000000e+00,0.000000000000000000e+00,5.799507082925314805e-04,5.211282973977757194e-04,0.000000000000000000e+00
0.000000000000000000e+00,0.000000000000000000e+00,8.037405372623809049e-04,4.931418511082112524e-04,5.175005500552331888e-04,0.000000000000000000e+00
0.000000000000000000e+00,0.000000000000000000e+00,8.423148884568630243e-04,5.055661368483756668e-04,5.016435997313111296e-04,0.000000000000000000e+00
0.000000000000000000e+00,0.000000000000000000e+00,0.000000000000000000e+00,5.179808804767205288e-04,4.857316553354903976e-04,0.000000000000000000e+00
0.000000000000000000e+00,0.000000000000000000e+00,8.090465454292694635e-04,5.310077107722681973e-04,4.690094838194123171e-04,0.000000000000000000e+00
0.000000000000000000e+00,0.000000000000000000e+00,0.000000000000000000e+00,5.438500808788715446e-04,4.525341986811939887e-04,0.000000000000000000e+00
0.000000000000000000e+00,0.000000000000000000e+00,8.765208317700708867e-04,5.697005864219177769e-04,5.344817786276936326e-04,0.000000000000000000e+00
0.000000000000000000e+00,0.000000000000000000e+00,0.000000000000000000e+00,5.829929124362420723e-04,5.174262122189660085e-04,0.000000000000000000e+00
0.000000000000000000e+00,0.000000000000000000e+00,0.000000000000000000e+00,5.966624953870347525e-04,4.998882427970502418e-04,0.000000000000000000e+00
0.000000000000000000e+00,0.000000000000000000e+00,8.876450528566888097e-04,6.106941365972863838e-04,4.817411600012964945e-04,0.000000000000000000e+00
0.000000000000000000e+00,0.000000000000000000e+00,0.000000000000000000e+00,6.246071083962911885e-04,4.638542985163085497e-04,0.000000000000000000e+00
0.000000000000000000e+00,0.000000000000000000e+00,8.597264191097036493e-04,5.524621109591122160e-04,5.569786510294606665e-04,0.000000000000000000e+00
0.000000000000000000e+00,0.000000000000000000e+00,0.000000000000000000e+00,6.659863230280560487e-04,5.258896122059750211e-04,0.000000000000000000e+00
0.000000000000000000e+00,0.000000000000000000e+00,8.333261492873871501e-04,6.808389259465341984e-04,5.065956885870504271e-04,0.000000000000000000e+00
0.000000000000000000e+00,0.000000000000000000e+00,8.766661475558648912e-04,6.957430006440931463e-04,4.873419973310788556e-04,0.000000000000000000e+00
0.000000000000000000e+00,0.000000000000000000e+00,0.000000000000000000e+00,7.106865796812078528e-04,4.680672705179508841e-04,0.000000000000000000e+00
0.000000000000000000e+00,0.000000000000000000e+00,8.525702497904141331e-04,7.389235673692503767e-04,5.470790517016071997e-04,0.000000000000000000e+00
0.000000000000000000e+00,0.000000000000000000e+00,0.000000000000000000e+00,7.542798989949028865e-04,5.272453932100365503e-04,0.000000000000000000e+00
0.000000000000000000e+00,0.000000000000000000e+00,8.299884540006261923e-04,7.701453076089864258e-04,5.065006355840218338e-04,0.000000000000000000e+00
0.000000000000000000e+00,0.000000000000000000e+00,0.000000000000000000e+00,6.866868629256117629e-04,4.990441886188676235e-04,0.000000000000000000e+00
0.000000000000000000e+00,0.000000000000000000e+00,8.089190573860780518e-04,8.021480161627985621e-04,4.647910656417788395e-04,0.000000000000000000e+00
0.000000000000000000e+00,0.000000000000000000e+00,0.000000000000000000e+00,8.312142182493875708e-04,5.430639635147643807e-04,0.000000000000000000e+00
0.000000000000000000e+00,0.000000000000000000e+00,7.893603602868592842e-04,8.479471420686656878e-04,5.210951036319578979e-04,0.000000000000000000e+00
0.000000000000000000e+00,0.000000000000000000e+00,8.362518750204971270e-04,8.646852612654528682e-04,4.992912164924910492e-04,0.000000000000000000e+00
0.000000000000000000e+00,0.000000000000000000e+00,0.000000000000000000e+00,8.814669089780569067e-04,4.775117632133812906e-04,0.000000000000000000e+00
0.000000000000000000e+00,0.000000000000000000e+00,8.189861155408327152e-04,9.978307259285426525e-04,4.416218006312140555e-04,0.000000000000000000e+00
0.000000000000000000e+00,0.000000000000000000e+00,0.000000000000000000e+00,9.289396558975759888e-04,5.316250043646553181e-04,0.000000000000000000e+00
0.000000000000000000e+00,0.000000000000000000e+00,8.032268273691597123e-04,1.045789654707427905e-03,4.949969094389746914e-04,0.000000000000000000e+00
0.000000000000000000e+00,0.000000000000000000e+00,0.000000000000000000e+00,1.063327129747659860e-03,4.721959145786366885e-04,0.000000000000000000e+00
0.000000000000000000e+00,0.000000000000000000e+00,7.889723215364199743e-04,1.081392585239966328e-03,4.481056160467416344e-04,0.000000000000000000e+00
0.000000000000000000e+00,0.000000000000000000e+00,0.000000000000000000e+00,1.013466883472258218e-03,5.371156015397671180e-04,0.000000000000000000e+00
0.000000000000000000e+00,0.000000000000000000e+00,7.762209121717118538e-04,1.031980057755377787e-03,5.125157509238688304e-04,0.000000000000000000e+00
0.000000000000000000e+00,0.000000000000000000e+00,0.000000000000000000e+00,1.050315317222105804e-03,4.885940189382556587e-04,0.000000000000000000e+00
0.000000000000000000e+00,0.000000000000000000e+00,7.649709164927431500e-04,9.700856375735139288e-04,4.768179909374010224e-04,0.000000000000000000e+00
0.000000000000000000e+00,0.000000000000000000e+00,0.000000000000000000e+00,1.101308835951719800e-03,5.380411240671692519e-04,0.000000000000000000e+00
0.000000000000000000e+00,0.000000000000000000e+00,7.552206547966913925e-04,1.120602033652218221e-03,5.122773199859197071e-04,0.000000000000000000e+00
0.000000000000000000e+00,0.000000000000000000e+00,8.072062442051490322e-04,1.040845879772574114e-03,5.002868435279001586e-04,0.000000000000000000e+00
0.000000000000000000e+00,0.000000000000000000e+00,0.000000000000000000e+00,1.159312046041915956e-03,4.614018511057832450e-04,0.000000000000000000e+00
0.000000000000000000e+00,0.000000000000000000e+00,7.997325528747521034e-04,1.093575813138534863e-03,5.474940189968137113e-04,0.000000000000000000e+00
0.000000000000000000e+00,0.000000000000000000e+00,0.000000000000000000e+00,1.212427580419617179e-03,5.079859252219501298e-04,0.000000000000000000e+00
0.000000000000000000e+00,0.000000000000000000e+00,7.937544154701680656e-04,1.232614989479534698e-03,4.808450465294300839e-04,0.000000000000000000e+00
0.000000000000000000e+00,0.000000000000000000e+00,0.000000000000000000e+00,1.153715654945597358e-03,4.679884704560932640e-04,0.000000000000000000e+00
0.000000000000000000e+00,0.000000000000000000e+00,7.892701627636598740e-04,1.187975016162739518e-03,5.393969332506809823e-04,0.000000000000000000e+00
0.000000000000000000e+00,0.000000000000000000e+00,0.000000000000000000e+00,1.208532696191033651e-03,5.123494604634404315e-04,0.000000000000000000e+00
0.000000000000000000e+00,0.000000000000000000e+00,7.862781285635632878e-04,1.130453070959401346e-03,4.978913491735157109e-04,0.000000000000000000e+00
0.000000000000000000e+00,0.000000000000000000e+00,0.000000000000000000e+00,1.250445135529187901e-03,4.565088725019747495e-04,0.000000000000000000e+00
0.000000000000000000e+00,0.000000000000000000e+00,7.847766497048213512e-04,1.285602830198833780e-03,5.267298580775175466e-04,0.000000000000000000e+00
0.000000000000000000e+00,0.000000000000000000e+00,0.000000000000000000e+00,1.405979409138446989e-03,4.847266874323519215e-04,0.000000000000000000e+00
0.000000000000000000e+00,0.000000000000000000e+00,7.847640660394500280e-04,1.526708198966466017e-03,4.413322780612209759e-04,0.000000000000000000e+00
0.000000000000000000e+00,0.000000000000000000e+00,0.000000000000000000e+00,1.463331958000080313e-03,5.255728897178499337e-04,0.000000000000000000e+00
0.000000000000000000e+00,0.000000000000000000e+00,7.862387204263624222e-04,1.485445169579703096e-03,4.955028812677902831e-04,0.000000000000000000e+00
0.000000000000000000e+00,0.000000000000000000e+00,0.000000000000000000e+00,1.507559227899135657e-03,4.662474674245881134e-04,0.000000000000000000e+00
0.000000000000000000e+00,0.000000000000000000e+00,6.901937676510033889e-04,1.629058738386990075e-03,4.214632447066816892e-04,0.000000000000000000e+00
0.000000000000000000e+00,0.000000000000000000e+00,0.000000000000000000e+00,1.665577669424211926e-03,4.907404122213021580e-04,0.000000000000000000e+00
0.000000000000000000e+00,0.000000000000000000e+00,6.946479380280157819e-04,1.787460337865040463e-03,4.452117286710324112e-04,0.000000000000000000e+00
0.000000000000000000e+00,0.000000000000000000e+00,0.000000000000000000e+00,1.711303737967573291e-03,4.290717193794202355e-04,0.000000000000000000e+00
0.000000000000000000e+00,0.000000000000000000e+00,7.005844733994915632e-04,1.847712668304008106e-03,4.818708083931000385e-04,0.000000000000000000e+00
0.000000000000000000e+00,0.000000000000000000e+00,0.000000000000000000e+00,1.771943893724925445e-03,4.652613877731137659e-04,0.000000000000000000e+00
0.000000000000000000e+00,0.000000000000000000e+00,7.080017287281795656e-04,1.894542379250818828e-03,4.184012234099149653e-04,0.000000000000000000e+00
0.000000000000000000e+00,0.000000000000000000e+00,0.000000000000000000e+00,1.833510279348526950e-03,5.001250975322710235e-04,0.000000000000000000e+00
0.000000000000000000e+00,0.000000000000000000e+00,7.168980619344345702e-04,1.857460777658489050e-03,4.671083091075188651e-04,0.000000000000000000e+00
0.000000000000000000e+00,0.000000000000000000e+00,0.000000000000000000e+00,1.782532379853374316e-03,4.493858699481309560e-04,0.000000000000000000e+00
0.000000000000000000e+00,0.000000000000000000e+00,7.272718338868479565e-04,1.920199554035355825e-03,5.003864548998558648e-04,0.000000000000000000e+00
0.000000000000000000e+00,0.000000000000000000e+00,6.763053557927032255e-04,1.845645167984979367e-03,4.814965300227792865e-04,0.000000000000000000e+00
0.000000000000000000e+00,0.000000000000000000e+00,0.000000000000000000e+00,1.870254738481014201e-03,4.485650681603572942e-04,0.000000000000000000e+00
0.000000000000000000e+00,0.000000000000000000e+00,6.888620506865960258e-04,1.909618660623009067e-03,5.131160859757577476e-04,0.000000000000000000e+00
0.000000000000000000e+00,0.000000000000000000e+00,0.000000000000000000e+00,1.934602882729841156e-03,4.796465809337735475e-04,0.000000000000000000e+00
0.000000000000000000e+00,0.000000000000000000e+00,6.039637201918849740e-04,1.959884585414337077e-03,4.445661356898652941e-04,0.000000000000000000e+00
0.000000000000000000e+00,0.000000000000000000e+00,0.000000000000000000e+00,2.098715544169182934e-03,4.949764196662889693e-04,0.000000000000000000e+00
0.000000000000000000e+00,0.000000000000000000e+00,6.194761026869082280e-04,2.025459725118061369e-03,4.738846365202665535e-04,0.000000000000000000e+00
0.000000000000000000e+00,0.000000000000000000e+00,0.000000000000000000e+00,2.051129214518221389e-03,4.394346067998419758e-04,0.000000000000000000e+00
0.000000000000000000e+00,0.000000000000000000e+00,6.364586634759938823e-04,1.992959171234319569e-03,5.167901558614918347e-04,0.000000000000000000e+00
0.000000000000000000e+00,0.000000000000000000e+00,0.000000000000000000e+00,2.019067802632945607e-03,4.816185807121828311e-04,0.000000000000000000e+00
0.000000000000000000e+00,0.000000000000000000e+00,6.549097798574426890e-04,2.144283016967018368e-03,4.301629735251874314e-04,0.000000000000000000e+00
0.000000000000000000e+00,0.000000000000000000e+00,0.000000000000000000e+00,2.086676748298654793e-03,5.081673095086863823e-04,0.000000000000000000e+00
0.000000000000000000e+00,0.000000000000000000e+00,0.000000000000000000e+00,2.212189618984394812e-03,4.565623008514069214e-04,0.000000000000000000e+00
0.000000000000000000e+00,0.000000000000000000e+00,6.284307338100595091e-04,2.140147447096499376e-03,4.339270984331704360e-04,0.000000000000000000e+00
0.000000000000000000e+00,0.000000000000000000e+00,0.000000000000000000e+00,2.182101509874967427e-03,4.962435599894787774e-04,0.000000000000000000e+00
0.000000000000000000e+00,0.000000000000000000e+00,5.516468898509497990e-04,2.209385704752779914e-03,4.580304603559537196e-04,0.000000000000000000e+00
0.000000000000000000e+00,0.000000000000000000e+00,0.000000000000000000e+00,2.137848496543748311e-03,4.360432204432163061e-04,0.000000000000000000e+00
0.000000000000000000e+00,0.000000000000000000e+00,5.752061074471461052e-04,2.279384456003488192e-03,4.810781828911449547e-04,0.000000000000000000e+00
0.000000000000000000e+00,0.000000000000000000e+00,0.000000000000000000e+00,2.208295713362562473e-03,4.584299405523892257e-04,0.000000000000000000e+00
0.000000000000000000e+00,0.000000000000000000e+00,6.002266956011375991e-04,2.152502631880587498e-03,5.332500946081786914e-04,0.000000000000000000e+00
0.000000000000000000e+00,0.000000000000000000e+00,0.000000000000000000e+00,2.279475798045993429e-03,4.798698807977064273e-04,0.000000000000000000e+00
0.000000000000000000e+00,0.000000000000000000e+00,0.000000000000000000e+00,2.208863873027211433e-03,4.557755153460768538e-04,0.000000000000000000e+00
0.000000000000000000e+00,0.000000000000000000e+00,5.834499295622346850e-04,2.252555932381900255e-03,5.146359541964931356e-04,0.000000000000000000e+00
0.000000000000000000e+00,0.000000000000000000e+00,0.000000000000000000e+00,2.380052725319714568e-03,4.602981460843924566e-04,0.000000000000000000e+00
0.000000000000000000e+00,0.000000000000000000e+00,5.132680631002049581e-04,2.310094679163635870e-03,4.348623262618432237e-04,0.000000000000000000e+00
0.000000000000000000e+00,0.000000000000000000e+00,0.000000000000000000e+00,2.255560860233152276e-03,5.095193053587174226e-04,0.000000000000000000e+00
0.000000000000000000e+00,0.000000000000000000e+00,5.433720905968312262e-04,2.383625679845655793e-03,4.528630258878835429e-04,0.000000000000000000e+00
0.000000000000000000e+00,0.000000000000000000e+00,0.000000000000000000e+00,2.314202767431439156e-03,4.280370012465992136e-04,0.000000000000000000e+00
0.000000000000000000e+00,0.000000000000000000e+00,0.000000000000000000e+00,2.359100504967015510e-03,4.856290918717268146e-04,0.000000000000000000e+00
0.000000000000000000e+00,0.000000000000000000e+00,5.341018560936697376e-04,2.388781517230757767e-03,4.437195429847708324e-04,0.000000000000000000e+00
0.000000000000000000e+00,0.000000000000000000e+00,0.000000000000000000e+00,2.533007494608052745e-03,4.859247242868791616e-04,0.000000000000000000e+00
0.000000000000000000e+00,0.000000000000000000e+00,4.690300692126039101e-04,2.464325240737873495e-03,4.587903785713624534e-04,0.000000000000000000e+00
0.000000000000000000e+00,0.000000000000000000e+00,0.000000000000000000e+00,2.494531496218699296e-03,4.173290152355707550e-04,0.000000000000000000e+00
0.000000000000000000e+00,0.000000000000000000e+00,5.041985745015766006e-04,2.540595827503600891e-03,4.728164675211200514e-04,0.000000000000000000e+00
0.000000000000000000e+00,0.000000000000000000e+00,4.650956378839011954e-04,2.472328410191795660e-03,4.456171177427167666e-04,0.000000000000000000e+00
0.000000000000000000e+00,0.000000000000000000e+00,0.000000000000000000e+00,2.518846379016226322e-03,5.018534749430050845e-04,0.000000000000000000e+00
0.000000000000000000e+00,0.000000000000000000e+00,5.024065295159941495e-04,2.549742776489066862e-03,4.579833780211325402e-04,0.000000000000000000e+00
0.000000000000000000e+00,0.000000000000000000e+00,0.000000000000000000e+00,2.679647994717426762e-03,3.991723004097905148e-04,0.000000000000000000e+00
0.000000000000000000e+00,0.000000000000000000e+00,4.424270364745492494e-04,2.627998866260019759e-03,4.690711870398152719e-04,0.000000000000000000e+00
0.000000000000000000e+00,0.000000000000000000e+00,4.050449642498835730e-04,2.659348862942872722e-03,4.247813932812215514e-04,0.000000000000000000e+00
0.000000000000000000e+00,0.000000000000000000e+00,0.000000000000000000e+00,2.608119980932133153e-03,4.956646280246390646e-04,0.000000000000000000e+00
0.000000000000000000e+00,0.000000000000000000e+00,4.459508156146622048e-04,2.639945801360146088e-03,4.502079087165281263e-04,0.000000000000000000e+00
0.000000000000000000e+00,0.000000000000000000e+00,0.000000000000000000e+00,2.770697240825015228e-03,3.897584163113990141e-04,0.000000000000000000e+00
0.000000000000000000e+00,0.000000000000000000e+00,3.895927295567972099e-04,2.818810782599026100e-03,4.424418925199270118e-04,0.000000000000000000e+00
0.000000000000000000e+00,0.000000000000000000e+00,4.526282405667043647e-04,2.752238699426758865e-03,4.129129606849153331e-04,0.000000000000000000e+00
0.000000000000000000e+00,0.000000000000000000e+00,0.000000000000000000e+00,2.800861430316992084e-03,4.663078604237799740e-04,0.000000000000000000e+00
0.000000000000000000e+00,0.000000000000000000e+00,3.984182546242201928e-04,2.833503677030416775e-03,4.194377614521044295e-04,0.000000000000000000e+00
0.000000000000000000e+00,0.000000000000000000e+00,0.000000000000000000e+00,2.866402368152276559e-03,3.734970219034239314e-04,0.000000000000000000e+00
0.000000000000000000e+00,0.000000000000000000e+00,0.000000000000000000e+00,3.014138228210616610e-03,4.091019828221451049e-04,0.000000000000000000e+00
0.000000000000000000e+00,0.000000000000000000e+00,4.103888196006610228e-04,3.047159083122902463e-03,3.615637859015309943e-04,0.000000000000000000e+00
0.000000000000000000e+00,0.000000000000000000e+00,0.000000000000000000e+00,3.096834853075436378e-03,4.134537886834599441e-04,0.000000000000000000e+00
0.000000000000000000e+00,0.000000000000000000e+00,3.597860349160947693e-04,3.130270822821278661e-03,3.651075537461708105e-04,0.000000000000000000e+00
0.000000000000000000e+00,0.000000000000000000e+00,3.268465665982407046e-04,3.163771658219708457e-03,3.170878323196546804e-04,0.000000000000000000e+00
0.000000000000000000e+00,0.000000000000000000e+00,0.000000000000000000e+00,3.214079507313893913e-03,3.679853814562913938e-04,0.000000000000000000e+00
0.000000000000000000e+00,0.000000000000000000e+00,3.770357862351836321e-04,3.247901180795156276e-03,3.190430267203688388e-04,0.000000000000000000e+00
0.000000000000000000e+00,0.000000000000000000e+00,0.000000000000000000e+00,3.298613712596432102e-03,3.694523105396280149e-04,0.000000000000000000e+00
0.000000000000000000e+00,0.000000000000000000e+00,0.000000000000000000e+00,3.332793920900134488e-03,3.202318128181710910e-04,0.000000000000000000e+00
0.000000000000000000e+00,0.000000000000000000e+00,2.987960918974290553e-04,3.383711383416290654e-03,3.688431785132430252e-04,0.000000000000000000e+00
0.000000000000000000e+00,0.000000000000000000e+00,0.000000000000000000e+00,3.418491951639235360e-03,3.196411600579068812e-04,0.000000000000000000e+00
0.000000000000000000e+00,0.000000000000000000e+00,3.525465351670823300e-04,3.469732163857569985e-03,3.678930322709084350e-04,0.000000000000000000e+00
0.000000000000000000e+00,0.000000000000000000e+00,3.223214782423774278e-04,3.504552644275002026e-03,3.175689577787986061e-04,0.000000000000000000e+00
0.000000000000000000e+00,0.000000000000000000e+00,0.000000000000000000e+00,3.638420296453448444e-03,2.508757468181674333e-04,0.000000000000000000e+00
0.000000000000000000e+00,0.000000000000000000e+00,2.795961451026326115e-04,3.690300340076611927e-03,2.979695583589018451e-04,0.000000000000000000e+00
0.000000000000000000e+00,0.000000000000000000e+00,2.503852182464145885e-04,3.528421340565606433e-03,2.803108739901130609e-04,0.000000000000000000e+00
0.000000000000000000e+00,0.000000000000000000e+00,0.000000000000000000e+00,3.580990013092200108e-03,3.279397381595328120e-04,0.000000000000000000e+00
0.000000000000000000e+00,0.000000000000000000e+00,3.083702394716185098e-04,3.616573396158219607e-03,2.759616969782513409e-04,0.000000000000000000e+00
0.000000000000000000e+00,0.000000000000000000e+00,2.801662683224768005e-04,3.669227130259982653e-03,3.225149138046260258e-04,0.000000000000000000e+00
0.000000000000000000e+00,0.000000000000000000e+00,0.000000000000000000e+00,3.705490967356395160e-03,2.707753930633674533e-04,0.000000000000000000e+00
0.000000000000000000e+00,0.000000000000000000e+00,2.417074367735840652e-04,3.758578937588583860e-03,3.162413699018056749e-04,0.000000000000000000e+00
0.000000000000000000e+00,0.000000000000000000e+00,2.145143832109467122e-04,3.794835056091379680e-03,2.633663211766555960e-04,0.000000000000000000e+00
0.000000000000000000e+00,0.000000000000000000e+00,0.000000000000000000e+00,3.848622729375694718e-03,3.091946667332090559e-04,0.000000000000000000e+00
0.000000000000000000e+00,0.000000000000000000e+00,1.781914325663583451e-04,3.786698918847179567e-03,2.724356405043715625e-04,0.000000000000000000e+00
0.000000000000000000e+00,0.000000000000000000e+00,2.505312622346280728e-04,3.823341894494176711e-03,2.189229525854889257e-04,0.000000000000000000e+00
0.000000000000000000e+00,0.000000000000000000e+00,0.000000000000000000e+00,3.877707770444716040e-03,2.639824074311541979e-04,0.000000000000000000e+00
0.000000000000000000e+00,0.000000000000000000e+00,2.163265458041660797e-04,3.914774840501730052e-03,2.092400495498321421e-04,0.000000000000000000e+00
0.000000000000000000e+00,0.000000000000000000e+00,1.911448328529398238e-04,3.969184349805087407e-03,2.531828268952558973e-04,0.000000000000000000e+00
0.000000000000000000e+00,0.000000000000000000e+00,0.000000000000000000e+00,4.006902366520570524e-03,1.987572599768186454e-04,0.000000000000000000e+00
0.000000000000000000e+00,0.000000000000000000e+00,1.590699813676590567e-04,3.963231197998261235e-03,2.590613906366557185e-04,0.000000000000000000e+00
0.000000000000000000e+00,0.000000000000000000e+00,1.348944514784135057e-04,4.000894653721681453e-03,2.036737486631772420e-04,0.000000000000000000e+00
0.000000000000000000e+00,0.000000000000000000e+00,0.000000000000000000e+00,4.056468027897164319e-03,2.467930954194175186e-04,0.000000000000000000e+00
0.000000000000000000e+00,0.000000000000000000e+00,0.000000000000000000e+00,4.094445832834581189e-03,1.907807523994151100e-04,0.000000000000000000e+00
0.000000000000000000e+00,0.000000000000000000e+00,1.802380870255214373e-04,4.149949909638149526e-03,2.329766647491199533e-04,0.000000000000000000e+00
0.000000000000000000e+00,0.000000000000000000e+00,0.000000000000000000e+00,4.188621628285149612e-03,1.768591401192717849e-04,0.000000000000000000e+00
0.000000000000000000e+00,0.000000000000000000e+00,0.000000000000000000e+00,4.146129583177837752e-03,2.359799115958446936e-04,0.000000000000000000e+00
0.000000000000000000e+00,5.000042515107995246e-05,1.302252601687604308e-04,4.184738474441435270e-03,1.785859501935048639e-04,1.046191575031091213e-07
0.000000000000000000e+00,0.000000000000000000e+00,0.000000000000000000e+00,4.241486523653748009e-03,2.199810945895455672e-04,0.000000000000000000e+00
0.000000000000000000e+00,0.000000000000000000e+00,0.000000000000000000e+00,4.280385751065929334e-03,1.622803473907905025e-04,0.000000000000000000e+00
0.000000000000000000e+00,0.000000000000000000e+00,8.333493721961118957e-05,4.337121303815754877e-03,2.025366711612865817e-04,0.000000000000000000e+00
0.000000000000000000e+00,0.000000000000000000e+00,6.248302083298483737e-05,4.277902436130433944e-03,1.620485893923947303e-04,0.000000000000000000e+00
0.000000000000000000e+00,0.000000000000000000e+00,0.000000000000000000e+00,4.335431833806024926e-03,2.021618904884600609e-04,0.000000000000000000e+00
0.000000000000000000e+00,0.000000000000000000e+00,0.000000000000000000e+00,4.374934622487280933e-03,1.433475176783674532e-04,0.000000000000000000e+00
0.000000000000000000e+00,0.000000000000000000e+00,1.971025370147735692e-05,4.432425201819818923e-03,1.825973164831882079e-04,0.000000000000000000e+00
0.000000000000000000e+00,0.000000000000000000e+00,0.000000000000000000e+00,4.374265508132801905e-03,1.412445429153363907e-04,0.000000000000000000e+00
0.000000000000000000e+00,0.000000000000000000e+00,0.000000000000000000e+00,4.432042594951557390e-03,1.804216119475135494e-04,0.000000000000000000e+00
0.000000000000000000e+00,0.000000000000000000e+00,7.842092319120161066e-05,4.472151195533572571e-03,1.203234351816760071e-04,0.000000000000000000e+00
0.000000000000000000e+00,0.000000000000000000e+00,5.987926380448026838e-05,4.432029767080311253e-03,1.765312204070491463e-04,0.000000000000000000e+00
0.000000000000000000e+00,0.000000000000000000e+00,0.000000000000000000e+00,4.472863967902585003e-03,1.162991756499739959e-04,0.000000000000000000e+00
0.000000000000000000e+00,0.000000000000000000e+00,4.184604046231534793e-05,4.531487081649917571e-03,1.538103893845018484e-04,0.000000000000000000e+00
0.000000000000000000e+00,0.000000000000000000e+00,2.430022167026488152e-05,4.473837828774314407e-03,1.109448648590807411e-04,0.000000000000000000e+00
0.000000000000000000e+00,0.000000000000000000e+00,0.000000000000000000e+00,4.533274418241250991e-03,1.481481917264271253e-04,0.000000000000000000e+00
0.000000000000000000e+00,0.000000000000000000e+00,0.000000000000000000e+00,4.574266184357744791e-03,8.657315120993297475e-05,0.000000000000000000e+00
0.000000000000000000e+00,0.000000000000000000e+00,-8.177058795198693339e-06,4.535308695872181974e-03,1.413046996355441073e-04,0.000000000000000000e+00
0.000000000000000000e+00,0.000000000000000000e+00,-2.441060510936043741e-05,4.576592245800869228e-03,7.923309230465654497e-05,0.000000000000000000e+00
0.000000000000000000e+00,0.000000000000000000e+00,0.000000000000000000e+00,4.636781220230590250e-03,1.151827140822569984e-04,0.000000000000000000e+00
0.000000000000000000e+00,0.000000000000000000e+00,0.000000000000000000e+00,4.580050648997469054e-03,7.086479896756259222e-05,0.000000000000000000e+00
0.000000000000000000e+00,0.000000000000000000e+00,-5.279811488938537746e-05,4.640156725616837764e-03,1.063475050761543791e-04,0.000000000000000000e+00
0.000000000000000000e+00,0.000000000000000000e+00,-6.772208961164149837e-05,4.583735311489793400e-03,6.160858083573565237e-05,0.000000000000000000e+00
0.000000000000000000e+00,0.000000000000000000e+00,0.000000000000000000e+00,4.644668425274667278e-03,9.635525104244313521e-05,0.000000000000000000e+00
0.000000000000000000e+00,0.000000000000000000e+00,0.000000000000000000e+00,4.686818131754422190e-03,3.259469790686808643e-05,0.000000000000000000e+00
0.000000000000000000e+00,0.000000000000000000e+00,-9.202761775613427003e-05,4.649391495305141633e-03,8.559628947904183700e-05,0.000000000000000000e+00
0.000000000000000000e+00,0.000000000000000000e+00,-1.056447067681836715e-04,4.691828723335267869e-03,2.133607690928203374e-05,0.000000000000000000e+00
0.000000000000000000e+00,0.000000000000000000e+00,0.000000000000000000e+00,4.655152838401122040e-03,7.395239567008909942e-05,0.000000000000000000e+00
0.000000000000000000e+00,0.000000000000000000e+00,0.000000000000000000e+00,4.697880841346591119e-03,9.124836975404893025e-06,0.000000000000000000e+00
0.000000000000000000e+00,0.000000000000000000e+00,-2.764346052123320082e-05,4.661213753594064743e-03,6.103002074650759021e-05,0.000000000000000000e+00
0.000000000000000000e+00,0.000000000000000000e+00,-3.996313439078069999e-05,4.704223722202869121e-03,-4.301305822301510647e-06,0.000000000000000000e+00
0.000000000000000000e+00,0.000000000000000000e+00,0.000000000000000000e+00,4.668395105243527965e-03,4.706455281277416303e-05,0.000000000000000000e+00
0.000000000000000000e+00,0.000000000000000000e+00,0.000000000000000000e+00,4.711688770568267515e-03,-1.883503962471499982e-05,0.000000000000000000e+00
0.000000000000000000e+00,0.000000000000000000e+00,-5.615154838971099293e-05,4.675775434280608940e-03,3.219505078481940322e-05,0.000000000000000000e+00
0.000000000000000000e+00,0.000000000000000000e+00,-6.716976671109674496e-05,4.719348485718530446e-03,-3.421047681939750278e-05,0.000000000000000000e+00
0.000000000000000000e+00,0.000000000000000000e+00,0.000000000000000000e+00,4.684270903503429118e-03,1.614713056383165757e-05,0.000000000000000000e+00
0.000000000000000000e+00,0.000000000000000000e+00,0.000000000000000000e+00,4.728122915321653075e-03,-5.082421340475706817e-05,0.000000000000000000e+00
0.000000000000000000e+00,0.000000000000000000e+00,-7.929961983424573891e-05,4.692957012328067591e-03,-6.809815571530043627e-07,0.000000000000000000e+00
0.000000000000000000e+00,0.000000000000000000e+00,-8.901902446891057691e-05,4.638924823621303102e-03,-4.908489282252343877e-05,0.000000000000000000e+00
0.000000000000000000e+00,0.000000000000000000e+00,-9.842412194013749004e-05,4.702290332383050366e-03,-1.865571228543270969e-05,0.000000000000000000e+00
0.000000000000000000e+00,0.000000000000000000e+00,0.000000000000000000e+00,4.649004409412627048e-03,-6.768185679428828649e-05,0.000000000000000000e+00
0.000000000000000000e+00,0.000000000000000000e+00,0.000000000000000000e+00,4.712727687516626851e-03,-3.782605590592347244e-05,0.000000000000000000e+00
0.000000000000000000e+00,0.000000000000000000e+00,-1.055211582191195905e-04,4.659275308023459218e-03,-8.691579991847544259e-05,0.000000000000000000e+00
0.000000000000000000e+00,0.000000000000000000e+00,-1.136307418108617825e-04,4.723346305823506071e-03,-5.759017743241130218e-05,0.000000000000000000e+00
0.000000000000000000e+00,0.000000000000000000e+00,0.000000000000000000e+00,4.689954477915092568e-03,-9.447079775931621626e-06,0.000000000000000000e+00
0.000000000000000000e+00,0.000000000000000000e+00,0.000000000000000000e+00,4.636949705239978847e-03,-5.945231840678161239e-05,0.000000000000000000e+00
0.000000000000000000e+00,0.000000000000000000e+00,-1.166863632374322800e-04,4.701574648122820201e-03,-3.068452051297029039e-05,0.000000000000000000e+00
0.000000000000000000e+00,0.000000000000000000e+00,-1.235030420404857978e-04,4.648858462871588784e-03,-8.112949500430456998e-05,0.000000000000000000e+00
0.000000000000000000e+00,0.000000000000000000e+00,-1.300069261080619848e-04,4.615743228153034068e-03,-3.369547834242032902e-05,0.000000000000000000e+00
0.000000000000000000e+00,0.000000000000000000e+00,0.000000000000000000e+00,4.661844373038293021e-03,-1.043048761366974220e-04,0.000000000000000000e+00
0.000000000000000000e+00,0.000000000000000000e+00,0.000000000000000000e+00,4.629090396043755717e-03,-5.735198429023674604e-05,0.000000000000000000e+00
0.000000000000000000e+00,0.000000000000000000e+00,-1.280511487774521747e-04,4.576948997055289847e-03,-1.083871804582189560e-04,0.000000000000000000e+00
0.000000000000000000e+00,0.000000000000000000e+00,-1.332653868797093182e-04,4.642614302730803735e-03,-8.149020684097004559e-05,0.000000000000000000e+00
0.000000000000000000e+00,0.000000000000000000e+00,-1.381676642392519472e-04,4.590749598756977030e-03,-1.332628089280891580e-04,0.000000000000000000e+00
0.000000000000000000e+00,0.000000000000000000e+00,0.000000000000000000e+00,4.559164813962568452e-03,-8.745005735728839102e-05,0.000000000000000000e+00
0.000000000000000000e+00,0.000000000000000000e+00,0.000000000000000000e+00,4.605610312051089394e-03,-1.594084343488552657e-04,0.000000000000000000e+00
0.000000000000000000e+00,0.000000000000000000e+00,-1.312123029536172336e-04,4.573946617811875184e-03,-1.135277175985750705e-04,0.000000000000000000e+00
0.000000000000000000e+00,0.000000000000000000e+00,-1.348281706178528850e-04,4.522642104679504976e-03,-1.661732201892724781e-04,0.000000000000000000e+00
0.000000000000000000e+00,0.000000000000000000e+00,-1.381329056579725105e-04,4.589334794969890732e-03,-1.408923712079981157e-04,0.000000000000000000e+00
0.000000000000000000e+00,0.000000000000000000e+00,0.000000000000000000e+00,4.538739810580727507e-03,-1.942400827828830168e-04,0.000000000000000000e+00
0.000000000000000000e+00,0.000000000000000000e+00,0.000000000000000000e+00,4.507783508657436933e-03,-1.495590983741842961e-04,0.000000000000000000e+00
0.000000000000000000e+00,0.000000000000000000e+00,0.000000000000000000e+00,4.457028282844111011e-03,-2.030789485757480972e-04,0.000000000000000000e+00
0.000000000000000000e+00,0.000000000000000000e+00,-1.282112348296277852e-04,4.524415136386777253e-03,-1.785795585407051408e-04,0.000000000000000000e+00
0.000000000000000000e+00,0.000000000000000000e+00,-1.299224637879677817e-04,4.473934350859852180e-03,-2.325503813097918075e-04,0.000000000000000000e+00
0.000000000000000000e+00,0.000000000000000000e+00,-1.313235497133181896e-04,4.443686900755316332e-03,-1.887713767842018602e-04,0.000000000000000000e+00
0.000000000000000000e+00,0.000000000000000000e+00,0.000000000000000000e+00,4.393904266427495209e-03,-2.433812560452136564e-04,0.000000000000000000e+00
0.000000000000000000e+00,0.000000000000000000e+00,0.000000000000000000e+00,4.461953749883673659e-03,-2.202309288816886590e-04,0.000000000000000000e+00
0.000000000000000000e+00,0.000000000000000000e+00,-1.134342861839121515e-04,4.412027189602899142e-03,-2.748210071119135058e-04,0.000000000000000000e+00
0.000000000000000000e+00,0.000000000000000000e+00,0.000000000000000000e+00,4.382533483937911534e-03,-2.326260226242007900e-04,0.000000000000000000e+00
0.000000000000000000e+00,0.000000000000000000e+00,-2.112840559524706893e-04,4.332890838300786258e-03,-2.874160198307843406e-04,0.000000000000000000e+00
0.000000000000000000e+00,0.000000000000000000e+00,-2.107794522426982011e-04,4.303700226495091492e-03,-2.449684729559888563e-04,0.000000000000000000e+00
0.000000000000000000e+00,0.000000000000000000e+00,0.000000000000000000e+00,4.352597471492636316e-03,-3.214334746713468083e-04,0.000000000000000000e+00
0.000000000000000000e+00,0.000000000000000000e+00,0.000000000000000000e+00,4.323750297849482394e-03,-2.794490553656436838e-04,0.000000000000000000e+00
0.000000000000000000e+00,0.000000000000000000e+00,0.000000000000000000e+00,4.295098760359605805e-03,-2.376850983816652940e-04,0.000000000000000000e+00
0.000000000000000000e+00,0.000000000000000000e+00,0.000000000000000000e+00,4.246112406404933814e-03,-2.940115660504186157e-04,0.000000000000000000e+00
0.000000000000000000e+00,0.000000000000000000e+00,-1.830652601714663442e-04,4.217833900284526441e-03,-2.522923524580307410e-04,0.000000000000000000e+00
0.000000000000000000e+00,0.000000000000000000e+00,-1.806684089948318024e-04,4.169121379982202412e-03,-3.090390109639449146e-04,0.000000000000000000e+00
0.000000000000000000e+00,0.000000000000000000e+00,0.000000000000000000e+00,4.239400676590787675e-03,-2.891038882902874363e-04,0.000000000000000000e+00
0.000000000000000000e+00,0.000000000000000000e+00,0.000000000000000000e+00,4.190936961963598328e-03,-3.462980972332302398e-04,0.000000000000000000e+00
0.000000000000000000e+00,0.000000000000000000e+00,0.000000000000000000e+00,4.163316193800725706e-03,-3.058625594943159554e-04,0.000000000000000000e+00
0.000000000000000000e+00,0.000000000000000000e+00,0.000000000000000000e+00,4.115117921717592608e-03,-3.634672360348228937e-04,0.000000000000000000e+00
0.000000000000000000e+00,0.000000000000000000e+00,-1.432651132107826857e-04,4.087864859129063111e-03,-3.231692644859619355e-04,0.000000000000000000e+00
0.000000000000000000e+00,0.000000000000000000e+00,-1.389817224916203668e-04,4.039933568796139421e-03,-3.811963374382340802e-04,0.000000000000000000e+00
0.000000000000000000e+00,0.000000000000000000e+00,-1.343912433971457623e-04,4.012996552017930943e-03,-3.416325027994480978e-04,0.000000000000000000e+00
0.000000000000000000e+00,0.000000000000000000e+00,0.000000000000000000e+00,3.965696945467778178e-03,-4.002834421796414022e-04,0.000000000000000000e+00
0.000000000000000000e+00,0.000000000000000000e+00,0.000000000000000000e+00,4.036880977320578268e-03,-3.821051628279253931e-04,0.000000000000000000e+00
0.000000000000000000e+00,0.000000000000000000e+00,0.000000000000000000e+00,3.989454831082261954e-03,-4.409868790509405279e-04,0.000000000000000000e+00
0.000000000000000000e+00,0.000000000000000000e+00,0.000000000000000000e+00,3.963188058976552242e-03,-4.023085502151899084e-04,0.000000000000000000e+00
0.000000000000000000e+00,0.000000000000000000e+00,-8.575289410699757505e-05,3.916040002976532187e-03,-4.614322301457237773e-04,0.000000000000000000e+00
0.000000000000000000e+00,0.000000000000000000e+00,-7.928249123929210053e-05,3.890107628080522340e-03,-4.231973854385652815e-04,0.000000000000000000e+00
0.000000000000000000e+00,0.000000000000000000e+00,-7.250611628309557933e-05,3.843197025781135492e-03,-4.829135564197836370e-04,0.000000000000000000e+00
0.000000000000000000e+00,0.000000000000000000e+00,-6.542393016416501159e-05,3.817600332603383190e-03,-4.451090828404735862e-04,0.000000000000000000e+00
0.000000000000000000e+00,0.000000000000000000e+00,0.000000000000000000e+00,3.771308405857931589e-03,-5.053140335413430773e-04,0.000000000000000000e+00
0.000000000000000000e+00,0.000000000000000000e+00,0.000000000000000000e+00,3.746079254935419378e-03,-4.682972651467928737e-04,0.000000000000000000e+00
0.000000000000000000e+00,0.000000000000000000e+00,0.000000000000000000e+00,3.699665595543244478e-03,-5.288209598409213119e-04,0.000000000000000000e+00
0.000000000000000000e+00,0.000000000000000000e+00,0.000000000000000000e+00,3.674737741582667638e-03,-4.918543164753458319e-04,0.000000000000000000e+00
0.000000000000000000e+00,0.000000000000000000e+00,0.000000000000000000e+00,3.649995248654724911e-03,-4.551072923522636593e-04,0.000000000000000000e+00
0.000000000000000000e+00,0.000000000000000000e+00,-9.273835381797951836e-05,3.604001608233746694e-03,-5.160827307007448753e-04,0.000000000000000000e+00
0.000000000000000000e+00,0.000000000000000000e+00,-8.347043298476335778e-05,3.579584598163717147e-03,-4.797825357368187805e-04,0.000000000000000000e+00
0.000000000000000000e+00,0.000000000000000000e+00,-7.389793656952766191e-05,3.533815503358313410e-03,-5.413529347408250429e-04,0.000000000000000000e+00
0.000000000000000000e+00,0.000000000000000000e+00,-6.402102342161274204e-05,3.509726195571463009e-03,-5.054821786665824202e-04,0.000000000000000000e+00
0.000000000000000000e+00,0.000000000000000000e+00,-5.383985215948626290e-05,3.561833531505555206e-03,-5.890790661866965880e-04,0.000000000000000000e+00
0.000000000000000000e+00,0.000000000000000000e+00,0.000000000000000000e+00,3.538405454481696744e-03,-5.537321530224917354e-04,0.000000000000000000e+00
0.000000000000000000e+00,0.000000000000000000e+00,0.000000000000000000e+00,3.493115005045122068e-03,-6.161481770547427850e-04,0.000000000000000000e+00
0.000000000000000000e+00,0.000000000000000000e+00,0.000000000000000000e+00,3.469666394879111770e-03,-5.811534905605791890e-04,0.000000000000000000e+00
0.000000000000000000e+00,0.000000000000000000e+00,0.000000000000000000e+00,3.424619182943344775e-03,-6.439780487968171929e-04,0.000000000000000000e+00
0.000000000000000000e+00,0.000000000000000000e+00,2.344669132403204303e-05,3.401485784071965873e-03,-6.094516836450983256e-04,0.000000000000000000e+00
0.000000000000000000e+00,0.000000000000000000e+00,3.549117612462566275e-05,3.356675254650297313e-03,-6.727042856811993885e-04,0.000000000000000000e+00
0.000000000000000000e+00,0.000000000000000000e+00,4.783883087673252669e-05,3.333866258402259659e-03,-6.385864854580232961e-04,0.000000000000000000e+00
0.000000000000000000e+00,0.000000000000000000e+00,-3.707334385701190396e-05,3.289332197468844508e-03,-7.024231869068633385e-04,0.000000000000000000e+00
0.000000000000000000e+00,0.000000000000000000e+00,-2.411089001032504616e-05,3.169293083022178218e-03,-6.467431226436521491e-04,0.000000000000000000e+00
0.000000000000000000e+00,0.000000000000000000e+00,-1.084570854131738128e-05,3.124963990301534919e-03,-7.107705447420153847e-04,0.000000000000000000e+00
0.000000000000000000e+00,0.000000000000000000e+00,2.722044418351158181e-06,3.102802365377517729e-03,-6.774668200624623217e-04,0.000000000000000000e+00
0.000000000000000000e+00,0.000000000000000000e+00,0.000000000000000000e+00,3.081139022781287373e-03,-6.443513217389354453e-04,0.000000000000000000e+00
0.000000000000000000e+00,0.000000000000000000e+00,0.000000000000000000e+00,3.037184610036214316e-03,-7.089813239091538599e-04,0.000000000000000000e+00
0.000000000000000000e+00,0.000000000000000000e+00,0.000000000000000000e+00,3.015517205760986919e-03,-6.763001504197022062e-04,0.000000000000000000e+00
0.000000000000000000e+00,0.000000000000000000e+00,0.000000000000000000e+00,2.971796373044011119e-03,-7.413377540132284893e-04,0.000000000000000000e+00
0.000000000000000000e+00,0.000000000000000000e+00,0.000000000000000000e+00,2.950441675348525195e-03,-7.090840872073927992e-04,0.000000000000000000e+00
0.000000000000000000e+00,0.000000000000000000e+00,0.000000000000000000e+00,2.906952676512863931e-03,-7.745291022945161030e-04,0.000000000000000000e+00
0.000000000000000000e+00,0.000000000000000000e+00,1.285144405981369507e-04,2.885861212764973590e-03,-7.428881908061290684e-04,0.000000000000000000e+00
0.000000000000000000e+00,0.000000000000000000e+00,1.445384520519162356e-04,2.842591594060093433e-03,-8.087604209010495300e-04,0.000000000000000000e+00
0.000000000000000000e+00,0.000000000000000000e+00,1.608636550766217937e-04,2.821853003037281832e-03,-7.773827286055737338e-04,0.000000000000000000e+00
0.000000000000000000e+00,0.000000000000000000e+00,1.774898957337399689e-04,2.778810103559129201e-03,-8.436616293249393815e-04,0.000000000000000000e+00
0.000000000000000000e+00,0.000000000000000000e+00,9.698615528915712609e-05,2.758401447330727316e-03,-8.128635498364259956e-04,0.000000000000000000e+00
0.000000000000000000e+00,0.000000000000000000e+00,1.142233272966750805e-04,2.738144912199162208e-03,-7.821296011167489393e-04,0.000000000000000000e+00
0.000000000000000000e+00,0.000000000000000000e+00,1.317611041553870478e-04,2.695454999110289199e-03,-8.490225953017904508e-04,0.000000000000000000e+00
0.000000000000000000e+00,0.000000000000000000e+00,1.495993328247653491e-04,2.675503249733898574e-03,-8.187152515937852178e-04,0.000000000000000000e+00
0.000000000000000000e+00,0.000000000000000000e+00,1.677378604838545499e-04,2.633035507457936499e-03,-8.860143247014369257e-04,0.000000000000000000e+00
0.000000000000000000e+00,0.000000000000000000e+00,1.861765345302307886e-04,2.613386786532234402e-03,-8.561333520543975943e-04,0.000000000000000000e+00
0.000000000000000000e+00,0.000000000000000000e+00,0.000000000000000000e+00,2.474125447569419656e-03,-9.008462244837478483e-04,0.000000000000000000e+00
0.000000000000000000e+00,0.000000000000000000e+00,0.000000000000000000e+00,2.454790951065155546e-03,-8.713265373407538816e-04,0.000000000000000000e+00
0.000000000000000000e+00,0.000000000000000000e+00,0.000000000000000000e+00,2.412786517473120007e-03,-9.393849302237258780e-04,0.000000000000000000e+00
0.000000000000000000e+00,0.000000000000000000e+00,0.000000000000000000e+00,2.393751715885961140e-03,-9.102913522352346076e-04,0.000000000000000000e+00
0.000000000000000000e+00,0.000000000000000000e+00,0.000000000000000000e+00,2.374886115770968864e-03,-8.814157522524443400e-04,0.000000000000000000e+00
0.000000000000000000e+00,0.000000000000000000e+00,0.000000000000000000e+00,2.333190386973549302e-03,-9.503369789258114819e-04,0.000000000000000000e+00
0.000000000000000000e+00,0.000000000000000000e+00,0.000000000000000000e+00,2.314624343732529788e-03,-9.218847366617294314e-04,0.000000000000000000e+00
0.000000000000000000e+00,0.000000000000000000e+00,0.000000000000000000e+00,2.273176193301251757e-03,-9.909603370017172619e-04,0.000000000000000000e+00
0.000000000000000000e+00,0.000000000000000000e+00,0.000000000000000000e+00,2.254905506668070103e-03,-9.629337279039029696e-04,0.000000000000000000e+00
0.000000000000000000e+00,0.000000000000000000e+00,0.000000000000000000e+00,2.213671855195165072e-03,-1.032414857100927286e-03,0.000000000000000000e+00
0.000000000000000000e+00,0.000000000000000000e+00,0.000000000000000000e+00,2.098414810621229698e-03,-9.816436721001298160e-04,0.000000000000000000e+00
0.000000000000000000e+00,0.000000000000000000e+00,0.000000000000000000e+00,2.057403945060043426e-03,-1.051490120184093990e-03,0.000000000000000000e+00
0.000000000000000000e+00,0.000000000000000000e+00,0.000000000000000000e+00,2.039728831000120479e-03,-1.024274148409741458e-03,0.000000000000000000e+00
0.000000000000000000e+00,0.000000000000000000e+00,4.018176540045342361e-04,2.022018652604838651e-03,-9.976819718466173326e-04,0.000000000000000000e+00
0.000000000000000000e+00,0.000000000000000000e+00,4.247918206051028503e-04,1.981317336927868218e-03,-1.068155588206946144e-03,0.000000000000000000e+00
0.000000000000000000e+00,0.000000000000000000e+00,4.480637634929687265e-04,1.964090442183043586e-03,-1.041601234854438703e-03,0.000000000000000000e+00
0.000000000000000000e+00,0.000000000000000000e+00,0.000000000000000000e+00,1.923794277578605438e-03,-1.112238071098677061e-03,0.000000000000000000e+00
0.000000000000000000e+00,0.000000000000000000e+00,0.000000000000000000e+00,1.906863754054577420e-03,-1.086086965447791153e-03,0.000000000000000000e+00
0.000000000000000000e+00,0.000000000000000000e+00,0.000000000000000000e+00,1.769396405734591227e-03,-1.133853136664426942e-03,0.000000000000000000e+00
0.000000000000000000e+00,0.000000000000000000e+00,0.000000000000000000e+00,1.752761807753078216e-03,-1.108086530210883325e-03,0.000000000000000000e+00
0.000000000000000000e+00,0.000000000000000000e+00,4.717113631424383583e-04,1.736034180900888901e-03,-1.082946585002854747e-03,0.000000000000000000e+00
0.000000000000000000e+00,0.000000000000000000e+00,4.967768889975496087e-04,1.696072396981018228e-03,-1.154796097289996623e-03,0.000000000000000000e+00
0.000000000000000000e+00,0.000000000000000000e+00,5.221391807818694239e-04,1.679875421938824753e-03,-1.129688111782951388e-03,0.000000000000000000e+00
0.000000000000000000e+00,0.000000000000000000e+00,5.477980909911237635e-04,1.640113306714495933e-03,-1.201940514629537852e-03,0.000000000000000000e+00
0.000000000000000000e+00,0.000000000000000000e+00,0.000000000000000000e+00,1.624459480233042541e-03,-1.176975656974603435e-03,0.000000000000000000e+00
0.000000000000000000e+00,0.000000000000000000e+00,0.000000000000000000e+00,1.608714563321789193e-03,-1.152489146398920361e-03,0.000000000000000000e+00
0.000000000000000000e+00,0.000000000000000000e+00,0.000000000000000000e+00,1.472179414238161677e-03,-1.201509489044912116e-03,0.000000000000000000e+00
0.000000000000000000e+00,0.000000000000000000e+00,0.000000000000000000e+00,1.456723611137022978e-03,-1.177406628554873713e-03,0.000000000000000000e+00
0.000000000000000000e+00,0.000000000000000000e+00,0.000000000000000000e+00,1.417516732549528591e-03,-1.250620508345637316e-03,0.000000000000000000e+00
0.000000000000000000e+00,0.000000000000000000e+00,0.000000000000000000e+00,1.402338357381682776e-03,-1.226941071608991796e-03,0.000000000000000000e+00
0.000000000000000000e+00,0.000000000000000000e+00,0.000000000000000000e+00,1.387318064915099569e-03,-1.203478261311570485e-03,0.000000000000000000e+00
0.000000000000000000e+00,0.000000000000000000e+00,0.000000000000000000e+00,1.348425434806177492e-03,-1.277302020194805154e-03,0.000000000000000000e+00
0.000000000000000000e+00,0.000000000000000000e+00,0.000000000000000000e+00,1.333680047087337783e-03,-1.254262290774993405e-03,0.000000000000000000e+00
0.000000000000000000e+00,0.000000000000000000e+00,7.236297170531294856e-04,1.197459486182546372e-03,-1.304812387834208571e-03,0.000000000000000000e+00
0.000000000000000000e+00,0.000000000000000000e+00,0.000000000000000000e+00,1.183373523138575578e-03,-1.281867933649670499e-03,0.000000000000000000e+00
0.000000000000000000e+00,0.000000000000000000e+00,0.000000000000000000e+00,1.169069237965225661e-03,-1.259425500734989711e-03,0.000000000000000000e+00
0.000000000000000000e+00,0.000000000000000000e+00,0.000000000000000000e+00,1.130680500289082957e-03,-1.334219366103991944e-03,0.000000000000000000e+00
0.000000000000000000e+00,0.000000000000000000e+00,0.000000000000000000e+00,1.116646892037165273e-03,-1.312199471128448758e-03,0.000000000000000000e+00
0.000000000000000000e+00,0.000000000000000000e+00,0.000000000000000000e+00,1.078447995511710999e-03,-1.387395756954894199e-03,0.000000000000000000e+00
0.000000000000000000e+00,0.000000000000000000e+00,0.000000000000000000e+00,9.676933933907561070e-04,-1.341438164504660246e-03,0.000000000000000000e+00
0.000000000000000000e+00,0.000000000000000000e+00,0.000000000000000000e+00,9.540926687271467088e-04,-1.320016634473786254e-03,0.000000000000000000e+00
0.000000000000000000e+00,0.000000000000000000e+00,0.000000000000000000e+00,9.162054049492995844e-04,-1.395781107333439464e-03,0.000000000000000000e+00
0.000000000000000000e+00,0.000000000000000000e+00,0.000000000000000000e+00,9.028711858605209528e-04,-1.374781523329218769e-03,0.000000000000000000e+00
0.000000000000000000e+00,0.000000000000000000e+00,0.000000000000000000e+00,8.651695956397587040e-04,-1.450947822481951643e-03,0.000000000000000000e+00
0.000000000000000000e+00,0.000000000000000000e+00,0.000000000000000000e+00,8.519824929198449581e-04,-1.430487670508406861e-03,0.000000000000000000e+00
0.000000000000000000e+00,0.000000000000000000e+00,0.000000000000000000e+00,7.421366190141220898e-04,-1.385513850594689844e-03,0.000000000000000000e+00
0.000000000000000000e+00,0.000000000000000000e+00,0.000000000000000000e+00,7.047321101792958231e-04,-1.462245751134641503e-03,0.000000000000000000e+00
0.000000000000000000e+00,0.000000000000000000e+00,9.367989653183450864e-04,6.913103355397651282e-04,-1.442464663556202028e-03,0.000000000000000000e+00
0.000000000000000000e+00,0.000000000000000000e+00,9.698163790967611166e-04,6.788047369330575198e-04,-1.422704831529487089e-03,0.000000000000000000e+00
0.000000000000000000e+00,0.000000000000000000e+00,1.003126720358096542e-03,6.416309927402469087e-04,-1.500027846618384036e-03,0.000000000000000000e+00
0.000000000000000000e+00,0.000000000000000000e+00,1.036729847107564122e-03,6.293842441151190461e-04,-1.480688075322303485e-03,0.000000000000000000e+00
0.000000000000000000e+00,0.000000000000000000e+00,9.737801709053897116e-04,4.954765852372249035e-04,-1.533570406285801602e-03,0.000000000000000000e+00
0.000000000000000000e+00,0.000000000000000000e+00,1.007979379926581074e-03,4.834980663909690685e-04,-1.514607792305983471e-03,0.000000000000000000e+00
0.000000000000000000e+00,0.000000000000000000e+00,1.042470978162174074e-03,4.716683012383162039e-04,-1.495860204918760678e-03,0.000000000000000000e+00
0.000000000000000000e+00,0.000000000000000000e+00,0.000000000000000000e+00,4.358025154581612881e-04,-1.573909536645351492e-03,0.000000000000000000e+00
0.000000000000000000e+00,0.000000000000000000e+00,0.000000000000000000e+00,4.242447327889031783e-04,-1.555580153802416099e-03,0.000000000000000000e+00
0.000000000000000000e+00,0.000000000000000000e+00,0.000000000000000000e+00,3.160241522688345128e-04,-1.512405872292593711e-03,0.000000000000000000e+00
0.000000000000000000e+00,0.000000000000000000e+00,0.000000000000000000e+00,2.796703633867192451e-04,-1.591266628965602725e-03,0.000000000000000000e+00
0.000000000000000000e+00,0.000000000000000000e+00,0.000000000000000000e+00,2.683774091881696577e-04,-1.573597907264287499e-03,0.000000000000000000e+00
0.000000000000000000e+00,0.000000000000000000e+00,0.000000000000000000e+00,2.573774195983036250e-04,-1.556077103902847591e-03,0.000000000000000000e+00
0.000000000000000000e+00,0.000000000000000000e+00,0.000000000000000000e+00,2.212929740421643032e-04,-1.635541166244647293e-03,0.000000000000000000e+00
0.000000000000000000e+00,0.000000000000000000e+00,1.206831224923954034e-03,2.095058736490738145e-04,-1.618415578547835508e-03,0.000000000000000000e+00
0.000000000000000000e+00,0.000000000000000000e+00,1.243916984615584887e-03,1.021589287538310646e-04,-1.576157704119619070e-03,0.000000000000000000e+00
0.000000000000000000e+00,0.000000000000000000e+00,1.281293746719560723e-03,6.627932083099276111e-05,-1.656156320831200139e-03,0.000000000000000000e+00
0.000000000000000000e+00,0.000000000000000000e+00,1.222260720401811742e-03,5.583611805988876134e-05,-1.639689319273964418e-03,0.000000000000000000e+00
0.000000000000000000e+00,0.000000000000000000e+00,0.000000000000000000e+00,4.663798799109386550e-05,-1.623362213176722524e-03,0.000000000000000000e+00
0.000000000000000000e+00,0.000000000000000000e+00,0.000000000000000000e+00,1.110086732092341322e-05,-1.703984116389695158e-03,0.000000000000000000e+00
0.000000000000000000e+00,0.000000000000000000e+00,0.000000000000000000e+00,-9.554360075503254279e-05,-1.662590432088210946e-03,0.000000000000000000e+00
0.000000000000000000e+00,0.000000000000000000e+00,0.000000000000000000e+00,-1.053458225638292944e-04,-1.646891094625908825e-03,0.000000000000000000e+00
0.000000000000000000e+00,0.000000000000000000e+00,0.000000000000000000e+00,-1.406062040564259874e-04,-1.728076038131576286e-03,0.000000000000000000e+00
0.000000000000000000e+00,0.000000000000000000e+00,0.000000000000000000e+00,-1.501651508087897824e-04,-1.712795196509117601e-03,0.000000000000000000e+00
0.000000000000000000e+00,0.000000000000000000e+00,0.000000000000000000e+00,-1.595830680218845998e-04,-1.697728503436433944e-03,0.000000000000000000e+00
0.000000000000000000e+00,0.000000000000000000e+00,1.411718651272342220e-03,-1.960402356282928648e-04,-1.779228106546563342e-03,0.000000000000000000e+00
0.000000000000000000e+00,0.000000000000000000e+00,1.451978538668629920e-03,-3.018413800101751952e-04,-1.738728773907768747e-03,0.000000000000000000e+00
0.000000000000000000e+00,0.000000000000000000e+00,1.492527953065927180e-03,-3.108907397868687270e-04,-1.724241282572991753e-03,0.000000000000000000e+00
0.000000000000000000e+00,0.000000000000000000e+00,1.533366757313445227e-03,-3.457246039122359189e-04,-1.806547529007518490e-03,0.000000000000000000e+00
0.000000000000000000e+00,0.000000000000000000e+00,0.000000000000000000e+00,-3.533082850046831425e-04,-1.792767235390936575e-03,0.000000000000000000e+00
0.000000000000000000e+00,0.000000000000000000e+00,0.000000000000000000e+00,-3.619551558721179063e-04,-1.778922909152706733e-03,0.000000000000000000e+00
0.000000000000000000e+00,0.000000000000000000e+00,0.000000000000000000e+00,-4.930138770533609716e-04,-1.835882278893891106e-03,0.000000000000000000e+00
0.000000000000000000e+00,0.000000000000000000e+00,0.000000000000000000e+00,-5.014148506902182945e-04,-1.822415276472914847e-03,0.000000000000000000e+00
0.000000000000000000e+00,0.000000000000000000e+00,1.619216227605279820e-03,-5.111408646469928815e-04,-1.808560862608387353e-03,0.000000000000000000e+00
0.000000000000000000e+00,0.000000000000000000e+00,1.661757828285497949e-03,-5.454743363560492437e-04,-1.892012638971937418e-03,0.000000000000000000e+00
0.000000000000000000e+00,0.000000000000000000e+00,1.608094638397105378e-03,-5.536382126206227825e-04,-1.879181010133463029e-03,0.000000000000000000e+00
0.000000000000000000e+00,0.000000000000000000e+00,0.000000000000000000e+00,-5.600189983099301827e-04,-1.867002174450523022e-03,0.000000000000000000e+00
0.000000000000000000e+00,0.000000000000000000e+00,0.000000000000000000e+00,-6.642752660254158670e-04,-1.828362281211186324e-03,0.000000000000000000e+00
0.000000000000000000e+00,0.000000000000000000e+00,0.000000000000000000e+00,-6.981562268764118784e-04,-1.912615602230889611e-03,0.000000000000000000e+00
0.000000000000000000e+00,0.000000000000000000e+00,0.000000000000000000e+00,-7.056722803407966538e-04,-1.900582067791520280e-03,0.000000000000000000e+00
0.000000000000000000e+00,0.000000000000000000e+00,0.000000000000000000e+00,-7.130538255215590482e-04,-1.888761607949887567e-03,0.000000000000000000e+00
0.000000000000000000e+00,0.000000000000000000e+00,1.844686909298064257e-03,-7.484912655176707841e-04,-1.972714845768329481e-03,0.000000000000000000e+00
0.000000000000000000e+00,0.000000000000000000e+00,1.793090943725087014e-03,-8.522083674735853303e-04,-1.934776624588010249e-03,0.000000000000000000e+00
0.000000000000000000e+00,0.000000000000000000e+00,1.838205293992364615e-03,-8.592503288260511197e-04,-1.923519317436258322e-03,0.000000000000000000e+00
0.000000000000000000e+00,0.000000000000000000e+00,0.000000000000000000e+00,-8.643576912589212569e-04,-1.913289107820161095e-03,0.000000000000000000e+00
0.000000000000000000e+00,0.000000000000000000e+00,0.000000000000000000e+00,-8.976609658348788656e-04,-1.998892963941123480e-03,0.000000000000000000e+00
0.000000000000000000e+00,0.000000000000000000e+00,0.000000000000000000e+00,-9.043121542680054858e-04,-1.988289470272873449e-03,0.000000000000000000e+00
0.000000000000000000e+00,0.000000000000000000e+00,1.898413283468906388e-03,-9.128883739097490204e-04,-1.976783223226954034e-03,0.000000000000000000e+00
0.000000000000000000e+00,0.000000000000000000e+00,1.944932314820080723e-03,-1.042438790574546931e-03,-2.036137694844907670e-03,0.000000000000000000e+00
0.000000000000000000e+00,0.000000000000000000e+00,1.991737981889498028e-03,-1.048762218961010522e-03,-2.026091084378204340e-03,0.000000000000000000e+00
0.000000000000000000e+00,0.000000000000000000e+00,2.038830151587731673e-03,-1.054955215963663834e-03,-2.016256523939592791e-03,0.000000000000000000e+00
0.000000000000000000e+00,0.000000000000000000e+00,0.000000000000000000e+00,-1.059146101130670203e-03,-2.007691055591565021e-03,0.000000000000000000e+00
0.000000000000000000e+00,0.000000000000000000e+00,0.000000000000000000e+00,-1.091900901489362141e-03,-2.094641225644539029e-03,0.000000000000000000e+00
0.000000000000000000e+00,0.000000000000000000e+00,2.058515570583641444e-03,-1.196084943047716342e-03,-2.057103558031654969e-03,0.000000000000000000e+00
0.000000000000000000e+00,0.000000000000000000e+00,2.106722131304470877e-03,-1.201791017158175936e-03,-2.048063894505148912e-03,0.000000000000000000e+00
0.000000000000000000e+00,0.000000000000000000e+00,0.000000000000000000e+00,-1.205399291509978710e-03,-2.040474417642719474e-03,0.000000000000000000e+00
0.000000000000000000e+00,0.000000000000000000e+00,0.000000000000000000e+00,-1.237838072767893927e-03,-2.128172797790477133e-03,0.000000000000000000e+00
0.000000000000000000e+00,0.000000000000000000e+00,0.000000000000000000e+00,-1.243159195546295059e-03,-2.119793046550751126e-03,0.000000000000000000e+00
0.000000000000000000e+00,0.000000000000000000e+00,0.000000000000000000e+00,-1.248353052061501600e-03,-2.111625089908385211e-03,0.000000000000000000e+00
0.000000000000000000e+00,0.000000000000000000e+00,2.228544267555920833e-03,-1.351909499647868966e-03,-2.074777696070322780e-03,0.000000000000000000e+00
0.000000000000000000e+00,0.000000000000000000e+00,2.278433829145199395e-03,-1.384181923480389334e-03,-2.163153359279912369e-03,0.000000000000000000e+00
0.000000000000000000e+00,0.000000000000000000e+00,0.000000000000000000e+00,-1.386805585502304261e-03,-2.157071244040124902e-03,0.000000000000000000e+00
0.000000000000000000e+00,0.000000000000000000e+00,0.000000000000000000e+00,-1.391523185862220124e-03,-2.149699721135545083e-03,0.000000000000000000e+00
0.000000000000000000e+00,0.000000000000000000e+00,0.000000000000000000e+00,-1.396115510179152253e-03,-2.142539619376861160e-03,0.000000000000000000e+00
4.806034867532632716e-05,-6.379485037100093023e-05,2.357189414111367579e-03,-1.526643785424811614e-03,-2.202369898777700296e-03,-1.521230556166063220e-07
0.000000000000000000e+00,-5.000006372457206931e-05,2.312344256937765366e-03,-1.531212088305713547e-03,-2.195524990211125682e-03,3.823802715816198887e-08
0.000000000000000000e+00,0.000000000000000000e+00,0.000000000000000000e+00,-1.532920187751307672e-03,-2.190717086189265805e-03,0.000000000000000000e+00
0.000000000000000000e+00,0.000000000000000000e+00,0.000000000000000000e+00,-1.537044371129003828e-03,-2.184351913102185183e-03,0.000000000000000000e+00
0.000000000000000000e+00,0.000000000000000000e+00,0.000000000000000000e+00,-1.568575258927173977e-03,-2.274337782079673131e-03,0.000000000000000000e+00
0.000000000000000000e+00,0.000000000000000000e+00,2.492642726544185700e-03,-1.575230620622258609e-03,-2.266162335606574599e-03,0.000000000000000000e+00
0.000000000000000000e+00,0.000000000000000000e+00,2.449251534496368985e-03,-1.675306442367754944e-03,-2.232622949812350811e-03,0.000000000000000000e+00
0.000000000000000000e+00,0.000000000000000000e+00,0.000000000000000000e+00,-1.676233174617292043e-03,-2.229100875355945199e-03,0.000000000000000000e+00
0.000000000000000000e+00,0.000000000000000000e+00,0.000000000000000000e+00,-1.707473996724773180e-03,-2.319830145422405177e-03,0.000000000000000000e+00
0.000000000000000000e+00,0.000000000000000000e+00,2.581110228315756233e-03,-1.713819236420746151e-03,-2.312191032027944432e-03,0.000000000000000000e+00
0.000000000000000000e+00,0.000000000000000000e+00,2.538874399946943611e-03,-1.717371678456299693e-03,-2.307172964303105377e-03,0.000000000000000000e+00
0.000000000000000000e+00,0.000000000000000000e+00,0.000000000000000000e+00,-1.717658372577646197e-03,-2.304611589051187848e-03,0.000000000000000000e+00
0.000000000000000000e+00,0.000000000000000000e+00,0.000000000000000000e+00,-1.844665587887650560e-03,-2.368253021928154456e-03,0.000000000000000000e+00
0.000000000000000000e+00,0.000000000000000000e+00,0.000000000000000000e+00,-1.847673054711895801e-03,-2.363884800337827385e-03,0.000000000000000000e+00
0.000000000000000000e+00,0.000000000000000000e+00,2.728750278585750661e-03,-1.853667457499839910e-03,-2.356922399369364412e-03,0.000000000000000000e+00
0.000000000000000000e+00,0.000000000000000000e+00,2.687964392942841611e-03,-1.856660796270694991e-03,-2.352896595243552085e-03,0.000000000000000000e+00
0.000000000000000000e+00,0.000000000000000000e+00,0.000000000000000000e+00,-1.856146352851140158e-03,-2.351651422455879048e-03,0.000000000000000000e+00
0.000000000000000000e+00,0.000000000000000000e+00,0.000000000000000000e+00,-1.886758216034900570e-03,-2.444103795562840853e-03,0.000000000000000000e+00
0.000000000000000000e+00,0.000000000000000000e+00,2.826892513069281625e-03,-1.988468053431386232e-03,-2.409561399854868134e-03,0.000000000000000000e+00
0.000000000000000000e+00,0.000000000000000000e+00,2.787258851710187110e-03,-1.991029320797301112e-03,-2.406316674651751922e-03,0.000000000000000000e+00
0.000000000000000000e+00,0.000000000000000000e+00,0.000000000000000000e+00,-1.989882506371221105e-03,-2.406140300221501493e-03,0.000000000000000000e+00
0.000000000000000000e+00,0.000000000000000000e+00,0.000000000000000000e+00,-1.991975166864112801e-03,-2.403401997322932027e-03,0.000000000000000000e+00
0.000000000000000000e+00,0.000000000000000000e+00,2.929309048319664408e-03,-2.025773326210658556e-03,-2.493533162504910604e-03,0.000000000000000000e+00
0.000000000000000000e+00,0.000000000000000000e+00,2.890826248675334650e-03,-2.027918781921275639e-03,-2.491116494544446443e-03,0.000000000000000000e+00
0.000000000000000000e+00,0.000000000000000000e+00,0.000000000000000000e+00,-2.121990157525122100e-03,-2.463544550797794330e-03,0.000000000000000000e+00
0.000000000000000000e+00,0.000000000000000000e+00,0.000000000000000000e+00,-2.123649990457110448e-03,-2.461594286780000029e-03,0.000000000000000000e+00
0.000000000000000000e+00,0.000000000000000000e+00,3.035992792224076215e-03,-2.128793391372584432e-03,-2.456329326490099864e-03,0.000000000000000000e+00
0.000000000000000000e+00,0.000000000000000000e+00,2.998659504774690236e-03,-2.159125734777407775e-03,-2.550508182311124906e-03,0.000000000000000000e+00
0.000000000000000000e+00,0.000000000000000000e+00,0.000000000000000000e+00,-2.156655309710098223e-03,-2.552409012114155440e-03,0.000000000000000000e+00
0.000000000000000000e+00,0.000000000000000000e+00,0.000000000000000000e+00,-2.253728664392218306e-03,-2.522695487452646101e-03,0.000000000000000000e+00
0.000000000000000000e+00,0.000000000000000000e+00,3.146936705881666838e-03,-2.258670582960619830e-03,-2.517885000640168562e-03,0.000000000000000000e+00
0.000000000000000000e+00,0.000000000000000000e+00,0.000000000000000000e+00,-2.256018699605788491e-03,-2.520545296082636610e-03,0.000000000000000000e+00
0.000000000000000000e+00,0.000000000000000000e+00,0.000000000000000000e+00,-2.285633860644953330e-03,-2.615798464456559058e-03,0.000000000000000000e+00
0.000000000000000000e+00,0.000000000000000000e+00,0.000000000000000000e+00,-2.286457060568403143e-03,-2.615460365216405736e-03,0.000000000000000000e+00
0.000000000000000000e+00,0.000000000000000000e+00,3.262133803003010400e-03,-2.291288210451992904e-03,-2.611282007081202304e-03,0.000000000000000000e+00
0.000000000000000000e+00,0.000000000000000000e+00,3.322781950146309199e-03,-2.291968048782387548e-03,-2.611290608800787179e-03,0.000000000000000000e+00
0.000000000000000000e+00,0.000000000000000000e+00,0.000000000000000000e+00,-2.384171602368589937e-03,-2.586347630468208147e-03,0.000000000000000000e+00
0.000000000000000000e+00,0.000000000000000000e+00,3.320117784556961531e-03,-2.388679057922405910e-03,-2.582526446445259152e-03,0.000000000000000000e+00
0.000000000000000000e+00,0.000000000000000000e+00,3.381577149310195478e-03,-2.418150802018196200e-03,-2.678777758564177425e-03,0.000000000000000000e+00
0.000000000000000000e+00,0.000000000000000000e+00,0.000000000000000000e+00,-2.414133573337529093e-03,-2.683570484903426145e-03,0.000000000000000000e+00
0.000000000000000000e+00,0.000000000000000000e+00,3.380441075093118877e-03,-2.418596021017777216e-03,-2.680231307313891281e-03,0.000000000000000000e+00
0.000000000000000000e+00,0.000000000000000000e+00,3.442710673656333709e-03,-2.418653647370135138e-03,-2.681434672432582607e-03,0.000000000000000000e+00
0.000000000000000000e+00,0.000000000000000000e+00,0.000000000000000000e+00,-2.509883995461148487e-03,-2.657776656540350446e-03,0.000000000000000000e+00
0.000000000000000000e+00,0.000000000000000000e+00,0.000000000000000000e+00,-2.538819515190415821e-03,-2.755081277815651930e-03,0.000000000000000000e+00
0.000000000000000000e+00,0.000000000000000000e+00,3.506179799171860092e-03,-2.543165083994873999e-03,-2.752143126177514047e-03,0.000000000000000000e+00
0.000000000000000000e+00,0.000000000000000000e+00,3.569537894688360954e-03,-2.542826654743098914e-03,-2.754123280613728249e-03,0.000000000000000000e+00
0.000000000000000000e+00,0.000000000000000000e+00,0.000000000000000000e+00,-2.537707803442867949e-03,-2.760761640004306960e-03,0.000000000000000000e+00
0.000000000000000000e+00,0.000000000000000000e+00,3.571981819367264256e-03,-2.541835584658751635e-03,-2.758364542389498894e-03,0.000000000000000000e+00
0.000000000000000000e+00,0.000000000000000000e+00,3.636147850519743773e-03,-2.636706887627180470e-03,-2.731393167726609873e-03,0.000000000000000000e+00
0.000000000000000000e+00,0.000000000000000000e+00,0.000000000000000000e+00,-2.660660027937522543e-03,-2.834429947175719222e-03,0.000000000000000000e+00
0.000000000000000000e+00,0.000000000000000000e+00,3.640114045124908868e-03,-2.664720840470609538e-03,-2.832284191969118570e-03,0.000000000000000000e+00
0.000000000000000000e+00,0.000000000000000000e+00,3.705087045529400266e-03,-2.663784682787272672e-03,-2.835453917763628481e-03,0.000000000000000000e+00
0.000000000000000000e+00,0.000000000000000000e+00,0.000000000000000000e+00,-2.657737096162238188e-03,-2.843673866552806628e-03,0.000000000000000000e+00
0.000000000000000000e+00,0.000000000000000000e+00,3.710573804547778222e-03,-2.661603775089067380e-03,-2.842060555872072316e-03,0.000000000000000000e+00
0.000000000000000000e+00,0.000000000000000000e+00,3.776352812991954754e-03,-2.755802092375761458e-03,-2.816010690211059181e-03,0.000000000000000000e+00
0.000000000000000000e+00,0.000000000000000000e+00,0.000000000000000000e+00,-2.779079881154000731e-03,-2.920561047119608900e-03,0.000000000000000000e+00
0.000000000000000000e+00,0.000000000000000000e+00,3.783358442808344799e-03,-2.782907798198315432e-03,-2.919181186302069984e-03,0.000000000000000000e+00
0.000000000000000000e+00,0.000000000000000000e+00,3.849942503202016374e-03,-2.781388541735368026e-03,-2.923537333472086674e-03,0.000000000000000000e+00
0.000000000000000000e+00,0.000000000000000000e+00,3.791354685142598289e-03,-2.779768649137411094e-03,-2.927733859551349006e-03,0.000000000000000000e+00
0.000000000000000000e+00,0.000000000000000000e+00,3.858465321996351182e-03,-2.778047762855705323e-03,-2.932502836517881465e-03,0.000000000000000000e+00
0.000000000000000000e+00,0.000000000000000000e+00,0.000000000000000000e+00,-2.866236892885010157e-03,-2.912813818550415157e-03,0.000000000000000000e+00
0.000000000000000000e+00,0.000000000000000000e+00,3.867977690309362063e-03,-2.899803783667698285e-03,-3.007480810182208524e-03,0.000000000000000000e+00
0.000000000000000000e+00,0.000000000000000000e+00,3.935891820966833099e-03,-2.897815312863039495e-03,-3.012814123785312673e-03,0.000000000000000000e+00
0.000000000000000000e+00,0.000000000000000000e+00,0.000000000000000000e+00,-2.890052194839731747e-03,-3.023958063063429680e-03,0.000000000000000000e+00
0.000000000000000000e+00,0.000000000000000000e+00,3.946918653227395567e-03,-2.893541262737785863e-03,-3.023720125509049908e-03,0.000000000000000000e+00
0.000000000000000000e+00,0.000000000000000000e+00,4.015635335186845331e-03,-2.891256720247175737e-03,-3.029671290046143627e-03,0.000000000000000000e+00
0.000000000000000000e+00,0.000000000000000000e+00,3.958933317036224080e-03,-2.888875968538508459e-03,-3.035449319540440508e-03,0.000000000000000000e+00
0.000000000000000000e+00,0.000000000000000000e+00,4.028174980881074098e-03,-3.012077222292723882e-03,-3.106648966840573796e-03,0.000000000000000000e+00
0.000000000000000000e+00,0.000000000000000000e+00,0.000000000000000000e+00,-3.003533758175525037e-03,-3.119128345543974168e-03,0.000000000000000000e+00
0.000000000000000000e+00,0.000000000000000000e+00,4.041701416805564863e-03,-3.006890706083791172e-03,-3.119490762271878367e-03,0.000000000000000000e+00
0.000000000000000000e+00,0.000000000000000000e+00,4.111744096610656617e-03,-3.004153151303957502e-03,-3.126415486287711931e-03,0.000000000000000000e+00
0.000000000000000000e+00,0.000000000000000000e+00,0.000000000000000000e+00,-2.995148513981638061e-03,-3.139622460110923219e-03,0.000000000000000000e+00
0.000000000000000000e+00,0.000000000000000000e+00,4.126780673458784431e-03,-2.998392623980591053e-03,-3.140489178001260213e-03,0.000000000000000000e+00
0.000000000000000000e+00,0.000000000000000000e+00,0.000000000000000000e+00,-3.083992724114192896e-03,-3.123817128912811936e-03,0.000000000000000000e+00
0.000000000000000000e+00,0.000000000000000000e+00,4.237941908216000080e-03,-3.117899338897617799e-03,-3.219852939419269415e-03,0.000000000000000000e+00
0.000000000000000000e+00,0.000000000000000000e+00,4.214168537775459487e-03,-3.114967437833499227e-03,-3.227698523189072560e-03,0.000000000000000000e+00
0.000000000000000000e+00,0.000000000000000000e+00,0.000000000000000000e+00,-3.104749270196105471e-03,-3.242457584761798683e-03,0.000000000000000000e+00
0.000000000000000000e+00,0.000000000000000000e+00,4.326792936843890970e-03,-3.108077762188082935e-03,-3.243749201461323516e-03,0.000000000000000000e+00
0.000000000000000000e+00,0.000000000000000000e+00,0.000000000000000000e+00,-3.097858494172434085e-03,-3.258882295277064356e-03,0.000000000000000000e+00
0.000000000000000000e+00,0.000000000000000000e+00,0.000000000000000000e+00,-3.124917420403994228e-03,-3.362861693788785078e-03,0.000000000000000000e+00
0.000000000000000000e+00,0.000000000000000000e+00,4.417948143836731255e-03,-3.223493274444069918e-03,-3.333559035728387524e-03,0.000000000000000000e+00
0.000000000000000000e+00,0.000000000000000000e+00,0.000000000000000000e+00,-3.212270841420838963e-03,-3.349846413913469545e-03,0.000000000000000000e+00
0.000000000000000000e+00,0.000000000000000000e+00,0.000000000000000000e+00,-3.208329198564618956e-03,-3.359228402690213333e-03,0.000000000000000000e+00
0.000000000000000000e+00,0.000000000000000000e+00,4.606412663054050734e-03,-3.211846324251940374e-03,-3.361009623328498931e-03,0.000000000000000000e+00
0.000000000000000000e+00,0.000000000000000000e+00,0.000000000000000000e+00,-3.200387595809317531e-03,-3.377985107566559841e-03,0.000000000000000000e+00
0.000000000000000000e+00,0.000000000000000000e+00,4.627873734680001093e-03,-3.235023571660461655e-03,-3.475155253125739724e-03,0.000000000000000000e+00
0.000000000000000000e+00,0.000000000000000000e+00,4.702123508202821732e-03,-3.325894414751352432e-03,-3.453969447173028950e-03,0.000000000000000000e+00
0.000000000000000000e+00,0.000000000000000000e+00,0.000000000000000000e+00,-3.282733997047260210e-03,-3.376870566173459376e-03,0.000000000000000000e+00
0.000000000000000000e+00,0.000000000000000000e+00,4.725085915261740058e-03,-3.254668358201510178e-03,-3.284305799331940865e-03,0.000000000000000000e+00
0.000000000000000000e+00,0.000000000000000000e+00,0.000000000000000000e+00,-3.211096060112161865e-03,-3.207741824188758972e-03,0.000000000000000000e+00
0.000000000000000000e+00,0.000000000000000000e+00,4.843932007688095398e-03,-3.182478903500714652e-03,-3.115632885260710781e-03,0.000000000000000000e+00
0.000000000000000000e+00,0.000000000000000000e+00,0.000000000000000000e+00,-3.170426795192304859e-03,-3.134330442601258870e-03,0.000000000000000000e+00
0.000000000000000000e+00,0.000000000000000000e+00,0.000000000000000000e+00,-3.134147473831561115e-03,-3.050759902709823668e-03,0.000000000000000000e+00
0.000000000000000000e+00,0.000000000000000000e+00,4.944891926003022395e-03,-3.199709427907643580e-03,-2.927794667289476335e-03,0.000000000000000000e+00
0.000000000000000000e+00,0.000000000000000000e+00,5.021235011157782792e-03,-3.162985846398532527e-03,-2.844609695069570589e-03,0.000000000000000000e+00
0.000000000000000000e+00,0.000000000000000000e+00,4.971280097163675339e-03,-3.157729552014692815e-03,-2.856129615325120937e-03,0.000000000000000000e+00
0.000000000000000000e+00,0.000000000000000000e+00,5.048142402928769597e-03,-3.120699097827181901e-03,-2.773392784795929589e-03,0.000000000000000000e+00
0.000000000000000000e+00,0.000000000000000000e+00,4.998645489855206223e-03,-3.083469446782853042e-03,-2.690516434796499587e-03,0.000000000000000000e+00
0.000000000000000000e+00,0.000000000000000000e+00,5.076026656432447437e-03,-3.046089976804957754e-03,-2.608238749770680140e-03,0.000000000000000000e+00
0.000000000000000000e+00,0.000000000000000000e+00,5.026987500280757047e-03,-3.040355204123850862e-03,-2.620627146955843267e-03,0.000000000000000000e+00
0.000000000000000000e+00,0.000000000000000000e+00,5.104887169391152807e-03,-3.097450847485774556e-03,-2.506904911962011887e-03,0.000000000000000000e+00
0.000000000000000000e+00,0.000000000000000000e+00,5.056305528158097640e-03,-3.059543995652284215e-03,-2.424910009527845699e-03,0.000000000000000000e+00
0.000000000000000000e+00,0.000000000000000000e+00,5.134723343032038430e-03,-3.053486581537402655e-03,-2.438242975843360732e-03,0.000000000000000000e+00
0.000000000000000000e+00,0.000000000000000000e+00,5.086598976698496720e-03,-3.015276955735499316e-03,-2.356702384865406921e-03,0.000000000000000000e+00
0.000000000000000000e+00,0.000000000000000000e+00,5.165534582064150622e-03,-2.976935208762988231e-03,-2.275733890476820589e-03,0.000000000000000000e+00
0.000000000000000000e+00,0.000000000000000000e+00,5.117867252582895474e-03,-2.970499150834875549e-03,-2.289364827789661799e-03,0.000000000000000000e+00
0.000000000000000000e+00,0.000000000000000000e+00,5.197320294655920388e-03,-3.026544794303591152e-03,-2.176676645194916375e-03,0.000000000000000000e+00
0.000000000000000000e+00,0.000000000000000000e+00,5.150109765939429873e-03,-2.987667232968355818e-03,-2.096015246186556068e-03,0.000000000000000000e+00
0.000000000000000000e+00,0.000000000000000000e+00,0.000000000000000000e+00,-2.975397824594661067e-03,-2.118348771443144540e-03,0.000000000000000000e+00
0.000000000000000000e+00,0.000000000000000000e+00,5.277937923695649389e-03,-2.941564477287805877e-03,-2.030429451406840554e-03,0.000000000000000000e+00
0.000000000000000000e+00,0.000000000000000000e+00,0.000000000000000000e+00,-2.897316701359620161e-03,-1.958322632176719147e-03,0.000000000000000000e+00
0.000000000000000000e+00,0.000000000000000000e+00,0.000000000000000000e+00,-2.890130785646594092e-03,-1.973596891761214556e-03,0.000000000000000000e+00
0.000000000000000000e+00,0.000000000000000000e+00,5.393082590855038938e-03,-2.855574087496873508e-03,-1.886420493301172894e-03,0.000000000000000000e+00
0.000000000000000000e+00,0.000000000000000000e+00,0.000000000000000000e+00,-2.937754220269983563e-03,-1.877577176780338697e-03,0.000000000000000000e+00
0.000000000000000000e+00,0.000000000000000000e+00,5.523262892598333924e-03,-2.902756368049405448e-03,-1.790493103975388184e-03,0.000000000000000000e+00
0.000000000000000000e+00,0.000000000000000000e+00,0.000000000000000000e+00,-2.858150929513469940e-03,-1.719702027887799745e-03,0.000000000000000000e+00
0.000000000000000000e+00,0.000000000000000000e+00,5.559848238649247112e-03,-2.855034392604062325e-03,-1.727786694728858678e-03,0.000000000000000000e+00
0.000000000000000000e+00,0.000000000000000000e+00,5.642121939270505065e-03,-2.814695105926365640e-03,-1.649641387540110981e-03,0.000000000000000000e+00
0.000000000000000000e+00,0.000000000000000000e+00,5.597404302539817252e-03,-2.806821553419006944e-03,-1.665945572634525574e-03,0.000000000000000000e+00
0.000000000000000000e+00,0.000000000000000000e+00,0.000000000000000000e+00,-2.856246745837287548e-03,-1.563612258839455760e-03,0.000000000000000000e+00
0.000000000000000000e+00,0.000000000000000000e+00,5.730370624480916018e-03,-2.852421911869978347e-03,-1.572256614404984312e-03,0.000000000000000000e+00
0.000000000000000000e+00,0.000000000000000000e+00,0.000000000000000000e+00,-2.807369859604058604e-03,-1.502903782625318596e-03,0.000000000000000000e+00
0.000000000000000000e+00,0.000000000000000000e+00,5.769834027632021398e-03,-2.803209876952302091e-03,-1.512051553405225875e-03,0.000000000000000000e+00
0.000000000000000000e+00,0.000000000000000000e+00,5.853635241822453816e-03,-2.761998748221530624e-03,-1.435194685461557186e-03,0.000000000000000000e+00
0.000000000000000000e+00,0.000000000000000000e+00,5.810266315276328176e-03,-2.753516141693443126e-03,-1.452709511653254865e-03,0.000000000000000000e+00
0.000000000000000000e+00,0.000000000000000000e+00,0.000000000000000000e+00,-2.708166941264300576e-03,-1.384070459888572802e-03,0.000000000000000000e+00
0.000000000000000000e+00,0.000000000000000000e+00,5.946011536159485911e-03,-2.797561570679426950e-03,-1.361251216365893255e-03,0.000000000000000000e+00
0.000000000000000000e+00,0.000000000000000000e+00,0.000000000000000000e+00,-2.752094589923981260e-03,-1.293321453003093424e-03,0.000000000000000000e+00
0.000000000000000000e+00,0.000000000000000000e+00,5.988347116050752976e-03,-2.746886804373382170e-03,-1.303540432928746188e-03,0.000000000000000000e+00
0.000000000000000000e+00,0.000000000000000000e+00,6.073672396481183400e-03,-2.704816958365261793e-03,-1.227968706419203153e-03,0.000000000000000000e+00
0.000000000000000000e+00,0.000000000000000000e+00,6.031649775982791950e-03,-2.695739458523117860e-03,-1.246690378665056293e-03,0.000000000000000000e+00
0.000000000000000000e+00,0.000000000000000000e+00,0.000000000000000000e+00,-2.649987262414388312e-03,-1.179458331907044799e-03,0.000000000000000000e+00
0.000000000000000000e+00,0.000000000000000000e+00,6.075918966889430096e-03,-2.644122576409809692e-03,-1.190700312978336438e-03,0.000000000000000000e+00
0.000000000000000000e+00,0.000000000000000000e+00,0.000000000000000000e+00,-2.725496948291050714e-03,-1.185301060228821646e-03,0.000000000000000000e+00
0.000000000000000000e+00,0.000000000000000000e+00,6.215368821907686636e-03,-2.686146523657968049e-03,-1.102231270465544666e-03,0.000000000000000000e+00
0.000000000000000000e+00,0.000000000000000000e+00,0.000000000000000000e+00,-2.673339709927446961e-03,-1.130388950132003856e-03,0.000000000000000000e+00
0.000000000000000000e+00,0.000000000000000000e+00,6.355719537877378179e-03,-2.633435882310364903e-03,-1.047955676048016333e-03,0.000000000000000000e+00
0.000000000000000000e+00,0.000000000000000000e+00,0.000000000000000000e+00,-2.620531129287506644e-03,-1.076543682830548299e-03,0.000000000000000000e+00
0.000000000000000000e+00,0.000000000000000000e+00,6.402818082448923781e-03,-2.614007431349693166e-03,-1.088630328328059121e-03,0.000000000000000000e+00
0.000000000000000000e+00,0.000000000000000000e+00,6.490670240255197281e-03,-2.664760314302178426e-03,-9.815651441066664852e-04,0.000000000000000000e+00
0.000000000000000000e+00,0.000000000000000000e+00,6.450880716111277030e-03,-2.654763910526617733e-03,-1.002253778457154682e-03,0.000000000000000000e+00
0.000000000000000000e+00,0.000000000000000000e+00,6.411301587757445471e-03,-2.644702120208587953e-03,-1.023140263075640989e-03,0.000000000000000000e+00
0.000000000000000000e+00,0.000000000000000000e+00,6.499906905231683622e-03,-2.600882896069592332e-03,-9.503350360107976026e-04,0.000000000000000000e+00
0.000000000000000000e+00,0.000000000000000000e+00,6.460780206052431363e-03,-2.590641316739355961e-03,-9.716370194881279298e-04,0.000000000000000000e+00
0.000000000000000000e+00,0.000000000000000000e+00,0.000000000000000000e+00,-2.577157208000113719e-03,-1.001804958499469267e-03,0.000000000000000000e+00
0.000000000000000000e+00,0.000000000000000000e+00,6.605255675004065644e-03,-2.536002104647850156e-03,-9.210773730245683374e-04,0.000000000000000000e+00
0.000000000000000000e+00,0.000000000000000000e+00,0.000000000000000000e+00,-2.616779301196636709e-03,-9.177904053550081653e-04,0.000000000000000000e+00
0.000000000000000000e+00,0.000000000000000000e+00,6.750627376928982314e-03,-2.608967632145881444e-03,-9.313980685629264433e-04,0.000000000000000000e+00
0.000000000000000000e+00,0.000000000000000000e+00,0.000000000000000000e+00,-2.595327175686001908e-03,-9.625483704183215861e-04,0.000000000000000000e+00
0.000000000000000000e+00,0.000000000000000000e+00,6.802924403185709769e-03,-2.553635410933471125e-03,-8.823315302769003856e-04,0.000000000000000000e+00
0.000000000000000000e+00,0.000000000000000000e+00,0.000000000000000000e+00,-2.539784539345446568e-03,-9.139786843843020203e-04,0.000000000000000000e+00
0.000000000000000000e+00,0.000000000000000000e+00,6.950118017786810140e-03,-2.531925405687467101e-03,-9.281789175736033506e-04,0.000000000000000000e+00
0.000000000000000000e+00,0.000000000000000000e+00,0.000000000000000000e+00,-2.517889912714066369e-03,-9.601259942119758084e-04,0.000000000000000000e+00
0.000000000000000000e+00,0.000000000000000000e+00,7.004301969006502745e-03,-2.604030837444683711e-03,-9.404455922718717772e-04,0.000000000000000000e+00
0.000000000000000000e+00,0.000000000000000000e+00,0.000000000000000000e+00,-2.555618578224061466e-03,-8.792217123574919135e-04,0.000000000000000000e+00
0.000000000000000000e+00,0.000000000000000000e+00,7.153314345083349075e-03,-2.547414002728615526e-03,-8.938675487795540381e-04,0.000000000000000000e+00
0.000000000000000000e+00,0.000000000000000000e+00,0.000000000000000000e+00,-2.533088702892705157e-03,-9.268801394636608237e-04,0.000000000000000000e+00
0.000000000000000000e+00,0.000000000000000000e+00,7.303218623725716251e-03,-2.524826220272221450e-03,-9.420120886853183047e-04,0.000000000000000000e+00
0.000000000000000000e+00,0.000000000000000000e+00,0.000000000000000000e+00,-2.510130155064738133e-03,-9.755272811041160175e-04,0.000000000000000000e+00
0.000000000000000000e+00,0.000000000000000000e+00,7.360210624436142393e-03,-2.595967030511634691e-03,-9.563079022994885880e-04,0.000000000000000000e+00
0.000000000000000000e+00,0.000000000000000000e+00,7.418605268407826338e-03,-2.584329059992943566e-03,-9.809531644792710350e-04,0.000000000000000000e+00
0.000000000000000000e+00,0.000000000000000000e+00,7.418160630537200609e-03,-2.538353859314932282e-03,-9.120300969804888327e-04,0.000000000000000000e+00
0.000000000000000000e+00,0.000000000000000000e+00,7.476970397812082204e-03,-2.526554714630430652e-03,-9.370853880151387271e-04,0.000000000000000000e+00
0.000000000000000000e+00,0.000000000000000000e+00,0.000000000000000000e+00,-2.511427414683464754e-03,-9.717744325593580257e-04,0.000000000000000000e+00
0.000000000000000000e+00,0.000000000000000000e+00,7.630010441834585849e-03,-2.503000168783169315e-03,-9.879083231605241804e-04,0.000000000000000000e+00
0.000000000000000000e+00,0.000000000000000000e+00,0.000000000000000000e+00,-2.487484339259271593e-03,-1.023093367544199161e-03,0.000000000000000000e+00
0.000000000000000000e+00,0.000000000000000000e+00,7.690254030991499831e-03,-2.573070172341792097e-03,-1.004567226472439373e-03,0.000000000000000000e+00
0.000000000000000000e+00,0.000000000000000000e+00,7.750054112190535652e-03,-2.560959810428200048e-03,-1.030546460947603677e-03,0.000000000000000000e+00
0.000000000000000000e+00,0.000000000000000000e+00,7.751453665955559090e-03,-2.549151964021504485e-03,-1.056776716832133521e-03,0.000000000000000000e+00
0.000000000000000000e+00,0.000000000000000000e+00,7.811667635813168177e-03,-2.536928506395251613e-03,-1.083143071345263417e-03,0.000000000000000000e+00
0.000000000000000000e+00,0.000000000000000000e+00,0.000000000000000000e+00,-2.426845576757985512e-03,-1.154301277031949402e-03,0.000000000000000000e+00
0.000000000000000000e+00,0.000000000000000000e+00,7.967834197215143549e-03,-2.325248971710886913e-03,-1.206766419623968778e-03,0.000000000000000000e+00
0.000000000000000000e+00,0.000000000000000000e+00,7.935039817344289106e-03,-2.406660451532321651e-03,-1.198596872980070517e-03,0.000000000000000000e+00
0.000000000000000000e+00,0.000000000000000000e+00,8.031321822158503723e-03,-2.300831156957063375e-03,-1.261107134360272717e-03,0.000000000000000000e+00
0.000000000000000000e+00,0.000000000000000000e+00,7.998976378568336057e-03,-2.194923596162097219e-03,-1.323683179758062363e-03,0.000000000000000000e+00
0.000000000000000000e+00,0.000000000000000000e+00,0.000000000000000000e+00,-2.083401419550323652e-03,-1.395206713099464424e-03,0.000000000000000000e+00
0.000000000000000000e+00,0.000000000000000000e+00,8.157377089361969591e-03,-1.982957914804980501e-03,-1.449962723218087366e-03,0.000000000000000000e+00
0.000000000000000000e+00,0.000000000000000000e+00,8.219165950347655236e-03,-1.970403541536211618e-03,-1.478081040135114863e-03,0.000000000000000000e+00
0.000000000000000000e+00,0.000000000000000000e+00,8.223184834146059219e-03,-1.864567803864570095e-03,-1.541930333836036672e-03,0.000000000000000000e+00
0.000000000000000000e+00,0.000000000000000000e+00,8.285385862113263736e-03,-1.793872892170489787e-03,-1.699428149868728111e-03,0.000000000000000000e+00
0.000000000000000000e+00,0.000000000000000000e+00,8.254319586334893377e-03,-1.687905775746490877e-03,-1.763658842824202986e-03,0.000000000000000000e+00
0.000000000000000000e+00,0.000000000000000000e+00,8.352558309070483994e-03,-1.581903842470759125e-03,-1.828388465506936835e-03,0.000000000000000000e+00
0.000000000000000000e+00,0.000000000000000000e+00,8.321940199432126956e-03,-1.569359593610926461e-03,-1.857607253445832081e-03,0.000000000000000000e+00
0.000000000000000000e+00,0.000000000000000000e+00,8.384918584045927825e-03,-1.463191841290487983e-03,-1.922657895433874109e-03,0.000000000000000000e+00
0.000000000000000000e+00,0.000000000000000000e+00,0.000000000000000000e+00,-1.348893120041272375e-03,-1.993870513923932941e-03,0.000000000000000000e+00
0.000000000000000000e+00,0.000000000000000000e+00,8.547255497991694886e-03,-1.344313872410811969e-03,-2.018079231259813262e-03,0.000000000000000000e+00
0.000000000000000000e+00,0.000000000000000000e+00,0.000000000000000000e+00,-1.229384850850001598e-03,-2.089419234604115994e-03,0.000000000000000000e+00
0.000000000000000000e+00,0.000000000000000000e+00,8.710472081568224750e-03,-1.167739637385157344e-03,-2.243615217739553403e-03,0.000000000000000000e+00
0.000000000000000000e+00,0.000000000000000000e+00,0.000000000000000000e+00,-1.051659423871198484e-03,-2.314850342707071296e-03,0.000000000000000000e+00
0.000000000000000000e+00,0.000000000000000000e+00,8.781283609134309803e-03,-1.048856137242986210e-03,-2.341008336253828492e-03,0.000000000000000000e+00
0.000000000000000000e+00,0.000000000000000000e+00,0.000000000000000000e+00,-9.319495381659992361e-04,-2.412292733066555284e-03,0.000000000000000000e+00
0.000000000000000000e+00,0.000000000000000000e+00,8.946291782607890264e-03,-9.296942889595722053e-04,-2.439317448752595721e-03,0.000000000000000000e+00
0.000000000000000000e+00,0.000000000000000000e+00,9.011038397066925207e-03,-8.234065229198216443e-04,-2.506715858777021355e-03,0.000000000000000000e+00
0.000000000000000000e+00,0.000000000000000000e+00,9.018965402424474267e-03,-7.533637692923184906e-04,-2.667968207326522866e-03,0.000000000000000000e+00
0.000000000000000000e+00,0.000000000000000000e+00,9.084121641010401565e-03,-7.042227781373348481e-04,-2.606534173118505836e-03,0.000000000000000000e+00
0.000000000000000000e+00,0.000000000000000000e+00,9.149451355950702358e-03,-5.617241228042407254e-04,-2.581497839609908380e-03,0.000000000000000000e+00
0.000000000000000000e+00,0.000000000000000000e+00,9.158153429948700380e-03,-4.192655120244195995e-04,-2.557095934845317591e-03,0.000000000000000000e+00
0.000000000000000000e+00,0.000000000000000000e+00,9.223892283552592025e-03,-4.060249996904413770e-04,-2.589627370436646796e-03,0.000000000000000000e+00
0.000000000000000000e+00,0.000000000000000000e+00,9.196681487721559273e-03,-2.633931537882194134e-04,-2.565556523479659880e-03,0.000000000000000000e+00
0.000000000000000000e+00,0.000000000000000000e+00,9.262783074797111341e-03,-2.136909866027646501e-04,-2.505376309641073329e-03,0.000000000000000000e+00
0.000000000000000000e+00,0.000000000000000000e+00,9.272516604014355637e-03,-7.080853614782858427e-05,-2.482139821848785167e-03,0.000000000000000000e+00
0.000000000000000000e+00,0.000000000000000000e+00,9.339026732371214293e-03,3.581594620286160201e-05,-2.552022986197337046e-03,0.000000000000000000e+00
0.000000000000000000e+00,0.000000000000000000e+00,9.312660022583201316e-03,8.571604203640352331e-05,-2.492684787075420249e-03,0.000000000000000000e+00
0.000000000000000000e+00,0.000000000000000000e+00,9.416217280124121111e-03,2.290083356233302346e-04,-2.470246324975344972e-03,0.000000000000000000e+00
0.000000000000000000e+00,0.000000000000000000e+00,9.390296656096060526e-03,2.425760957818234615e-04,-2.504480240228062603e-03,0.000000000000000000e+00
0.000000000000000000e+00,0.000000000000000000e+00,9.457576861739045229e-03,3.859719082269115194e-04,-2.482383476916978030e-03,0.000000000000000000e+00
0.000000000000000000e+00,0.000000000000000000e+00,9.432053617273132920e-03,4.363285059601653532e-04,-2.424036591848447927e-03,0.000000000000000000e+00
0.000000000000000000e+00,0.000000000000000000e+00,9.536567444731396809e-03,5.432944602423126238e-04,-2.495763451204549652e-03,0.000000000000000000e+00
0.000000000000000000e+00,0.000000000000000000e+00,9.511489981653332981e-03,5.938546233598871425e-04,-2.437898532720190851e-03,0.000000000000000000e+00
0.000000000000000000e+00,0.000000000000000000e+00,9.579539080708552451e-03,7.376135269386137555e-04,-2.416962724858534670e-03,0.000000000000000000e+00
0.000000000000000000e+00,0.000000000000000000e+00,9.554858694400024735e-03,7.515561622448086376e-04,-2.452560790008112643e-03,0.000000000000000000e+00
0.000000000000000000e+00,0.000000000000000000e+00,9.660327929743339412e-03,8.955933574623429040e-04,-2.432406866547702756e-03,0.000000000000000000e+00
0.000000000000000000e+00,0.000000000000000000e+00,9.636093026686585322e-03,9.466013027979076639e-04,-2.375530795778842824e-03,0.000000000000000000e+00
0.000000000000000000e+00,0.000000000000000000e+00,9.704909848689392479e-03,1.053716050016870751e-03,-2.448656162152303313e-03,0.000000000000000000e+00
0.000000000000000000e+00,0.000000000000000000e+00,9.681071726723533208e-03,1.104919419245749658e-03,-2.392267108178586753e-03,0.000000000000000000e+00
0.000000000000000000e+00,0.000000000000000000e+00,9.750248899295771085e-03,1.212090555193839772e-03,-2.465921676508393834e-03,0.000000000000000000e+00
0.000000000000000000e+00,0.000000000000000000e+00,9.764102286955534185e-03,1.263648935090987309e-03,-2.410220653721261395e-03,0.000000000000000000e+00
0.000000000000000000e+00,0.000000000000000000e+00,9.740917346167466198e-03,1.370820702696876189e-03,-2.484563826190270240e-03,0.000000000000000000e+00
0.000000000000000000e+00,0.000000000000000000e+00,9.810689236369579333e-03,1.422479886585741385e-03,-2.428986245317782747e-03,0.000000000000000000e+00
0.000000000000000000e+00,0.000000000000000000e+00,9.787900754974074996e-03,1.474205791977427999e-03,-2.373792274716100131e-03,0.000000000000000000e+00
0.000000000000000000e+00,0.000000000000000000e+00,9.858032308664985144e-03,1.581555192049483201e-03,-2.448765731046626329e-03,0.000000000000000000e+00
0.000000000000000000e+00,0.000000000000000000e+00,9.873170698044187246e-03,1.633666702896147301e-03,-2.394250100879615969e-03,0.000000000000000000e+00
0.000000000000000000e+00,0.000000000000000000e+00,9.943707794045658632e-03,1.741078569947744669e-03,-2.469756061292278145e-03,0.000000000000000000e+00
0.000000000000000000e+00,0.000000000000000000e+00,9.921760364350586114e-03,1.793187434431158704e-03,-2.415526384673654346e-03,0.000000000000000000e+00
0.000000000000000000e+00,0.000000000000000000e+00,9.900020831821650449e-03,1.807907349860160898e-03,-2.454220565040042545e-03,0.000000000000000000e+00
0.000000000000000000e+00,0.000000000000000000e+00,9.971105166810257520e-03,1.952945095364877438e-03,-2.437814220167156595e-03,0.000000000000000000e+00
0.000000000000000000e+00,0.000000000000000000e+00,9.949761646527777170e-03,1.967759528991574851e-03,-2.476951310053875175e-03,0.000000000000000000e+00
0.000000000000000000e+00,0.000000000000000000e+00,1.005901708861306303e-02,2.020535758235570637e-03,-2.423645964879201590e-03,0.000000000000000000e+00
0.000000000000000000e+00,0.000000000000000000e+00,1.003811799616836746e-02,2.128087509772896933e-03,-2.500885345867016451e-03,0.000000000000000000e+00
0.000000000000000000e+00,0.000000000000000000e+00,1.001742674653985539e-02,2.180782374010899975e-03,-2.448053480136204614e-03,0.000000000000000000e+00
0.000000000000000000e+00,0.000000000000000000e+00,1.008946228882380211e-02,2.195836095208109680e-03,-2.487836763714632547e-03,0.000000000000000000e+00
0.000000000000000000e+00,0.000000000000000000e+00,1.006916675612313551e-02,2.341294828347040974e-03,-2.473285714481671723e-03,0.000000000000000000e+00
0.000000000000000000e+00,0.000000000000000000e+00,1.004907904504795738e-02,2.356404691491402643e-03,-2.513705282816412843e-03,0.000000000000000000e+00
0.000000000000000000e+00,0.000000000000000000e+00,1.012166039570802471e-02,2.409512782422396776e-03,-2.461586789647864440e-03,0.000000000000000000e+00
0.000000000000000000e+00,0.000000000000000000e+00,1.010196824534523481e-02,2.517230777300440234e-03,-2.540386198101015573e-03,0.000000000000000000e+00
0.000000000000000000e+00,0.000000000000000000e+00,0.000000000000000000e+00,2.583330791967930473e-03,-2.476085822062039365e-03,0.000000000000000000e+00
0.000000000000000000e+00,0.000000000000000000e+00,1.028625364117051119e-02,2.586126249285605402e-03,-2.529964810964409339e-03,0.000000000000000000e+00
0.000000000000000000e+00,0.000000000000000000e+00,1.026719302822046327e-02,2.601462832205029847e-03,-2.571404658154870237e-03,0.000000000000000000e+00
0.000000000000000000e+00,0.000000000000000000e+00,1.024834015930362399e-02,2.747427146818116894e-03,-2.558779415417102802e-03,0.000000000000000000e+00
0.000000000000000000e+00,0.000000000000000000e+00,1.032203987343965207e-02,2.762864067697684122e-03,-2.600435123069005840e-03,0.000000000000000000e+00
0.000000000000000000e+00,0.000000000000000000e+00,1.030358218707773735e-02,2.816578831385966718e-03,-2.550116583587857567e-03,0.000000000000000000e+00
0.000000000000000000e+00,0.000000000000000000e+00,0.000000000000000000e+00,2.845745031987978457e-03,-2.577909521680223082e-03,0.000000000000000000e+00
0.000000000000000000e+00,0.000000000000000000e+00,1.049038401456352937e-02,2.940344296111261930e-03,-2.672929478637811346e-03,0.000000000000000000e+00
0.000000000000000000e+00,0.000000000000000000e+00,1.047255718676595206e-02,2.994308274348530651e-03,-2.623290905205554954e-03,0.000000000000000000e+00
0.000000000000000000e+00,0.000000000000000000e+00,1.045493803287731241e-02,3.009942377454878377e-03,-2.666188741484334761e-03,0.000000000000000000e+00
0.000000000000000000e+00,0.000000000000000000e+00,1.052975368832910485e-02,3.064108791683336792e-03,-2.616740212119526149e-03,0.000000000000000000e+00
0.000000000000000000e+00,0.000000000000000000e+00,1.051252935376382515e-02,3.079842529881084492e-03,-2.660026912676211313e-03,0.000000000000000000e+00
0.000000000000000000e+00,0.000000000000000000e+00,1.049551268177628845e-02,3.187849528254057228e-03,-2.742093920439788324e-03,0.000000000000000000e+00
0.000000000000000000e+00,0.000000000000000000e+00,1.047870368216572909e-02,3.242255076131359774e-03,-2.693571395181902466e-03,0.000000000000000000e+00
0.000000000000000000e+00,0.000000000000000000e+00,1.055424943755425490e-02,3.258091808898871348e-03,-2.737227928558397770e-03,0.000000000000000000e+00
0.000000000000000000e+00,0.000000000000000000e+00,1.057673567109635761e-02,3.313043335781511861e-03,-2.689321107519310455e-03,0.000000000000000000e+00
0.000000000000000000e+00,0.000000000000000000e+00,1.056057751472070337e-02,3.328975711124247238e-03,-2.733624204953679932e-03,0.000000000000000000e+00
0.000000000000000000e+00,0.000000000000000000e+00,1.054462702979098651e-02,3.344930333346745471e-03,-2.778112180350586144e-03,0.000000000000000000e+00
0.000000000000000000e+00,0.000000000000000000e+00,1.062094832447783334e-02,3.399788766047589020e-03,-2.730385893918845300e-03,0.000000000000000000e+00
0.000000000000000000e+00,0.000000000000000000e+00,1.060539235105330269e-02,3.507952496924978108e-03,-2.814189821984542858e-03,0.000000000000000000e+00
0.000000000000000000e+00,0.000000000000000000e+00,1.059004404274439121e-02,3.524002098739813238e-03,-2.859298233175404467e-03,0.000000000000000000e+00
0.000000000000000000e+00,0.000000000000000000e+00,1.057490341099005283e-02,3.579100027081093434e-03,-2.812515644528940876e-03,0.000000000000000000e+00
0.000000000000000000e+00,0.000000000000000000e+00,1.065195329906034986e-02,3.595233771323726440e-03,-2.857736269225897262e-03,0.000000000000000000e+00
0.000000000000000000e+00,0.000000000000000000e+00,1.063720703643623519e-02,3.611395027265800178e-03,-2.903414743138720260e-03,0.000000000000000000e+00
0.000000000000000000e+00,0.000000000000000000e+00,1.062266844656105380e-02,3.666745385309054094e-03,-2.857263489763601713e-03,0.000000000000000000e+00
0.000000000000000000e+00,0.000000000000000000e+00,1.060833754170160091e-02,3.682994811503589785e-03,-2.903329745046743550e-03,0.000000000000000000e+00
0.000000000000000000e+00,0.000000000000000000e+00,1.068611528952852739e-02,3.699256362727458038e-03,-2.949294596417862020e-03,0.000000000000000000e+00
0.000000000000000000e+00,0.000000000000000000e+00,1.067217861814598497e-02,3.715544555780633199e-03,-2.995725476192926534e-03,0.000000000000000000e+00
0.000000000000000000e+00,0.000000000000000000e+00,1.065844963045213707e-02,3.771211597427411369e-03,-2.950407806977494319e-03,0.000000000000000000e+00
0.000000000000000000e+00,0.000000000000000000e+00,1.064492833952625228e-02,3.787585054234095076e-03,-2.997225420039308086e-03,0.000000000000000000e+00
0.000000000000000000e+00,0.000000000000000000e+00,1.063161475864573234e-02,3.895867936685873736e-03,-3.083685424514692568e-03,0.000000000000000000e+00
0.000000000000000000e+00,0.000000000000000000e+00,1.071030604047752341e-02,3.951750899289418507e-03,-3.038745805060360638e-03,0.000000000000000000e+00
0.000000000000000000e+00,0.000000000000000000e+00,1.069738655185258416e-02,3.968206205168949702e-03,-3.086179139504578121e-03,0.000000000000000000e+00
0.000000000000000000e+00,0.000000000000000000e+00,1.064491049825328113e-02,3.984250759930072806e-03,-3.133583345818188870e-03,0.000000000000000000e+00
0.000000000000000000e+00,0.000000000000000000e+00,1.063235798223130697e-02,4.000735974441192722e-03,-3.181378191590877608e-03,0.000000000000000000e+00
4.578633171169727944e-05,-2.009329418922777008e-05,1.062001321028253203e-02,4.056934895501999698e-03,-3.137574610620799762e-03,-9.629123384617487304e-08
0.000000000000000000e+00,0.000000000000000000e+00,1.069957082555939194e-02,4.073487659059113475e-03,-3.185441647521664553e-03,0.000000000000000000e+00
0.000000000000000000e+00,0.000000000000000000e+00,1.068762002027307152e-02,4.090069284837563254e-03,-3.233800854792359073e-03,0.000000000000000000e+00
0.000000000000000000e+00,0.000000000000000000e+00,1.067587696390271540e-02,4.106665431226453646e-03,-3.282342156048894018e-03,0.000000000000000000e+00
0.000000000000000000e+00,0.000000000000000000e+00,1.066434167154637139e-02,4.163165437780395189e-03,-3.239366376760566355e-03,0.000000000000000000e+00
4.573290432174388084e-05,-2.021360481320328483e-05,1.065301415849068817e-02,4.179838897200981868e-03,-3.288291510366144789e-03,-1.020370505994103281e-07
0.000000000000000000e+00,0.000000000000000000e+00,1.064189444021044345e-02,4.196525790153023301e-03,-3.337398335882933113e-03,0.000000000000000000e+00
0.000000000000000000e+00,0.000000000000000000e+00,1.072254965487980626e-02,4.213215480352205250e-03,-3.386359007768284524e-03,0.000000000000000000e+00
0.000000000000000000e+00,0.000000000000000000e+00,1.071182377479181283e-02,4.270010964202923531e-03,-3.344208907662907931e-03,0.000000000000000000e+00
0.000000000000000000e+00,0.000000000000000000e+00,1.070130569776824719e-02,4.286786743934325496e-03,-3.393877230158958737e-03,0.000000000000000000e+00
4.567896139825377785e-05,-2.033394656386150945e-05,1.069099544003116256e-02,4.303574508043702708e-03,-3.443726708754339758e-03,-1.080126285819836620e-07
0.000000000000000000e+00,0.000000000000000000e+00,1.068089301798441811e-02,4.320373896533329094e-03,-3.493757199947127544e-03,0.000000000000000000e+00
0.000000000000000000e+00,0.000000000000000000e+00,1.063055806212171578e-02,4.245189519883688957e-03,-3.503450950545998217e-03,0.000000000000000000e+00
0.000000000000000000e+00,0.000000000000000000e+00,1.071226341533614186e-02,4.302343539016598856e-03,-3.461946380722486991e-03,0.000000000000000000e+00
0.000000000000000000e+00,0.000000000000000000e+00,1.070271416020663821e-02,4.319244018272082493e-03,-3.512482711520588906e-03,0.000000000000000000e+00
4.562589051088628125e-05,-2.045493752147936186e-05,1.069337277390769447e-02,4.336154678442615505e-03,-3.563199492785852456e-03,-1.141916118982979615e-07
0.000000000000000000e+00,0.000000000000000000e+00,1.068423927381018622e-02,4.353075161870982417e-03,-3.614096579521927644e-03,0.000000000000000000e+00
0.000000000000000000e+00,0.000000000000000000e+00,1.067531367746149540e-02,4.370005102768104513e-03,-3.665173845475563127e-03,0.000000000000000000e+00
0.000000000000000000e+00,0.000000000000000000e+00,1.066659600258399593e-02,4.386944141448678551e-03,-3.716431151550384730e-03,0.000000000000000000e+00
0.000000000000000000e+00,0.000000000000000000e+00,1.065808626707431643e-02,4.444509677685340270e-03,-3.676483083207447364e-03,0.000000000000000000e+00
4.557091257608243586e-05,-2.057533217037090618e-05,1.074107239626719522e-02,4.461507695787902961e-03,-3.727765803055991568e-03,-1.206213565790101495e-07
0.000000000000000000e+00,0.000000000000000000e+00,1.069208232863074273e-02,4.478037880529994220e-03,-3.779321949808440214e-03,0.000000000000000000e+00
0.000000000000000000e+00,0.000000000000000000e+00,1.068412580229007904e-02,4.495058103106032953e-03,-3.831310931860525907e-03,0.000000000000000000e+00
0.000000000000000000e+00,0.000000000000000000e+00,1.067637725490310635e-02,4.512085633115774097e-03,-3.883479250160202893e-03,0.000000000000000000e+00
0.000000000000000000e+00,0.000000000000000000e+00,1.066883670529163858e-02,4.437846330216608029e-03,-3.894969104539773401e-03,0.000000000000000000e+00
4.551617167968686068e-05,-2.069608811801872052e-05,1.066150417244589657e-02,4.454907515071504683e-03,-3.947446129364318157e-03,-1.347389375077316750e-07
0.000000000000000000e+00,0.000000000000000000e+00,1.074553787658699341e-02,4.512928765590879139e-03,-3.908503687820955377e-03,0.000000000000000000e+00
0.000000000000000000e+00,0.000000000000000000e+00,1.073859889348727399e-02,4.530053109699332115e-03,-3.961355469033586013e-03,0.000000000000000000e+00
0.000000000000000000e+00,0.000000000000000000e+00,1.069065519304573941e-02,4.546687111264558975e-03,-4.014109538446404730e-03,0.000000000000000000e+00
4.547290431961145755e-05,-2.079311735863185491e-05,1.068408396247151095e-02,4.563819552121030527e-03,-4.067314129899348915e-03,-1.387226007677085457e-07
0.000000000000000000e+00,0.000000000000000000e+00,1.067772081286646156e-02,4.580956815295306704e-03,-4.120697055030953307e-03,0.000000000000000000e+00
0.000000000000000000e+00,0.000000000000000000e+00,1.067156576427619012e-02,4.506976626353303636e-03,-4.133061202665447298e-03,0.000000000000000000e+00
0.000000000000000000e+00,0.000000000000000000e+00,1.066561883690632026e-02,4.524142603072961455e-03,-4.186750776585759608e-03,0.000000000000000000e+00
0.000000000000000000e+00,0.000000000000000000e+00,1.075088435721859893e-02,4.541321584441583743e-03,-4.240237640181838095e-03,0.000000000000000000e+00
4.541784706635250142e-05,-2.091419077597841931e-05,1.070382789261009084e-02,4.557993682416961248e-03,-4.293979276906573044e-03,-1.532516175790870596e-07
0.000000000000000000e+00,0.000000000000000000e+00,1.069843428998273893e-02,4.575168722020011604e-03,-4.348194633978152632e-03,0.000000000000000000e+00
0.000000000000000000e+00,0.000000000000000000e+00,1.069324885818517465e-02,4.592346454108932503e-03,-4.402587467711324004e-03,0.000000000000000000e+00
0.000000000000000000e+00,0.000000000000000000e+00,1.068827161828131596e-02,4.560023553629601219e-03,-4.324680563602401745e-03,0.000000000000000000e+00
4.537181816063875567e-05,-2.101031525881857297e-05,1.068350259148904101e-02,4.577275457292731033e-03,-4.379398419588035815e-03,-1.575197379868789563e-07
0.000000000000000000e+00,0.000000000000000000e+00,0.000000000000000000e+00,4.618118243702062919e-03,-4.409676912211953070e-03,0.000000000000000000e+00
0.000000000000000000e+00,0.000000000000000000e+00,1.085628879829616221e-02,4.611815641906832387e-03,-4.488574846755633008e-03,0.000000000000000000e+00
0.000000000000000000e+00,0.000000000000000000e+00,1.085209836396849696e-02,4.629074514441815051e-03,-4.543816983577733150e-03,0.000000000000000000e+00
4.532810043387077776e-05,-2.110766985773841344e-05,1.080622863029544189e-02,4.645817237560652575e-03,-4.598910805587871908e-03,-1.694735909553523091e-07
0.000000000000000000e+00,0.000000000000000000e+00,1.080240639760894107e-02,4.572218120694849369e-03,-4.612729966150459424e-03,0.000000000000000000e+00
0.000000000000000000e+00,0.000000000000000000e+00,1.079879243733642726e-02,4.589495247843898042e-03,-4.668447250314949372e-03,0.000000000000000000e+00
0.000000000000000000e+00,0.000000000000000000e+00,1.079538677182785220e-02,4.606771928259457971e-03,-4.724340689390392478e-03,0.000000000000000000e+00
4.528140493918855384e-05,-2.120379645955258665e-05,1.079218942357897636e-02,4.624047810153958729e-03,-4.780410146619604173e-03,-1.815193985714032780e-07
0.000000000000000000e+00,0.000000000000000000e+00,1.083776457752374731e-02,4.550065630278830701e-03,-4.793935248754395591e-03,0.000000000000000000e+00
0.000000000000000000e+00,0.000000000000000000e+00,1.083491233777741404e-02,4.567357934789736257e-03,-4.850298689788503509e-03,0.000000000000000000e+00
0.000000000000000000e+00,0.000000000000000000e+00,1.083226845177478158e-02,4.584648401575765891e-03,-4.906837683747673762e-03,0.000000000000000000e+00
4.523638184818263604e-05,-2.130086195133227599e-05,1.082983294265652333e-02,4.644048652042169836e-03,-4.872848350707450864e-03,-1.862143048006245084e-07
0.000000000000000000e+00,0.000000000000000000e+00,1.078528122479219947e-02,4.612344588072859498e-03,-4.796571326483063148e-03,0.000000000000000000e+00
0.000000000000000000e+00,0.000000000000000000e+00,1.078321433151515837e-02,4.671954116717374345e-03,-4.762967996030702256e-03,0.000000000000000000e+00
0.000000000000000000e+00,0.000000000000000000e+00,1.078135589267216650e-02,4.731660052426958987e-03,-4.729580094223209685e-03,0.000000000000000000e+00
4.519102359879228082e-05,-2.139792938621208542e-05,1.087024175560008868e-02,4.791476118008002917e-03,-4.695993175033460684e-03,-1.685459237723910188e-07
0.000000000000000000e+00,0.000000000000000000e+00,1.086877666168732312e-02,4.760778000838753778e-03,-4.620681082574819992e-03,0.000000000000000000e+00
0.000000000000000000e+00,0.000000000000000000e+00,1.082495403865072273e-02,4.820254720867997618e-03,-4.587570045492681686e-03,0.000000000000000000e+00
0.000000000000000000e+00,0.000000000000000000e+00,1.082385776761204260e-02,4.880354297593501867e-03,-4.554995606795707482e-03,0.000000000000000000e+00
4.514468323921672251e-05,-2.149468862897157564e-05,1.082297003993522473e-02,4.940548692604049101e-03,-4.522635912685602118e-03,-1.509998274328372208e-07
0.000000000000000000e+00,0.000000000000000000e+00,1.077957779264222468e-02,4.867249785217376938e-03,-4.538130663686232302e-03,0.000000000000000000e+00
0.000000000000000000e+00,0.000000000000000000e+00,1.077905907023773459e-02,4.927598470093648951e-03,-4.506134305052840808e-03,0.000000000000000000e+00
0.000000000000000000e+00,0.000000000000000000e+00,1.077874897287425457e-02,4.988041016590288521e-03,-4.474352262489445994e-03,0.000000000000000000e+00
4.509800318959069585e-05,-2.159144002051769000e-05,1.077864752550211462e-02,5.048577108508845411e-03,-4.442784408097784701e-03,-1.410887094395457021e-07
0.000000000000000000e+00,0.000000000000000000e+00,1.073584651694480668e-02,5.018249170979036285e-03,-4.368390829900766804e-03,0.000000000000000000e+00
0.000000000000000000e+00,0.000000000000000000e+00,1.073611431916585493e-02,5.078986863206446170e-03,-4.337205358687820124e-03,0.000000000000000000e+00
0.000000000000000000e+00,0.000000000000000000e+00,1.073659085502668038e-02,5.049455429801568904e-03,-4.263387743051663160e-03,0.000000000000000000e+00
4.505233659332710534e-05,-2.168883281598108089e-05,1.069422097844888175e-02,4.929182226741691229e-03,-4.146515332765293542e-03,-1.237415072681432172e-07
0.000000000000000000e+00,0.000000000000000000e+00,1.078530345529363221e-02,4.899918072060104914e-03,-4.072486322006405209e-03,0.000000000000000000e+00
0.000000000000000000e+00,0.000000000000000000e+00,1.078633410189834552e-02,4.870806417401841483e-03,-3.998970214551791393e-03,0.000000000000000000e+00
0.000000000000000000e+00,0.000000000000000000e+00,1.074437358955006132e-02,4.751045605088612643e-03,-3.882277705631868858e-03,0.000000000000000000e+00
4.500562809303778532e-05,-2.178588068659263814e-05,1.074577379052523221e-02,4.679136371837845643e-03,-3.899184520322998646e-03,-1.140210371808511305e-07
0.000000000000000000e+00,0.000000000000000000e+00,1.074738285822332030e-02,4.650394208116064715e-03,-3.825943711583373874e-03,0.000000000000000000e+00
0.000000000000000000e+00,0.000000000000000000e+00,1.070585403217754958e-02,4.621286103469767099e-03,-3.752573362024326249e-03,0.000000000000000000e+00
4.497022234712831027e-05,-2.185858594690109978e-05,1.070783285202484003e-02,4.502639630079582379e-03,-3.636330548217809374e-03,-1.011769188683487567e-07
0.000000000000000000e+00,0.000000000000000000e+00,1.071002062665953047e-02,4.474314177108841550e-03,-3.563383751708671700e-03,0.000000000000000000e+00
0.000000000000000000e+00,0.000000000000000000e+00,1.066892383776558463e-02,4.445643347787080375e-03,-3.490327525443283167e-03,0.000000000000000000e+00
0.000000000000000000e+00,0.000000000000000000e+00,1.067148156573201334e-02,4.374200448543338719e-03,-3.507711495395229341e-03,0.000000000000000000e+00
4.492226749554206858e-05,-2.195529432646756520e-05,1.067424833795082954e-02,4.256138743604586348e-03,-3.391655234510201553e-03,-9.167564122224416178e-08
0.000000000000000000e+00,0.000000000000000000e+00,1.063358394358387797e-02,4.227854366050565367e-03,-3.318882054403553272e-03,0.000000000000000000e+00
0.000000000000000000e+00,0.000000000000000000e+00,1.063672087366032172e-02,4.200155195090590071e-03,-3.246436825794161898e-03,0.000000000000000000e+00
4.488775764361900458e-05,-2.202863786763725648e-05,1.059632807138612999e-02,4.172140640420850428e-03,-3.173905058136919193e-03,-7.902368591642789717e-08
0.000000000000000000e+00,0.000000000000000000e+00,1.059983530279122801e-02,4.011094380549466709e-03,-3.148041354210083867e-03,0.000000000000000000e+00
0.000000000000000000e+00,0.000000000000000000e+00,1.060355173361987417e-02,3.983754633995362227e-03,-3.075865552373994744e-03,0.000000000000000000e+00
0.000000000000000000e+00,0.000000000000000000e+00,1.056359194191125624e-02,3.956121792979541349e-03,-3.003613998184788761e-03,0.000000000000000000e+00
4.483920522224597134e-05,-2.212531595899763225e-05,1.056767888415927059e-02,3.929041303825404376e-03,-2.931665899070994702e-03,-6.975166003359760055e-08
0.000000000000000000e+00,0.000000000000000000e+00,1.052799111131818947e-02,3.901675141545838700e-03,-2.859653868754515570e-03,0.000000000000000000e+00
0.000000000000000000e+00,0.000000000000000000e+00,1.053244871232398260e-02,3.741118057853177418e-03,-2.833919346263420562e-03,0.000000000000000000e+00
4.480290280891859549e-05,-2.219797607867774044e-05,1.053711567179814110e-02,3.714392465096892377e-03,-2.762237989915397769e-03,-6.475154783508008906e-08
0.000000000000000000e+00,0.000000000000000000e+00,1.049786154367149046e-02,3.687403316530631688e-03,-2.690503333766544689e-03,0.000000000000000000e+00
0.000000000000000000e+00,0.000000000000000000e+00,1.041318685766414072e-02,3.660974852252458708e-03,-2.619327094599048934e-03,0.000000000000000000e+00
0.000000000000000000e+00,0.000000000000000000e+00,1.037422818507238373e-02,3.590175151509626163e-03,-2.637588852753175103e-03,0.000000000000000000e+00
4.475442612626233347e-05,-2.229494892960040122e-05,1.037966210470693366e-02,3.563912996714015818e-03,-2.566334054032514550e-03,-5.571617941433459171e-08
0.000000000000000000e+00,0.000000000000000000e+00,1.034097615738435900e-02,3.447690697488423571e-03,-2.450865667249885541e-03,0.000000000000000000e+00
0.000000000000000000e+00,0.000000000000000000e+00,1.034678133461091644e-02,3.377477960589944216e-03,-2.469478041437482996e-03,0.000000000000000000e+00
4.471900615176690438e-05,-2.236824453209732298e-05,1.030836829626407755e-02,3.351211202603313673e-03,-2.398342902424153988e-03,-5.088260453769965084e-08
0.000000000000000000e+00,0.000000000000000000e+00,1.031454488514645801e-02,3.325425743331944951e-03,-2.327465868242953578e-03,0.000000000000000000e+00
0.000000000000000000e+00,0.000000000000000000e+00,1.027640494150391937e-02,3.255047568740963675e-03,-2.346179677799384213e-03,0.000000000000000000e+00
4.468205905523395276e-05,-2.244086040476545572e-05,1.028295309758974103e-02,3.229463364731834703e-03,-2.275505326134285959e-03,-4.614499168920978587e-08
0.000000000000000000e+00,0.000000000000000000e+00,1.028971101931332871e-02,3.204002506345468657e-03,-2.204939282534743375e-03,0.000000000000000000e+00
0.000000000000000000e+00,0.000000000000000000e+00,1.025200631668562665e-02,3.133813125276435109e-03,-2.223902101544799302e-03,0.000000000000000000e+00
0.000000000000000000e+00,0.000000000000000000e+00,1.025913603250817874e-02,3.019028772486285865e-03,-2.108967674992166981e-03,0.000000000000000000e+00
4.463338344279665665e-05,-2.253810451724199521e-05,1.022170489061029544e-02,2.993597166181864028e-03,-2.038543012592971670e-03,-3.741569419902471514e-08
0.000000000000000000e+00,0.000000000000000000e+00,1.022920655957827545e-02,2.923936267006997484e-03,-2.057822748640253906e-03,0.000000000000000000e+00
0.000000000000000000e+00,0.000000000000000000e+00,1.019204917093408450e-02,2.898711994704856239e-03,-1.987601354032520612e-03,0.000000000000000000e+00
4.459598764553563609e-05,-2.261068407519518364e-05,1.019992295351273420e-02,2.873916552681207454e-03,-1.917608135931445036e-03,-3.284357734313002969e-08
0.000000000000000000e+00,0.000000000000000000e+00,1.016303951258406592e-02,2.804131545313085557e-03,-1.937012485188716352e-03,0.000000000000000000e+00
0.000000000000000000e+00,0.000000000000000000e+00,1.003697083776654633e-02,2.779281244664482450e-03,-1.867319920392540708e-03,0.000000000000000000e+00
4.455905011725056440e-05,-2.268357690380736527e-05,1.004540491197867050e-02,2.754808363657312680e-03,-1.797634537261643371e-03,-2.833282111448105448e-08
0.000000000000000000e+00,0.000000000000000000e+00,1.000893131487326851e-02,2.685205675122986566e-03,-1.817277339461517011e-03,0.000000000000000000e+00
0.000000000000000000e+00,0.000000000000000000e+00,1.001773799888266980e-02,2.660926851066885458e-03,-1.747790280497444216e-03,0.000000000000000000e+00
4.452258892776860422e-05,-2.275679531389530769e-05,9.981538936691240066e-03,2.591428643045332915e-03,-1.767583781738167777e-03,-3.139880074688319731e-08
0.000000000000000000e+00,0.000000000000000000e+00,9.990718395851623176e-03,2.567342684895980442e-03,-1.698294315474814390e-03,0.000000000000000000e+00
0.000000000000000000e+00,0.000000000000000000e+00,9.954794069759582975e-03,2.497947701558849137e-03,-1.718237730530644287e-03,0.000000000000000000e+00
4.448461259788694425e-05,-2.282932049162596244e-05,9.964346470759029642e-03,2.474053421044391989e-03,-1.649145126805601907e-03,-2.703657673977368760e-08
0.000000000000000000e+00,0.000000000000000000e+00,9.928697083803592754e-03,2.450023804428327293e-03,-1.580070908323555736e-03,0.000000000000000000e+00
0.000000000000000000e+00,0.000000000000000000e+00,9.938622594645693184e-03,2.381056624824407376e-03,-1.600341194653769582e-03,0.000000000000000000e+00
4.444776197227318380e-05,-2.290250402454660549e-05,9.903248351696454857e-03,2.357226346431831598e-03,-1.531465243906128667e-03,-2.274120010099050664e-08
0.000000000000000000e+00,0.000000000000000000e+00,9.913547141682566705e-03,2.288349867626291410e-03,-1.551881001200841907e-03,0.000000000000000000e+00
0.000000000000000000e+00,0.000000000000000000e+00,9.789453167645369852e-03,2.264753078706534771e-03,-1.483370663355787749e-03,0.000000000000000000e+00
4.441003539235356814e-05,-2.297531762240346873e-05,9.754491097686944154e-03,2.195732661498029249e-03,-1.503843581689315138e-03,-2.600959512215587482e-08
0.000000000000000000e+00,0.000000000000000000e+00,9.765352527750714370e-03,2.172529111198191580e-03,-1.435443205430635182e-03,0.000000000000000000e+00
0.000000000000000000e+00,0.000000000000000000e+00,9.730666215039001157e-03,2.103606298716918007e-03,-1.456062507611989056e-03,0.000000000000000000e+00
0.000000000000000000e+00,0.000000000000000000e+00,9.741901442418059512e-03,2.080589124087966341e-03,-1.387855685181722896e-03,0.000000000000000000e+00
0.000000000000000000e+00,0.000000000000000000e+00,9.707491098171096636e-03,2.011762682382801579e-03,-1.408620582938372020e-03,0.000000000000000000e+00
0.000000000000000000e+00,0.000000000000000000e+00,9.719100296621593221e-03,1.988930719165529076e-03,-1.340606574522398668e-03,0.000000000000000000e+00
0.000000000000000000e+00,0.000000000000000000e+00,9.684966133803927721e-03,1.920199418910994039e-03,-1.361516277738861972e-03,0.000000000000000000e+00
0.000000000000000000e+00,0.000000000000000000e+00,9.650945003813632753e-03,1.897353388236915767e-03,-1.293621605152980901e-03,0.000000000000000000e+00
0.000000000000000000e+00,0.000000000000000000e+00,9.663091711596396780e-03,1.828914122690913262e-03,-1.314748060414482793e-03,0.000000000000000000e+00
0.000000000000000000e+00,0.000000000000000000e+00,9.629347094571694132e-03,1.806260180531400229e-03,-1.247046982967775020e-03,0.000000000000000000e+00
0.000000000000000000e+00,0.000000000000000000e+00,0.000000000000000000e+00,1.743959248797444239e-03,-1.260129140675650405e-03,0.000000000000000000e+00
0.000000000000000000e+00,0.000000000000000000e+00,9.608400337429280277e-03,1.715441374202505845e-03,-1.200806134502821650e-03,0.000000000000000000e+00
0.000000000000000000e+00,0.000000000000000000e+00,9.621296066761670512e-03,1.647167931263026274e-03,-1.222213751109804767e-03,0.000000000000000000e+00
0.000000000000000000e+00,0.000000000000000000e+00,9.588105129487640640e-03,1.624894604562107398e-03,-1.154897522345303511e-03,0.000000000000000000e+00
0.000000000000000000e+00,0.000000000000000000e+00,9.601375637805281346e-03,1.556702306547534404e-03,-1.176444584024593891e-03,0.000000000000000000e+00
0.000000000000000000e+00,0.000000000000000000e+00,9.568461870654691032e-03,1.534617515273015934e-03,-1.109319606687258911e-03,0.000000000000000000e+00
0.000000000000000000e+00,0.000000000000000000e+00,9.535661673921089904e-03,1.554979793829869414e-03,-1.177241320048136742e-03,0.000000000000000000e+00
0.000000000000000000e+00,0.000000000000000000e+00,9.549470963604594562e-03,1.486863988984398876e-03,-1.199034657376754891e-03,0.000000000000000000e+00
0.000000000000000000e+00,0.000000000000000000e+00,9.516948280606370505e-03,1.465007832257143785e-03,-1.132231514213035252e-03,0.000000000000000000e+00
0.000000000000000000e+00,0.000000000000000000e+00,9.484539354485784640e-03,1.396819922271537234e-03,-1.154091655856760712e-03,0.000000000000000000e+00
0.000000000000000000e+00,0.000000000000000000e+00,9.410430644419503013e-03,1.375314515649079736e-03,-1.087659820058021858e-03,0.000000000000000000e+00
0.000000000000000000e+00,0.000000000000000000e+00,9.378324711962286384e-03,1.307208597307014638e-03,-1.109656816586680967e-03,0.000000000000000000e+00
0.000000000000000000e+00,0.000000000000000000e+00,9.346332768771524468e-03,1.285727909956695027e-03,-1.043232964012375408e-03,0.000000000000000000e+00
0.000000000000000000e+00,0.000000000000000000e+00,9.361248043778422692e-03,1.217844698661189494e-03,-1.065431232314229633e-03,0.000000000000000000e+00
0.000000000000000000e+00,0.000000000000000000e+00,9.329534397753700206e-03,1.238267515676525063e-03,-1.134321661436941226e-03,0.000000000000000000e+00
0.000000000000000000e+00,0.000000000000000000e+00,9.297934931996119923e-03,1.217009206271038894e-03,-1.068215506388231657e-03,0.000000000000000000e+00
0.000000000000000000e+00,0.000000000000000000e+00,9.313390451892984354e-03,1.149194470705114726e-03,-1.090654922764501891e-03,0.000000000000000000e+00
0.000000000000000000e+00,0.000000000000000000e+00,9.282069638715497589e-03,1.081266959223181135e-03,-1.113079127986600376e-03,0.000000000000000000e+00
0.000000000000000000e+00,0.000000000000000000e+00,9.250863199043345836e-03,1.060257873259254401e-03,-1.047240417005431334e-03,0.000000000000000000e+00
0.000000000000000000e+00,0.000000000000000000e+00,9.266859420715142098e-03,1.080823291576501295e-03,-1.116818425438620855e-03,0.000000000000000000e+00
0.000000000000000000e+00,0.000000000000000000e+00,9.235931992867058710e-03,1.059964433506543641e-03,-1.051213537350997526e-03,0.000000000000000000e+00
0.000000000000000000e+00,0.000000000000000000e+00,9.116949079784011922e-03,9.921727268886796052e-04,-1.074047230430348046e-03,0.000000000000000000e+00
0.000000000000000000e+00,0.000000000000000000e+00,9.133513907938645496e-03,9.245035049133378327e-04,-1.096911255382318267e-03,0.000000000000000000e+00
0.000000000000000000e+00,0.000000000000000000e+00,9.103006068682381255e-03,9.038915007984220287e-04,-1.031566899742108329e-03,0.000000000000000000e+00
0.000000000000000000e+00,0.000000000000000000e+00,9.072613039446510499e-03,9.243505265605677160e-04,-1.101689397896917118e-03,0.000000000000000000e+00
0.000000000000000000e+00,0.000000000000000000e+00,9.089719613697170783e-03,8.567418527996321833e-04,-1.124789413574622419e-03,0.000000000000000000e+00
0.000000000000000000e+00,0.000000000000000000e+00,9.059606409803137167e-03,8.363425676059884793e-04,-1.059756236740385348e-03,0.000000000000000000e+00
0.000000000000000000e+00,0.000000000000000000e+00,9.029608215638166777e-03,7.687086139931892988e-04,-1.082909089346200966e-03,0.000000000000000000e+00
0.000000000000000000e+00,0.000000000000000000e+00,9.047257004997651120e-03,7.011785188100514528e-04,-1.106192680831820374e-03,0.000000000000000000e+00
0.000000000000000000e+00,0.000000000000000000e+00,9.017539006411315686e-03,7.690461361327351935e-04,-1.088867877295144389e-03,0.000000000000000000e+00
0.000000000000000000e+00,0.000000000000000000e+00,8.987936219364929188e-03,7.014736368140162166e-04,-1.112249824895324840e-03,0.000000000000000000e+00
0.000000000000000000e+00,0.000000000000000000e+00,9.006127696746604044e-03,6.339988922183884554e-04,-1.135765923075189587e-03,0.000000000000000000e+00
0.000000000000000000e+00,0.000000000000000000e+00,8.976805479077247518e-03,7.019943324083681392e-04,-1.118896549835549569e-03,0.000000000000000000e+00
0.000000000000000000e+00,0.000000000000000000e+00,8.947598676828634121e-03,6.344806408545321848e-04,-1.142505776540263772e-03,0.000000000000000000e+00
0.000000000000000000e+00,0.000000000000000000e+00,8.918507361814943454e-03,5.669814085049027950e-04,-1.166163113116954180e-03,0.000000000000000000e+00
0.000000000000000000e+00,0.000000000000000000e+00,0.000000000000000000e+00,5.047984085935208753e-04,-1.187813960213349174e-03,0.000000000000000000e+00
0.000000000000000000e+00,0.000000000000000000e+00,8.908597229127256101e-03,5.677218091274723608e-04,-1.173671656090973479e-03,0.000000000000000000e+00
0.000000000000000000e+00,0.000000000000000000e+00,8.927875516406195630e-03,5.003500264568314006e-04,-1.197647551301945753e-03,0.000000000000000000e+00
0.000000000000000000e+00,0.000000000000000000e+00,8.899346609554003446e-03,4.329140072731090449e-04,-1.221580643736193362e-03,0.000000000000000000e+00
0.000000000000000000e+00,0.000000000000000000e+00,8.870933531955923004e-03,4.532494909712044711e-04,-1.293500679392274805e-03,0.000000000000000000e+00
0.000000000000000000e+00,0.000000000000000000e+00,8.842636356894214775e-03,4.337981037148918141e-04,-1.229847345043735395e-03,0.000000000000000000e+00
0.000000000000000000e+00,0.000000000000000000e+00,8.862624582293599992e-03,3.664810238314517216e-04,-1.254100838413616274e-03,0.000000000000000000e+00
0.000000000000000000e+00,0.000000000000000000e+00,8.834609255306193065e-03,3.867876563631532090e-04,-1.326390705853083439e-03,0.000000000000000000e+00
0.000000000000000000e+00,0.000000000000000000e+00,8.806710041456639049e-03,3.193978295240050059e-04,-1.350687517919226324e-03,0.000000000000000000e+00
0.000000000000000000e+00,0.000000000000000000e+00,8.827243060349043713e-03,3.002615623301931156e-04,-1.287516764222723133e-03,0.000000000000000000e+00
0.000000000000000000e+00,0.000000000000000000e+00,8.799626083165444645e-03,3.205367285121028657e-04,-1.360174692797937309e-03,0.000000000000000000e+00
0.000000000000000000e+00,0.000000000000000000e+00,8.772125431643747195e-03,2.531943791428764795e-04,-1.384690845340577972e-03,0.000000000000000000e+00
0.000000000000000000e+00,0.000000000000000000e+00,8.744741180744738940e-03,1.858626800276773068e-04,-1.409252390003642606e-03,0.000000000000000000e+00
0.000000000000000000e+00,0.000000000000000000e+00,8.765985713216349270e-03,2.544890607241259727e-04,-1.394847300831960311e-03,0.000000000000000000e+00
0.000000000000000000e+00,0.000000000000000000e+00,8.738884230229405567e-03,1.871916198551880285e-04,-1.419580955999344288e-03,0.000000000000000000e+00
0.000000000000000000e+00,0.000000000000000000e+00,8.711899362967640698e-03,1.199039657194791639e-04,-1.444359373908683623e-03,0.000000000000000000e+00
0.000000000000000000e+00,0.000000000000000000e+00,8.685031187332221958e-03,1.400561648453335932e-04,-1.517712615413101393e-03,0.000000000000000000e+00
0.000000000000000000e+00,0.000000000000000000e+00,8.706988153279693332e-03,7.280081348460187233e-05,-1.542762101510516612e-03,0.000000000000000000e+00
0.000000000000000000e+00,0.000000000000000000e+00,8.680403282694534178e-03,1.415158387780913248e-04,-1.528975796561065715e-03,0.000000000000000000e+00
0.000000000000000000e+00,0.000000000000000000e+00,8.653935321355058635e-03,7.424874526922366506e-05,-1.554061873942083659e-03,0.000000000000000000e+00
0.000000000000000000e+00,0.000000000000000000e+00,8.627584346083839312e-03,6.990001421183449506e-06,-1.579191659134766487e-03,0.000000000000000000e+00
0.000000000000000000e+00,0.000000000000000000e+00,8.601350433948095134e-03,2.703062745022384144e-05,-1.653140947554975447e-03,0.000000000000000000e+00
0.000000000000000000e+00,0.000000000000000000e+00,8.624187546481759323e-03,-4.020513436877978022e-05,-1.678554091686955841e-03,0.000000000000000000e+00
0.000000000000000000e+00,0.000000000000000000e+00,8.598237625272201964e-03,2.864124877009184631e-05,-1.665500935037642896e-03,0.000000000000000000e+00
0.000000000000000000e+00,0.000000000000000000e+00,8.572404987928957873e-03,-3.860261475650863237e-05,-1.690934258615963770e-03,0.000000000000000000e+00
0.000000000000000000e+00,0.000000000000000000e+00,8.546689712413374496e-03,-1.058395518245784102e-04,-1.716410231392178883e-03,0.000000000000000000e+00
0.000000000000000000e+00,0.000000000000000000e+00,8.570241372935376301e-03,-8.588203531043777619e-05,-1.791109156989316225e-03,0.000000000000000000e+00
0.000000000000000000e+00,0.000000000000000000e+00,8.544810638282548249e-03,-1.531407712277365273e-04,-1.816722354469872723e-03,0.000000000000000000e+00
0.000000000000000000e+00,0.000000000000000000e+00,8.519497488567796470e-03,-1.332916193976444027e-04,-1.891499188116529777e-03,0.000000000000000000e+00
0.000000000000000000e+00,0.000000000000000000e+00,8.494302002627202725e-03,-1.513976782659347102e-04,-1.830172753774891381e-03,0.000000000000000000e+00
0.000000000000000000e+00,0.000000000000000000e+00,8.518569157529165201e-03,-1.315426426672041305e-04,-1.905378391336670640e-03,0.000000000000000000e+00
0.000000000000000000e+00,0.000000000000000000e+00,8.493658767753143463e-03,-1.987943577556495892e-04,-1.931289349841799939e-03,0.000000000000000000e+00
0.000000000000000000e+00,0.000000000000000000e+00,8.468866267179235574e-03,-1.790489110519647288e-04,-2.006560423096770841e-03,0.000000000000000000e+00
0.000000000000000000e+00,0.000000000000000000e+00,8.444191735496828569e-03,-2.463205940666051124e-04,-2.032602292999102517e-03,0.000000000000000000e+00
0.000000000000000000e+00,0.000000000000000000e+00,8.419635252622476723e-03,-3.135878814953888807e-04,-2.058684899324287644e-03,0.000000000000000000e+00
0.000000000000000000e+00,0.000000000000000000e+00,8.444786463557809458e-03,-2.939214054888225798e-04,-2.134466546606204537e-03,0.000000000000000000e+00
0.000000000000000000e+00,0.000000000000000000e+00,8.420515785121214514e-03,-3.612155090881848194e-04,-2.160682661048863792e-03,0.000000000000000000e+00
0.000000000000000000e+00,0.000000000000000000e+00,8.396363383782278964e-03,-2.425227027185083083e-04,-2.062798199515652499e-03,0.000000000000000000e+00
0.000000000000000000e+00,0.000000000000000000e+00,8.372329340285179777e-03,-3.097419148572474546e-04,-2.089202346408214252e-03,0.000000000000000000e+00
0.000000000000000000e+00,0.000000000000000000e+00,8.348413735595448110e-03,-2.405015339209734125e-04,-2.078515325670420716e-03,0.000000000000000000e+00
0.000000000000000000e+00,0.000000000000000000e+00,0.000000000000000000e+00,-2.495023271702478951e-04,-2.019551412088142761e-03,0.000000000000000000e+00
0.000000000000000000e+00,0.000000000000000000e+00,8.437494067026665712e-03,-1.885023566258214357e-04,-2.008058075797597430e-03,0.000000000000000000e+00
0.000000000000000000e+00,0.000000000000000000e+00,8.413955728751577184e-03,-2.058191250477749124e-04,-1.948100086041119243e-03,0.000000000000000000e+00
0.000000000000000000e+00,0.000000000000000000e+00,0.000000000000000000e+00,-1.281371836454603397e-04,-1.938818509024421710e-03,0.000000000000000000e+00
0.000000000000000000e+00,0.000000000000000000e+00,8.503852084844765874e-03,-6.672065448315407177e-05,-1.928361018633762249e-03,0.000000000000000000e+00
0.000000000000000000e+00,0.000000000000000000e+00,8.480691421149167894e-03,-8.380315369446021841e-05,-1.868793116568512325e-03,0.000000000000000000e+00
0.000000000000000000e+00,0.000000000000000000e+00,0.000000000000000000e+00,-6.232555212370982645e-06,-1.859519035796397546e-03,0.000000000000000000e+00
0.000000000000000000e+00,0.000000000000000000e+00,8.571404159331568254e-03,-3.098027430937602710e-05,-1.800064218119433847e-03,0.000000000000000000e+00
0.000000000000000000e+00,0.000000000000000000e+00,8.548621582870634741e-03,8.883635606802475694e-05,-1.704379286521309289e-03,0.000000000000000000e+00
0.000000000000000000e+00,0.000000000000000000e+00,8.525958098625477724e-03,7.213287944673090000e-05,-1.645326125874810915e-03,0.000000000000000000e+00
0.000000000000000000e+00,0.000000000000000000e+00,8.553727485541617881e-03,1.420676364485384910e-04,-1.636696361237244962e-03,0.000000000000000000e+00
0.000000000000000000e+00,0.000000000000000000e+00,8.531351704338397887e-03,1.255271869442724870e-04,-1.577880369581482643e-03,0.000000000000000000e+00
0.000000000000000000e+00,0.000000000000000000e+00,8.509095251635611160e-03,1.955212172899294175e-04,-1.569448932368236634e-03,0.000000000000000000e+00
0.000000000000000000e+00,0.000000000000000000e+00,8.486958211140411754e-03,1.791456382587396090e-04,-1.510874039583290579e-03,0.000000000000000000e+00
0.000000000000000000e+00,0.000000000000000000e+00,8.464940666761474816e-03,2.492447180184787945e-04,-1.502781114157569374e-03,0.000000000000000000e+00
0.000000000000000000e+00,0.000000000000000000e+00,8.443042702608146571e-03,2.330329954017170942e-04,-1.444446486373196763e-03,0.000000000000000000e+00
0.000000000000000000e+00,0.000000000000000000e+00,8.421264402987661823e-03,3.032361050779080937e-04,-1.436691261749398554e-03,0.000000000000000000e+00
0.000000000000000000e+00,0.000000000000000000e+00,8.399605852405822234e-03,2.871872292249494601e-04,-1.378596064244402928e-03,0.000000000000000000e+00
0.000000000000000000e+00,0.000000000000000000e+00,8.378067135564784551e-03,3.574933536397536171e-04,-1.371177728571651476e-03,0.000000000000000000e+00
0.000000000000000000e+00,0.000000000000000000e+00,8.356648337359719528e-03,3.416063193082761584e-04,-1.313321125771558639e-03,0.000000000000000000e+00
0.000000000000000000e+00,0.000000000000000000e+00,8.335349542882248414e-03,4.120144476061484784e-04,-1.306238866330594866e-03,0.000000000000000000e+00
0.000000000000000000e+00,0.000000000000000000e+00,8.365022808053649769e-03,3.963536557885955240e-04,-1.248718050745011498e-03,0.000000000000000000e+00
0.000000000000000000e+00,0.000000000000000000e+00,8.344013388332703618e-03,4.668687261147479758e-04,-1.241968663693225356e-03,0.000000000000000000e+00
0.000000000000000000e+00,0.000000000000000000e+00,0.000000000000000000e+00,4.561450143891754294e-04,-1.182789423112666494e-03,0.000000000000000000e+00
0.000000000000000000e+00,0.000000000000000000e+00,8.302355371402071402e-03,5.219146913115247938e-04,-1.178167209661630434e-03,0.000000000000000000e+00
0.000000000000000000e+00,0.000000000000000000e+00,8.281706945944633178e-03,5.065044482569073560e-04,-1.121016774794738637e-03,0.000000000000000000e+00
0.000000000000000000e+00,0.000000000000000000e+00,8.261179023971616797e-03,5.772185292745435738e-04,-1.114935515428416585e-03,0.000000000000000000e+00
0.000000000000000000e+00,0.000000000000000000e+00,8.240771691821685910e-03,5.619661649479000716e-04,-1.058020345138002607e-03,0.000000000000000000e+00
0.000000000000000000e+00,0.000000000000000000e+00,8.220485036017697103e-03,6.327782586618605582e-04,-1.052271925601010790e-03,0.000000000000000000e+00
0.000000000000000000e+00,0.000000000000000000e+00,8.200319143263416072e-03,6.176827897944052632e-04,-9.955911799309300619e-04,0.000000000000000000e+00
0.000000000000000000e+00,0.000000000000000000e+00,8.180274100443002405e-03,6.885919068740035259e-04,-9.901747830425809953e-04,0.000000000000000000e+00
0.000000000000000000e+00,0.000000000000000000e+00,8.160349994619684258e-03,7.595343183726942790e-04,-9.849486011427534445e-04,0.000000000000000000e+00
0.000000000000000000e+00,0.000000000000000000e+00,8.140546913033987197e-03,7.446575100557355177e-04,-9.286424288680360586e-04,0.000000000000000000e+00
0.000000000000000000e+00,0.000000000000000000e+00,8.120864943102608369e-03,8.156954669271873062e-04,-9.237470479881343443e-04,0.000000000000000000e+00
0.000000000000000000e+00,0.000000000000000000e+00,8.101304172417172697e-03,8.009731130988236719e-04,-8.676732024385653804e-04,0.000000000000000000e+00
0.000000000000000000e+00,0.000000000000000000e+00,8.081864688742272651e-03,8.721056368120882769e-04,-8.631078031862592570e-04,0.000000000000000000e+00
0.000000000000000000e+00,0.000000000000000000e+00,8.062546580015862024e-03,8.575367696443577910e-04,-8.072654413575453903e-04,0.000000000000000000e+00
0.000000000000000000e+00,0.000000000000000000e+00,8.043349934345760469e-03,9.287628859989456196e-04,-8.030292034539666989e-04,0.000000000000000000e+00
0.000000000000000000e+00,0.000000000000000000e+00,7.938663850465791857e-03,9.143611304088559511e-04,-7.474951200007775827e-04,0.000000000000000000e+00
0.000000000000000000e+00,0.000000000000000000e+00,7.919739862635506722e-03,9.856837481509578541e-04,-7.435901174397819939e-04,0.000000000000000000e+00
0.000000000000000000e+00,0.000000000000000000e+00,7.900937644904194521e-03,9.714206821710437943e-04,-6.882047593700276735e-04,0.000000000000000000e+00
0.000000000000000000e+00,0.000000000000000000e+00,7.882257286024820300e-03,1.042834956767464813e-03,-6.846272891738434431e-04,0.000000000000000000e+00
0.000000000000000000e+00,0.000000000000000000e+00,7.863698874915239778e-03,1.114279840283945210e-03,-6.812378200925581087e-04,0.000000000000000000e+00
0.000000000000000000e+00,0.000000000000000000e+00,7.845262500654906837e-03,1.100227467500055657e-03,-6.262201289168220194e-04,0.000000000000000000e+00
0.000000000000000000e+00,0.000000000000000000e+00,7.826948252485071283e-03,1.119897443811769359e-03,-7.086548643681592641e-04,0.000000000000000000e+00
0.000000000000000000e+00,0.000000000000000000e+00,7.808756219806698914e-03,1.105945147415131422e-03,-6.538351431302460081e-04,0.000000000000000000e+00
0.000000000000000000e+00,0.000000000000000000e+00,7.790686492179106290e-03,1.177520395067299663e-03,-6.510677298744632418e-04,0.000000000000000000e+00
0.000000000000000000e+00,0.000000000000000000e+00,7.772739159318717804e-03,1.163716324327247753e-03,-5.964748504830105639e-04,0.000000000000000000e+00
0.000000000000000000e+00,0.000000000000000000e+00,7.754914311098044799e-03,1.235379869820951368e-03,-5.940320864945835026e-04,0.000000000000000000e+00
0.000000000000000000e+00,0.000000000000000000e+00,0.000000000000000000e+00,1.223816242499675688e-03,-5.350658692202109323e-04,0.000000000000000000e+00
0.000000000000000000e+00,0.000000000000000000e+00,7.719632428836511150e-03,1.293473982989271640e-03,-5.375462592734423081e-04,0.000000000000000000e+00
0.000000000000000000e+00,0.000000000000000000e+00,7.702175575307137340e-03,1.365253333754965588e-03,-5.356134893181657350e-04,0.000000000000000000e+00
0.000000000000000000e+00,0.000000000000000000e+00,7.684841567437937331e-03,1.351800858256020296e-03,-4.816085714613239140e-04,0.000000000000000000e+00
0.000000000000000000e+00,0.000000000000000000e+00,7.667630495859686576e-03,1.423666147589772082e-03,-4.799983894409997742e-04,0.000000000000000000e+00
0.000000000000000000e+00,0.000000000000000000e+00,7.650542451351480255e-03,1.410358628074391552e-03,-4.262173445100871810e-04,0.000000000000000000e+00
0.000000000000000000e+00,0.000000000000000000e+00,7.495959966140768038e-03,1.429820608262647981e-03,-5.101808542813103487e-04,0.000000000000000000e+00
0.000000000000000000e+00,0.000000000000000000e+00,7.479099851667643864e-03,1.416612182137796418e-03,-4.565940120052298175e-04,0.000000000000000000e+00
0.000000000000000000e+00,0.000000000000000000e+00,7.462363095618546570e-03,1.488595161575246130e-03,-4.556017930399955743e-04,0.000000000000000000e+00
0.000000000000000000e+00,0.000000000000000000e+00,7.445749789389850132e-03,1.475529821472889875e-03,-4.022371037302683032e-04,0.000000000000000000e+00
0.000000000000000000e+00,0.000000000000000000e+00,7.429260024517853923e-03,1.547595927639995551e-03,-4.015649721982720070e-04,0.000000000000000000e+00
0.000000000000000000e+00,0.000000000000000000e+00,7.412893892678824349e-03,1.534672758976307963e-03,-3.484215821554031652e-04,0.000000000000000000e+00
0.000000000000000000e+00,0.000000000000000000e+00,7.396651485687122211e-03,1.606821069813893846e-03,-3.480687069251126747e-04,0.000000000000000000e+00
0.000000000000000000e+00,0.000000000000000000e+00,7.380532895493515690e-03,1.626241270197963020e-03,-4.328558455937822256e-04,0.000000000000000000e+00
0.000000000000000000e+00,0.000000000000000000e+00,7.311630984398735655e-03,1.613318287999395469e-03,-3.800472920663777580e-04,0.000000000000000000e+00
0.000000000000000000e+00,0.000000000000000000e+00,7.295711868319961803e-03,1.685517980737053943e-03,-3.801685068787914452e-04,0.000000000000000000e+00
0.000000000000000000e+00,0.000000000000000000e+00,7.195119150023330384e-03,1.672958584233309731e-03,-3.276622369543423724e-04,0.000000000000000000e+00
0.000000000000000000e+00,0.000000000000000000e+00,7.179478942265082354e-03,1.745242044921178470e-03,-3.281036998014376089e-04,0.000000000000000000e+00
0.000000000000000000e+00,0.000000000000000000e+00,0.000000000000000000e+00,1.733722175395135956e-03,-2.695148352476819942e-04,0.000000000000000000e+00
0.000000000000000000e+00,0.000000000000000000e+00,7.233277438806982700e-03,1.805028477457551114e-03,-2.763901683350285352e-04,0.000000000000000000e+00
0.000000000000000000e+00,0.000000000000000000e+00,7.217979803844821671e-03,1.739575932103389630e-03,-3.089701545524101947e-04,0.000000000000000000e+00
0.000000000000000000e+00,0.000000000000000000e+00,0.000000000000000000e+00,1.813134189422416220e-03,-3.036522493900448150e-04,0.000000000000000000e+00
0.000000000000000000e+00,0.000000000000000000e+00,7.187758351799977859e-03,1.884374584190485992e-03,-3.112329961710610503e-04,0.000000000000000000e+00
0.000000000000000000e+00,0.000000000000000000e+00,7.172834721209594110e-03,1.872159628983658753e-03,-2.593932485255335554e-04,0.000000000000000000e+00
0.000000000000000000e+00,0.000000000000000000e+00,7.104642145498930167e-03,1.944475754819892117e-03,-2.609589183499921253e-04,0.000000000000000000e+00
0.000000000000000000e+00,0.000000000000000000e+00,7.089920057684684709e-03,1.879058807455528946e-03,-2.939201877101638508e-04,0.000000000000000000e+00
0.000000000000000000e+00,0.000000000000000000e+00,7.075323029983496270e-03,1.951567185308253740e-03,-2.957422786822430151e-04,0.000000000000000000e+00
0.000000000000000000e+00,0.000000000000000000e+00,0.000000000000000000e+00,1.940505591084495940e-03,-2.376340046550337592e-04,0.000000000000000000e+00
0.000000000000000000e+00,0.000000000000000000e+00,7.046504530442162725e-03,2.012159512595406135e-03,-2.464411564933999114e-04,0.000000000000000000e+00
0.000000000000000000e+00,0.000000000000000000e+00,7.032283246651270005e-03,2.084765058717511898e-03,-2.487563710395756795e-04,0.000000000000000000e+00
0.000000000000000000e+00,0.000000000000000000e+00,7.018187399069043819e-03,2.019373244732065864e-03,-2.820979093610430431e-04,0.000000000000000000e+00
0.000000000000000000e+00,0.000000000000000000e+00,6.950482826683133421e-03,2.091818541874889640e-03,-2.847258863466254307e-04,0.000000000000000000e+00
0.000000000000000000e+00,0.000000000000000000e+00,6.852283898291180834e-03,2.080200365761742873e-03,-2.339219415995586848e-04,0.000000000000000000e+00
0.000000000000000000e+00,0.000000000000000000e+00,0.000000000000000000e+00,2.153693650705279516e-03,-2.294708364277350809e-04,0.000000000000000000e+00
0.000000000000000000e+00,0.000000000000000000e+00,6.909181656732745792e-03,2.141208366409719753e-03,-1.860368629482921619e-04,0.000000000000000000e+00
0.000000000000000000e+00,0.000000000000000000e+00,6.895666328724591766e-03,2.160145619571726856e-03,-2.735303527437183140e-04,0.000000000000000000e+00
0.000000000000000000e+00,0.000000000000000000e+00,6.882277023134653060e-03,2.232885221248562431e-03,-2.768980947468264639e-04,0.000000000000000000e+00
0.000000000000000000e+00,0.000000000000000000e+00,6.814988030403851434e-03,2.221236271104781983e-03,-2.265551248186183065e-04,0.000000000000000000e+00
0.000000000000000000e+00,0.000000000000000000e+00,6.717683680611642900e-03,2.294153558081470524e-03,-2.303422601403958220e-04,0.000000000000000000e+00
0.000000000000000000e+00,0.000000000000000000e+00,0.000000000000000000e+00,2.229668786445260231e-03,-2.568451285929265748e-04,0.000000000000000000e+00
0.000000000000000000e+00,0.000000000000000000e+00,6.775812108832543652e-03,2.301515160835680349e-03,-2.681656655395271401e-04,0.000000000000000000e+00
0.000000000000000000e+00,0.000000000000000000e+00,6.763006376171756297e-03,2.290271392381120191e-03,-2.181743411885810654e-04,0.000000000000000000e+00
0.000000000000000000e+00,0.000000000000000000e+00,6.696058492799571507e-03,2.362959360030224797e-03,-2.224807618661572904e-04,0.000000000000000000e+00
0.000000000000000000e+00,0.000000000000000000e+00,6.599495344510172487e-03,2.297737782158626712e-03,-2.568311155199370487e-04,0.000000000000000000e+00
0.000000000000000000e+00,0.000000000000000000e+00,0.000000000000000000e+00,2.371490757493877055e-03,-2.535642413968725029e-04,0.000000000000000000e+00
0.000000000000000000e+00,0.000000000000000000e+00,6.658638039354402259e-03,2.443454351630493671e-03,-2.659764592076495696e-04,0.000000000000000000e+00
0.000000000000000000e+00,0.000000000000000000e+00,6.646418458465079560e-03,2.432467076905542487e-03,-2.165008796528196107e-04,0.000000000000000000e+00
0.000000000000000000e+00,0.000000000000000000e+00,6.579814730716086399e-03,2.450824815548154068e-03,-3.054623471103143383e-04,0.000000000000000000e+00
0.000000000000000000e+00,0.000000000000000000e+00,6.567801635675007271e-03,2.439916364257274390e-03,-2.561660877615555098e-04,0.000000000000000000e+00
0.000000000000000000e+00,0.000000000000000000e+00,0.000000000000000000e+00,2.513871502366149535e-03,-2.534484380760648747e-04,0.000000000000000000e+00
0.000000000000000000e+00,0.000000000000000000e+00,6.544157513916643715e-03,2.502133968797779981e-03,-2.123706817333243077e-04,0.000000000000000000e+00
0.000000000000000000e+00,0.000000000000000000e+00,0.000000000000000000e+00,2.521553554527988794e-03,-2.935071143426518092e-04,0.000000000000000000e+00
0.000000000000000000e+00,0.000000000000000000e+00,0.000000000000000000e+00,2.510683873803043475e-03,-2.446385907784384695e-04,0.000000000000000000e+00
0.000000000000000000e+00,0.000000000000000000e+00,6.593296292399049643e-03,2.582828389722765031e-03,-2.585723935820929053e-04,0.000000000000000000e+00
0.000000000000000000e+00,0.000000000000000000e+00,6.527169068798989275e-03,2.600938600973087388e-03,-3.483371757687500278e-04,0.000000000000000000e+00
0.000000000000000000e+00,0.000000000000000000e+00,6.432384015334640867e-03,2.590479685679356308e-03,-2.998495010386200798e-04,0.000000000000000000e+00
0.000000000000000000e+00,0.000000000000000000e+00,0.000000000000000000e+00,2.664549061446530587e-03,-2.976143809235443083e-04,0.000000000000000000e+00
0.000000000000000000e+00,0.000000000000000000e+00,6.493954164420426625e-03,2.598084874239796511e-03,-3.412104577253766927e-04,0.000000000000000000e+00
0.000000000000000000e+00,0.000000000000000000e+00,6.428097598934342898e-03,2.670965113716455060e-03,-3.478391816146815876e-04,0.000000000000000000e+00
0.000000000000000000e+00,0.000000000000000000e+00,6.417362835666090386e-03,2.660573963048639811e-03,-2.996018978806370080e-04,0.000000000000000000e+00
0.000000000000000000e+00,0.000000000000000000e+00,6.406756462348245189e-03,2.678694536011683083e-03,-3.899717733649973373e-04,0.000000000000000000e+00
0.000000000000000000e+00,0.000000000000000000e+00,6.396278576420759247e-03,2.751828807231140438e-03,-3.970013708182837018e-04,0.000000000000000000e+00
0.000000000000000000e+00,0.000000000000000000e+00,6.247332879177173309e-03,2.741450681374027389e-03,-3.492374330313599193e-04,0.000000000000000000e+00
0.000000000000000000e+00,0.000000000000000000e+00,0.000000000000000000e+00,2.760796257653130859e-03,-4.313495906694761461e-04,-1.156267443597203126e-07
-4.159080623662918892e-05,2.775307030743068095e-05,6.310287177962467173e-03,2.749106095222772668e-03,-3.920466617861122455e-04,-8.906231617909868638e-08
0.000000000000000000e+00,0.000000000000000000e+00,0.000000000000000000e+00,2.823544014977641403e-03,-3.907487950419834266e-04,0.000000000000000000e+00
0.000000000000000000e+00,0.000000000000000000e+00,0.000000000000000000e+00,2.758228045438793075e-03,-4.266905810337562333e-04,-1.162951583505433817e-07
0.000000000000000000e+00,0.000000000000000000e+00,0.000000000000000000e+00,2.831336856424115922e-03,-4.340752410354510593e-04,-1.198386806455786768e-07
0.000000000000000000e+00,0.000000000000000000e+00,0.000000000000000000e+00,2.904576383990109534e-03,-4.418864126532230652e-04,-1.233759263502554049e-07
-4.151096876527036317e-05,2.787190690156062512e-05,6.427802384309644693e-03,2.837567952686725556e-03,-4.868900577216791841e-04,-8.732771314561425852e-08
-4.149577903925281383e-05,2.789621474988937853e-05,6.362757509334039489e-03,2.910532053267647200e-03,-4.952199625151211841e-04,-8.996739449489636433e-08
0.000000000000000000e+00,0.000000000000000000e+00,6.353409530605179552e-03,2.900625469820509311e-03,-4.481098581468839315e-04,0.000000000000000000e+00
0.000000000000000000e+00,0.000000000000000000e+00,6.205434406703264939e-03,2.918152878897312813e-03,-5.399872811012629455e-04,0.000000000000000000e+00
0.000000000000000000e+00,0.000000000000000000e+00,6.196331113631519359e-03,2.908316269174372228e-03,-4.930420915316089661e-04,0.000000000000000000e+00
0.000000000000000000e+00,0.000000000000000000e+00,0.000000000000000000e+00,2.983123983822832948e-03,-4.926688564007124238e-04,0.000000000000000000e+00
0.000000000000000000e+00,0.000000000000000000e+00,6.261459208202081912e-03,2.998958487987505358e-03,-5.937711670071965826e-04,0.000000000000000000e+00
0.000000000000000000e+00,0.000000000000000000e+00,6.196807546338422776e-03,2.988964226966307064e-03,-5.471503996120627780e-04,0.000000000000000000e+00
0.000000000000000000e+00,0.000000000000000000e+00,6.188143689286466562e-03,3.006378513885468555e-03,-6.393722439319395653e-04,0.000000000000000000e+00
0.000000000000000000e+00,0.000000000000000000e+00,6.179609993031560597e-03,2.996714379299417544e-03,-5.928801330073070475e-04,0.000000000000000000e+00
0.000000000000000000e+00,0.000000000000000000e+00,6.115156733262727511e-03,3.069727935600959513e-03,-6.024598738087052563e-04,0.000000000000000000e+00
0.000000000000000000e+00,0.000000000000000000e+00,6.106836459464492529e-03,3.004165679874253730e-03,-6.390019108990277995e-04,0.000000000000000000e+00
0.000000000000000000e+00,0.000000000000000000e+00,6.042499380828105816e-03,3.077174445013374469e-03,-6.488392757791609138e-04,0.000000000000000000e+00
0.000000000000000000e+00,0.000000000000000000e+00,6.034393010420074401e-03,3.094351432748305031e-03,-7.415869351329452790e-04,0.000000000000000000e+00
0.000000000000000000e+00,0.000000000000000000e+00,6.026417338763072340e-03,3.084858572172249468e-03,-6.955428730012705061e-04,0.000000000000000000e+00
0.000000000000000000e+00,0.000000000000000000e+00,5.962280690509616857e-03,3.157866211888295596e-03,-7.058070645769298768e-04,0.000000000000000000e+00
0.000000000000000000e+00,0.000000000000000000e+00,5.954519624481673101e-03,3.092230104677863231e-03,-7.426283714045396698e-04,0.000000000000000000e+00
0.000000000000000000e+00,0.000000000000000000e+00,5.946889576661566930e-03,3.165514158427277722e-03,-7.531220388600221374e-04,0.000000000000000000e+00
0.000000000000000000e+00,0.000000000000000000e+00,5.882954570198775483e-03,3.016956162388648426e-03,-7.337090986212766505e-04,0.000000000000000000e+00
0.000000000000000000e+00,0.000000000000000000e+00,0.000000000000000000e+00,3.009806292369243685e-03,-6.794554788478839036e-04,0.000000000000000000e+00
0.000000000000000000e+00,0.000000000000000000e+00,0.000000000000000000e+00,2.944150218150642928e-03,-7.162840945466181219e-04,0.000000000000000000e+00
0.000000000000000000e+00,0.000000000000000000e+00,0.000000000000000000e+00,2.852157024024193355e-03,-6.144677107463858423e-04,0.000000000000000000e+00
0.000000000000000000e+00,0.000000000000000000e+00,0.000000000000000000e+00,2.842830644781080274e-03,-5.686619769383997880e-04,0.000000000000000000e+00
0.000000000000000000e+00,0.000000000000000000e+00,5.872910442926751982e-03,2.775282780895449875e-03,-6.140734086764023172e-04,0.000000000000000000e+00
0.000000000000000000e+00,0.000000000000000000e+00,0.000000000000000000e+00,2.685365833718034168e-03,-5.040929400356407297e-04,0.000000000000000000e+00
0.000000000000000000e+00,0.000000000000000000e+00,5.941691979887975261e-03,2.618172842855776700e-03,-5.487669860386841991e-04,0.000000000000000000e+00
0.000000000000000000e+00,0.000000000000000000e+00,0.000000000000000000e+00,2.528258567957464287e-03,-4.391251068676174651e-04,0.000000000000000000e+00
0.000000000000000000e+00,0.000000000000000000e+00,5.871746279213099426e-03,2.461172658958619194e-03,-4.835894767409604916e-04,0.000000000000000000e+00
0.000000000000000000e+00,0.000000000000000000e+00,0.000000000000000000e+00,2.453690124003427009e-03,-4.310465986635605984e-04,0.000000000000000000e+00
0.000000000000000000e+00,0.000000000000000000e+00,5.941291685963575459e-03,2.304485052782301747e-03,-4.182130869071691939e-04,0.000000000000000000e+00
0.000000000000000000e+00,0.000000000000000000e+00,0.000000000000000000e+00,2.296939259373131925e-03,-3.661055348510057483e-04,0.000000000000000000e+00
0.000000000000000000e+00,0.000000000000000000e+00,5.872052867177381986e-03,2.230105507734531523e-03,-4.099151250550223352e-04,0.000000000000000000e+00
0.000000000000000000e+00,0.000000000000000000e+00,0.000000000000000000e+00,2.140291130440341583e-03,-3.014300330556642094e-04,0.000000000000000000e+00
0.000000000000000000e+00,0.000000000000000000e+00,5.942364438278041790e-03,2.073772291653185745e-03,-3.445536150452458996e-04,0.000000000000000000e+00
0.000000000000000000e+00,0.000000000000000000e+00,5.879460233888358749e-03,2.065155792980902672e-03,-2.994542886260205951e-04,0.000000000000000000e+00
0.000000000000000000e+00,0.000000000000000000e+00,5.873835762538820275e-03,2.056786705638944095e-03,-2.543897435574519854e-04,0.000000000000000000e+00
0.000000000000000000e+00,0.000000000000000000e+00,5.811054032433228371e-03,1.909087227405371076e-03,-2.342363972795619479e-04,0.000000000000000000e+00
0.000000000000000000e+00,0.000000000000000000e+00,5.805648768496146118e-03,1.900833894681164867e-03,-1.892249903812051495e-04,0.000000000000000000e+00
0.000000000000000000e+00,0.000000000000000000e+00,0.000000000000000000e+00,1.835984834598902715e-03,-2.209080490140971631e-04,0.000000000000000000e+00
0.000000000000000000e+00,0.000000000000000000e+00,5.737804528681261958e-03,1.827013547080011445e-03,-1.813560798415986676e-04,0.000000000000000000e+00
0.000000000000000000e+00,0.000000000000000000e+00,0.000000000000000000e+00,1.680072686940037308e-03,-1.561759355218593492e-04,0.000000000000000000e+00
0.000000000000000000e+00,0.000000000000000000e+00,5.809628866116633115e-03,1.671473675823623118e-03,-1.160540137716215356e-04,0.000000000000000000e+00
0.000000000000000000e+00,0.000000000000000000e+00,5.747234436985114263e-03,1.605848148029756636e-03,-1.531151743668774637e-04,0.000000000000000000e+00
0.000000000000000000e+00,0.000000000000000000e+00,5.742501832803501190e-03,1.597874350879592087e-03,-1.083561785957316321e-04,0.000000000000000000e+00
0.000000000000000000e+00,0.000000000000000000e+00,5.680232075147356556e-03,1.450494530162861400e-03,-8.785457885726620020e-05,0.000000000000000000e+00
0.000000000000000000e+00,0.000000000000000000e+00,5.675720527949101521e-03,1.442633662737932265e-03,-4.314482643925142364e-05,0.000000000000000000e+00
0.000000000000000000e+00,0.000000000000000000e+00,5.613576026769139318e-03,1.377030896371206868e-03,-8.021709644741440760e-05,0.000000000000000000e+00
0.000000000000000000e+00,0.000000000000000000e+00,5.609286032137320369e-03,1.369252245571275176e-03,-3.560534499922892815e-05,0.000000000000000000e+00
0.000000000000000000e+00,0.000000000000000000e+00,5.547267373692824771e-03,1.303640569424284208e-03,-7.270535992581280305e-05,0.000000000000000000e+00
0.000000000000000000e+00,0.000000000000000000e+00,0.000000000000000000e+00,1.296014930874056503e-03,-2.459867456718056733e-05,0.000000000000000000e+00
0.000000000000000000e+00,0.000000000000000000e+00,5.620758005519141572e-03,1.230356328163836757e-03,-6.523331856144808474e-05,0.000000000000000000e+00
0.000000000000000000e+00,0.000000000000000000e+00,5.558920295049835439e-03,1.141126728736530874e-03,3.707933035926946295e-05,0.000000000000000000e+00
0.000000000000000000e+00,0.000000000000000000e+00,5.555174725913532806e-03,1.075626462059652141e-03,4.484974816560554928e-09,0.000000000000000000e+00
0.000000000000000000e+00,0.000000000000000000e+00,5.493464220527752295e-03,1.068031037460074207e-03,4.434399842934823668e-05,0.000000000000000000e+00
0.000000000000000000e+00,0.000000000000000000e+00,5.489941841296699758e-03,1.002513428215732853e-03,7.242921188143272159e-06,0.000000000000000000e+00
0.000000000000000000e+00,0.000000000000000000e+00,5.428359131454603935e-03,9.950037074329795474e-04,5.148976583072918304e-05,0.000000000000000000e+00
0.000000000000000000e+00,0.000000000000000000e+00,0.000000000000000000e+00,9.294245328353989422e-04,1.688456034425883656e-05,0.000000000000000000e+00
0.000000000000000000e+00,0.000000000000000000e+00,5.503151446712022804e-03,9.220609553206076054e-04,5.858421939914883252e-05,0.000000000000000000e+00
0.000000000000000000e+00,0.000000000000000000e+00,5.441752246146542606e-03,8.564383852739372669e-04,2.140167553747459266e-05,0.000000000000000000e+00
0.000000000000000000e+00,0.000000000000000000e+00,0.000000000000000000e+00,8.489815212140428002e-04,6.780200797261090595e-05,0.000000000000000000e+00
0.000000000000000000e+00,0.000000000000000000e+00,5.377508008676113241e-03,7.835280183134835661e-04,2.828877611298717524e-05,0.000000000000000000e+00
0.000000000000000000e+00,0.000000000000000000e+00,0.000000000000000000e+00,7.179428755880179480e-04,-6.955056268066056591e-06,0.000000000000000000e+00
0.000000000000000000e+00,0.000000000000000000e+00,0.000000000000000000e+00,7.105958857831495834e-04,3.705180133061966585e-05,0.000000000000000000e+00
0.000000000000000000e+00,0.000000000000000000e+00,5.392144613565383153e-03,6.450176620611016961e-04,-2.104828064242857793e-06,0.000000000000000000e+00
0.000000000000000000e+00,0.000000000000000000e+00,0.000000000000000000e+00,5.565625216022995758e-04,1.018230954233263763e-04,0.000000000000000000e+00
0.000000000000000000e+00,0.000000000000000000e+00,0.000000000000000000e+00,4.910131443873755330e-04,6.451045719916073673e-05,0.000000000000000000e+00
0.000000000000000000e+00,0.000000000000000000e+00,5.407518249193526104e-03,4.841452290107938969e-04,1.069855998131476025e-04,0.000000000000000000e+00
0.000000000000000000e+00,0.000000000000000000e+00,5.486338099091590294e-03,4.184854345473604589e-04,6.980660939627624103e-05,0.000000000000000000e+00
0.000000000000000000e+00,0.000000000000000000e+00,5.425536666828686787e-03,4.115222371670032076e-04,1.135353353235128698e-04,0.000000000000000000e+00
0.000000000000000000e+00,0.000000000000000000e+00,5.423631240153218430e-03,4.267736203340359038e-04,1.754431907591179004e-05,0.000000000000000000e+00
0.000000000000000000e+00,0.000000000000000000e+00,5.362961655736995376e-03,4.198526792009257174e-04,6.114034291052950799e-05,0.000000000000000000e+00
0.000000000000000000e+00,0.000000000000000000e+00,0.000000000000000000e+00,3.540842165146163012e-04,2.481046411717188760e-05,0.000000000000000000e+00
0.000000000000000000e+00,0.000000000000000000e+00,5.440485918777288737e-03,3.473119295172783557e-04,6.739871255888317569e-05,0.000000000000000000e+00
0.000000000000000000e+00,0.000000000000000000e+00,5.380005139283029758e-03,2.815645563213864627e-04,3.008656283154913444e-05,0.000000000000000000e+00
0.000000000000000000e+00,0.000000000000000000e+00,5.319566430329956096e-03,2.157864908990256498e-04,-7.211242375158638013e-06,0.000000000000000000e+00
0.000000000000000000e+00,0.000000000000000000e+00,5.318308032512881166e-03,2.090558445022967435e-04,3.619965813654165364e-05,0.000000000000000000e+00
0.000000000000000000e+00,0.000000000000000000e+00,5.258002888189228230e-03,1.432590930724993248e-04,-1.112000233036121299e-06,0.000000000000000000e+00
0.000000000000000000e+00,0.000000000000000000e+00,0.000000000000000000e+00,1.364891167486836920e-04,4.257432508942421423e-05,0.000000000000000000e+00
0.000000000000000000e+00,0.000000000000000000e+00,5.277339474671055748e-03,7.078023317802851816e-05,4.893527416507259401e-06,0.000000000000000000e+00
0.000000000000000000e+00,0.000000000000000000e+00,5.276502753627326098e-03,6.419211893398952661e-05,4.813571854352955971e-05,0.000000000000000000e+00
0.000000000000000000e+00,0.000000000000000000e+00,5.216431674547250194e-03,-1.638602781553291555e-06,1.079887935455191685e-05,0.000000000000000000e+00
0.000000000000000000e+00,0.000000000000000000e+00,0.000000000000000000e+00,-8.296385556660901273e-06,5.393808247020764890e-05,0.000000000000000000e+00
0.000000000000000000e+00,0.000000000000000000e+00,5.295752933084612972e-03,-7.400983185802165025e-05,1.660708572902578199e-05,0.000000000000000000e+00
0.000000000000000000e+00,0.000000000000000000e+00,5.235874388305233190e-03,-3.667423411005977179e-08,2.445458179432372250e-07,0.000000000000000000e+00
0.000000000000000000e+00,0.000000000000000000e+00,5.176039455552314088e-03,-6.594230222263778478e-05,-3.716094856737213453e-05,0.000000000000000000e+00
0.000000000000000000e+00,0.000000000000000000e+00,0.000000000000000000e+00,-1.316953442574986255e-04,-7.490022732488388346e-05,0.000000000000000000e+00
0.000000000000000000e+00,0.000000000000000000e+00,5.256070821095873424e-03,-1.382789787189869649e-04,-3.163765455915566553e-05,0.000000000000000000e+00
0.000000000000000000e+00,0.000000000000000000e+00,5.196429899860869651e-03,-2.042381824804933405e-04,-6.903980948914917445e-05,0.000000000000000000e+00
0.000000000000000000e+00,0.000000000000000000e+00,5.136833202670059058e-03,-2.105540666715290056e-04,-2.618703109742107088e-05,0.000000000000000000e+00
0.000000000000000000e+00,0.000000000000000000e+00,0.000000000000000000e+00,-2.763877371855238962e-04,-6.431493869923921025e-05,0.000000000000000000e+00
0.000000000000000000e+00,0.000000000000000000e+00,5.157737676431693556e-03,-2.026100868629979819e-04,-8.060460295473896955e-05,0.000000000000000000e+00
0.000000000000000000e+00,0.000000000000000000e+00,5.158176277794124069e-03,-2.686625112140701775e-04,-1.180808970412815955e-04,0.000000000000000000e+00
0.000000000000000000e+00,0.000000000000000000e+00,5.098819913170626883e-03,-3.347347091573326262e-04,-1.555258496776613995e-04,0.000000000000000000e+00
0.000000000000000000e+00,0.000000000000000000e+00,0.000000000000000000e+00,-3.406633836531280934e-04,-1.137803620387366210e-04,0.000000000000000000e+00
0.000000000000000000e+00,0.000000000000000000e+00,5.120253384224199289e-03,-4.070190697023196003e-04,-1.503687016717564315e-04,0.000000000000000000e+00
0.000000000000000000e+00,0.000000000000000000e+00,5.121120536329060863e-03,-3.331749547116086437e-04,-1.678368428929604902e-04,0.000000000000000000e+00
0.000000000000000000e+00,0.000000000000000000e+00,5.062006608666069774e-03,-3.993295879122773172e-04,-2.053384439918725149e-04,0.000000000000000000e+00
0.000000000000000000e+00,0.000000000000000000e+00,0.000000000000000000e+00,-4.050319444542926917e-04,-1.639507837110990018e-04,0.000000000000000000e+00
0.000000000000000000e+00,0.000000000000000000e+00,5.083972283087478776e-03,-4.715901619253388358e-04,-2.004364432622499472e-04,0.000000000000000000e+00
0.000000000000000000e+00,0.000000000000000000e+00,0.000000000000000000e+00,-4.572183561593057277e-04,-2.993122646208525028e-04,0.000000000000000000e+00
0.000000000000000000e+00,0.000000000000000000e+00,5.106170737209900917e-03,-4.639865012669139354e-04,-2.558492757149415423e-04,0.000000000000000000e+00
0.000000000000000000e+00,0.000000000000000000e+00,5.107665632334846759e-03,-5.302891980480060321e-04,-2.934220959833067489e-04,0.000000000000000000e+00
0.000000000000000000e+00,0.000000000000000000e+00,5.048901429621189922e-03,-5.362660671017549030e-04,-2.511911703858451367e-04,0.000000000000000000e+00
0.000000000000000000e+00,0.000000000000000000e+00,0.000000000000000000e+00,-5.220000425678605893e-04,-3.504666550715219986e-04,0.000000000000000000e+00
0.000000000000000000e+00,0.000000000000000000e+00,5.071636764098144158e-03,-5.892073355437875372e-04,-3.867125060314238966e-04,0.000000000000000000e+00
0.000000000000000000e+00,0.000000000000000000e+00,0.000000000000000000e+00,-5.943022199142999895e-04,-3.461702077115942633e-04,0.000000000000000000e+00
0.000000000000000000e+00,0.000000000000000000e+00,5.094606992212280874e-03,-6.615208171544650472e-04,-3.822289677322479335e-04,0.000000000000000000e+00
0.000000000000000000e+00,0.000000000000000000e+00,5.096733301874186231e-03,-5.878545323203423871e-04,-4.008127940651939262e-04,0.000000000000000000e+00
0.000000000000000000e+00,0.000000000000000000e+00,5.038323351556021207e-03,-6.543129119435247025e-04,-4.384222574315379444e-04,0.000000000000000000e+00
0.000000000000000000e+00,0.000000000000000000e+00,4.979960854277817178e-03,-7.208075719427792282e-04,-4.760085788602263948e-04,0.000000000000000000e+00
0.000000000000000000e+00,0.000000000000000000e+00,0.000000000000000000e+00,-6.459730699879262517e-04,-4.964855417357895428e-04,0.000000000000000000e+00
0.000000000000000000e+00,0.000000000000000000e+00,5.003580015101989631e-03,-7.137067197575820265e-04,-5.325017270081037861e-04,0.000000000000000000e+00
0.000000000000000000e+00,0.000000000000000000e+00,0.000000000000000000e+00,-7.183148798221017373e-04,-4.925782107089195228e-04,0.000000000000000000e+00
0.000000000000000000e+00,0.000000000000000000e+00,0.000000000000000000e+00,-7.052434684851061064e-04,-5.911078102290925895e-04,0.000000000000000000e+00
0.000000000000000000e+00,0.000000000000000000e+00,5.109570514265396671e-03,-7.124520943391547895e-04,-5.476346525710127115e-04,0.000000000000000000e+00
0.000000000000000000e+00,0.000000000000000000e+00,0.000000000000000000e+00,-7.776416236277006178e-04,-5.873622863183901310e-04,0.000000000000000000e+00
0.000000000000000000e+00,0.000000000000000000e+00,5.133795377606157305e-03,-7.664978461319095363e-04,-6.839911931417116129e-04,0.000000000000000000e+00
0.000000000000000000e+00,0.000000000000000000e+00,5.136957404785561128e-03,-7.722751085256923404e-04,-6.425213849425452433e-04,0.000000000000000000e+00
0.000000000000000000e+00,0.000000000000000000e+00,5.079123707434258367e-03,-8.390258959679826106e-04,-6.802106028102395448e-04,0.000000000000000000e+00
0.000000000000000000e+00,0.000000000000000000e+00,5.021338964872623829e-03,-7.655485581445564073e-04,-6.998462306680071094e-04,0.000000000000000000e+00
0.000000000000000000e+00,0.000000000000000000e+00,5.103897843870820045e-03,-8.323292775047242027e-04,-7.376417011121859206e-04,0.000000000000000000e+00
0.000000000000000000e+00,0.000000000000000000e+00,5.046222803019128136e-03,-8.991829255428099256e-04,-7.753444293922439516e-04,0.000000000000000000e+00
0.000000000000000000e+00,0.000000000000000000e+00,4.988597191355812269e-03,-8.257797944435129375e-04,-7.952405859262821116e-04,0.000000000000000000e+00
0.000000000000000000e+00,0.000000000000000000e+00,0.000000000000000000e+00,-8.906627621936280548e-04,-8.352943017779813906e-04,0.000000000000000000e+00
0.000000000000000000e+00,0.000000000000000000e+00,5.013832434764064344e-03,-8.806496058763014449e-04,-9.321160236957286250e-04,0.000000000000000000e+00
0.000000000000000000e+00,0.000000000000000000e+00,0.000000000000000000e+00,-8.840922002407713975e-04,-8.932397220918382452e-04,0.000000000000000000e+00
0.000000000000000000e+00,0.000000000000000000e+00,5.039309758635723314e-03,-9.532660989837462521e-04,-9.287509906464827027e-04,0.000000000000000000e+00
0.000000000000000000e+00,0.000000000000000000e+00,0.000000000000000000e+00,-8.776285222983348788e-04,-9.514204758213247459e-04,0.000000000000000000e+00
0.000000000000000000e+00,0.000000000000000000e+00,5.065029834666542885e-03,-9.470256369897117306e-04,-9.869682641347721740e-04,0.000000000000000000e+00
0.000000000000000000e+00,0.000000000000000000e+00,0.000000000000000000e+00,-9.326527396747996690e-04,-1.088784549882614028e-03,0.000000000000000000e+00
0.000000000000000000e+00,0.000000000000000000e+00,5.090993335839544796e-03,-9.408957881829467214e-04,-1.045417606756370282e-03,0.000000000000000000e+00
0.000000000000000000e+00,0.000000000000000000e+00,0.000000000000000000e+00,-9.264958540710077628e-04,-1.147359929989801020e-03,0.000000000000000000e+00
0.000000000000000000e+00,0.000000000000000000e+00,5.117200936384774974e-03,-9.348775750599490689e-04,-1.104096998915732406e-03,0.000000000000000000e+00
0.000000000000000000e+00,0.000000000000000000e+00,0.000000000000000000e+00,-9.992588575811200968e-04,-1.144604600656948246e-03,0.000000000000000000e+00
0.000000000000000000e+00,0.000000000000000000e+00,5.143653311736414227e-03,-9.907744576216552350e-04,-1.241615821524252004e-03,0.000000000000000000e+00
0.000000000000000000e+00,0.000000000000000000e+00,0.000000000000000000e+00,-9.932527326916851251e-04,-1.203546545197279466e-03,0.000000000000000000e+00
0.000000000000000000e+00,0.000000000000000000e+00,0.000000000000000000e+00,-9.817034160189974656e-04,-1.303382114626380067e-03,0.000000000000000000e+00
0.000000000000000000e+00,0.000000000000000000e+00,5.254024217686247868e-03,-1.052449585488161865e-03,-1.338624828570380123e-03,0.000000000000000000e+00
0.000000000000000000e+00,0.000000000000000000e+00,0.000000000000000000e+00,-9.759411180959576271e-04,-1.362671186060235989e-03,0.000000000000000000e+00
0.000000000000000000e+00,0.000000000000000000e+00,5.281100844156471665e-03,-1.046928579533530244e-03,-1.397941626625380258e-03,0.000000000000000000e+00
0.000000000000000000e+00,0.000000000000000000e+00,5.224485858176847360e-03,-9.740162750162178812e-04,-1.419472827283741910e-03,0.000000000000000000e+00
0.000000000000000000e+00,0.000000000000000000e+00,5.308424494879696205e-03,-1.041523693650645748e-03,-1.457479347092177071e-03,0.000000000000000000e+00
0.000000000000000000e+00,0.000000000000000000e+00,5.251924109739109989e-03,-1.030828107955255538e-03,-1.557528155728497886e-03,0.000000000000000000e+00
0.000000000000000000e+00,0.000000000000000000e+00,5.195476294263863364e-03,-1.036325298225098312e-03,-1.517138161388857480e-03,0.000000000000000000e+00
0.000000000000000000e+00,0.000000000000000000e+00,5.279610529893033651e-03,-1.025682451179221570e-03,-1.617403166550288648e-03,0.000000000000000000e+00
0.000000000000000000e+00,0.000000000000000000e+00,5.223278077197849277e-03,-1.093464587190352702e-03,-1.655328899939604789e-03,0.000000000000000000e+00
0.000000000000000000e+00,0.000000000000000000e+00,5.166998675800311448e-03,-1.020756525400725581e-03,-1.677395083894359052e-03,0.000000000000000000e+00
0.000000000000000000e+00,0.000000000000000000e+00,5.251329175444024652e-03,-1.088509246008281979e-03,-1.715445736007004595e-03,0.000000000000000000e+00
0.000000000000000000e+00,0.000000000000000000e+00,5.195165900100578125e-03,-1.015853393031867623e-03,-1.737699409136189655e-03,0.000000000000000000e+00
0.000000000000000000e+00,0.000000000000000000e+00,5.139056158429828637e-03,-1.083781229123761004e-03,-1.775670834529412614e-03,0.000000000000000000e+00
0.000000000000000000e+00,0.000000000000000000e+00,5.223583588664863775e-03,-1.073604800489292828e-03,-1.876252565209093632e-03,0.000000000000000000e+00
0.000000000000000000e+00,0.000000000000000000e+00,5.167590737575415358e-03,-1.079071263839213738e-03,-1.836210894941784971e-03,0.000000000000000000e+00
0.000000000000000000e+00,0.000000000000000000e+00,5.189559547108498101e-03,-1.069011047978908526e-03,-1.936722739565479266e-03,0.000000000000000000e+00
0.000000000000000000e+00,0.000000000000000000e+00,0.000000000000000000e+00,-1.132019647068216450e-03,-1.977832868634829544e-03,0.000000000000000000e+00
0.000000000000000000e+00,0.000000000000000000e+00,5.218390264341460014e-03,-1.064565352141867271e-03,-1.997580708356030185e-03,0.000000000000000000e+00
0.000000000000000000e+00,0.000000000000000000e+00,0.000000000000000000e+00,-9.868774240148203702e-04,-2.023261949029339646e-03,0.000000000000000000e+00
0.000000000000000000e+00,0.000000000000000000e+00,5.247473604406627072e-03,-9.974384039199610773e-04,-1.980828780895852771e-03,0.000000000000000000e+00
0.000000000000000000e+00,0.000000000000000000e+00,5.332432737499575096e-03,-9.248998930862760166e-04,-2.004055538287314708e-03,0.000000000000000000e+00
0.000000000000000000e+00,0.000000000000000000e+00,5.276810254535025703e-03,-9.931490557270150447e-04,-2.042167228500636929e-03,0.000000000000000000e+00
0.000000000000000000e+00,0.000000000000000000e+00,5.221242830690243225e-03,-9.837350602717297859e-04,-2.143186199433121109e-03,0.000000000000000000e+00
0.000000000000000000e+00,0.000000000000000000e+00,5.243345567692622895e-03,-9.259895305623834158e-04,-2.025847348871131961e-03,0.000000000000000000e+00
0.000000000000000000e+00,0.000000000000000000e+00,0.000000000000000000e+00,-8.482636380641173091e-04,-2.051798134873139209e-03,0.000000000000000000e+00
0.000000000000000000e+00,0.000000000000000000e+00,5.273101359764924972e-03,-8.587875940705265660e-04,-2.010059536310018335e-03,0.000000000000000000e+00
0.000000000000000000e+00,0.000000000000000000e+00,0.000000000000000000e+00,-7.181553897372960904e-04,-1.958330542434355559e-03,0.000000000000000000e+00
0.000000000000000000e+00,0.000000000000000000e+00,5.303112631863468249e-03,-7.283645745231610413e-04,-1.917088752775813858e-03,0.000000000000000000e+00
0.000000000000000000e+00,0.000000000000000000e+00,5.388570429121827127e-03,-5.926539142239230793e-04,-1.863680172358088026e-03,0.000000000000000000e+00
0.000000000000000000e+00,0.000000000000000000e+00,5.333380074056131431e-03,-5.202535057722951738e-04,-1.887855093668799845e-03,0.000000000000000000e+00
0.000000000000000000e+00,0.000000000000000000e+00,5.278246009357926219e-03,-5.252914127647605180e-04,-1.848859788814194525e-03,0.000000000000000000e+00
0.000000000000000000e+00,0.000000000000000000e+00,5.300488238268267864e-03,-3.894559983283839679e-04,-1.795782345123164963e-03,0.000000000000000000e+00
0.000000000000000000e+00,0.000000000000000000e+00,0.000000000000000000e+00,-4.528818749420793210e-04,-1.835649860030803479e-03,0.000000000000000000e+00
0.000000000000000000e+00,0.000000000000000000e+00,5.331180969604771940e-03,-3.852775858571611282e-04,-1.858951357176143225e-03,0.000000000000000000e+00
0.000000000000000000e+00,0.000000000000000000e+00,5.276243333050499411e-03,-3.901902427493463433e-04,-1.820206611571622331e-03,0.000000000000000000e+00
0.000000000000000000e+00,0.000000000000000000e+00,5.362132050334721990e-03,-2.541745189510732179e-04,-1.767849709659826069e-03,0.000000000000000000e+00
0.000000000000000000e+00,0.000000000000000000e+00,0.000000000000000000e+00,-2.543880596871384014e-04,-1.729944771997308714e-03,0.000000000000000000e+00
0.000000000000000000e+00,0.000000000000000000e+00,5.329655717007193184e-03,-1.864976110553091761e-04,-1.754237614651398425e-03,0.000000000000000000e+00
0.000000000000000000e+00,0.000000000000000000e+00,0.000000000000000000e+00,-4.586817803264864324e-05,-1.702588650896841305e-03,0.000000000000000000e+00
0.000000000000000000e+00,0.000000000000000000e+00,5.361036769379804237e-03,-5.502738261493599769e-05,-1.664018642108440601e-03,0.000000000000000000e+00
0.000000000000000000e+00,0.000000000000000000e+00,5.306420879347593066e-03,1.738086442313752778e-05,-1.689472121508337268e-03,0.000000000000000000e+00
0.000000000000000000e+00,0.000000000000000000e+00,0.000000000000000000e+00,8.091886184324881270e-05,-1.574053618961231832e-03,0.000000000000000000e+00
0.000000000000000000e+00,0.000000000000000000e+00,5.415098089804627410e-03,8.533307683770528383e-05,-1.676830157224503412e-03,0.000000000000000000e+00
0.000000000000000000e+00,0.000000000000000000e+00,5.360625355958986184e-03,8.077108008412633164e-05,-1.638734016450336516e-03,0.000000000000000000e+00
0.000000000000000000e+00,0.000000000000000000e+00,5.306211113771781840e-03,2.170845034215157477e-04,-1.587716698311753341e-03,0.000000000000000000e+00
0.000000000000000000e+00,0.000000000000000000e+00,5.392701612168606350e-03,1.487669410708796348e-04,-1.626640547491751314e-03,0.000000000000000000e+00
0.000000000000000000e+00,0.000000000000000000e+00,0.000000000000000000e+00,2.255445441371461968e-04,-1.652124127559797401e-03,0.000000000000000000e+00
0.000000000000000000e+00,0.000000000000000000e+00,5.360904650637940763e-03,2.167420739817880278e-04,-1.614749419498317552e-03,0.000000000000000000e+00
0.000000000000000000e+00,0.000000000000000000e+00,5.306694173853148712e-03,3.532044703378778858e-04,-1.564298464453470682e-03,0.000000000000000000e+00
0.000000000000000000e+00,0.000000000000000000e+00,5.393418787301978469e-03,4.256913902285373776e-04,-1.590746442147693111e-03,0.000000000000000000e+00
0.000000000000000000e+00,0.000000000000000000e+00,0.000000000000000000e+00,4.255119689970943142e-04,-1.551990912270042114e-03,0.000000000000000000e+00
0.000000000000000000e+00,0.000000000000000000e+00,5.361881511182731326e-03,5.579992115065227944e-04,-1.503037961460800985e-03,0.000000000000000000e+00
0.000000000000000000e+00,0.000000000000000000e+00,5.307876921015195967e-03,5.537830738609431525e-04,-1.465570105737011184e-03,0.000000000000000000e+00
0.000000000000000000e+00,0.000000000000000000e+00,5.253932280338814882e-03,6.261678353911608258e-04,-1.492476584820541562e-03,0.000000000000000000e+00
0.000000000000000000e+00,0.000000000000000000e+00,0.000000000000000000e+00,6.260054557895022853e-04,-1.453428381860728466e-03,0.000000000000000000e+00
0.000000000000000000e+00,0.000000000000000000e+00,5.363562811116145274e-03,7.589316105026335966e-04,-1.405607425786300872e-03,0.000000000000000000e+00
0.000000000000000000e+00,0.000000000000000000e+00,5.309766232059535268e-03,7.548802894298679671e-04,-1.368406037621522613e-03,0.000000000000000000e+00
0.000000000000000000e+00,0.000000000000000000e+00,5.256030239308270326e-03,8.272789822324113761e-04,-1.395757637411455072e-03,0.000000000000000000e+00
0.000000000000000000e+00,0.000000000000000000e+00,5.278661701315671799e-03,8.878486376173570262e-04,-1.282188693686807076e-03,0.000000000000000000e+00
0.000000000000000000e+00,0.000000000000000000e+00,5.225007954367462924e-03,9.602744907111167077e-04,-1.309780671444546202e-03,0.000000000000000000e+00
0.000000000000000000e+00,0.000000000000000000e+00,0.000000000000000000e+00,9.598315463186235519e-04,-1.270398592268873542e-03,0.000000000000000000e+00
0.000000000000000000e+00,0.000000000000000000e+00,5.258843780820829025e-03,9.642010072705879198e-04,-1.376832801296559846e-03,0.000000000000000000e+00
0.000000000000000000e+00,0.000000000000000000e+00,0.000000000000000000e+00,1.028357746686636709e-03,-1.261079251102683804e-03,0.000000000000000000e+00
0.000000000000000000e+00,0.000000000000000000e+00,5.228092696062160323e-03,1.032655982262039229e-03,-1.367795672869161205e-03,0.000000000000000000e+00
0.000000000000000000e+00,0.000000000000000000e+00,5.315692121217589251e-03,1.028943100679853605e-03,-1.330981524689239066e-03,0.000000000000000000e+00
0.000000000000000000e+00,0.000000000000000000e+00,0.000000000000000000e+00,1.040160898940101220e-03,-1.432500414633188640e-03,0.000000000000000000e+00
0.000000000000000000e+00,0.000000000000000000e+00,5.285131421928665821e-03,1.097486583340823293e-03,-1.322356554797181512e-03,0.000000000000000000e+00
0.000000000000000000e+00,0.000000000000000000e+00,5.231903606916030007e-03,1.169791304494749397e-03,-1.350707238949176020e-03,0.000000000000000000e+00
0.000000000000000000e+00,0.000000000000000000e+00,0.000000000000000000e+00,1.169483182806407839e-03,-1.311140404256953135e-03,0.000000000000000000e+00
0.000000000000000000e+00,0.000000000000000000e+00,5.201521010895711165e-03,1.238342556067472365e-03,-1.342583566857279056e-03,0.000000000000000000e+00
0.000000000000000000e+00,0.000000000000000000e+00,5.289459259240326949e-03,1.310707623563370791e-03,-1.371178440274584175e-03,0.000000000000000000e+00
0.000000000000000000e+00,0.000000000000000000e+00,0.000000000000000000e+00,1.375504431522345250e-03,-1.255352209229152610e-03,0.000000000000000000e+00
0.000000000000000000e+00,0.000000000000000000e+00,5.259270974286358105e-03,1.444454925505655801e-03,-1.287717331022173936e-03,0.000000000000000000e+00
0.000000000000000000e+00,0.000000000000000000e+00,5.206345541814045262e-03,1.440917017215826313e-03,-1.251503941767621950e-03,0.000000000000000000e+00
0.000000000000000000e+00,0.000000000000000000e+00,0.000000000000000000e+00,1.516472152072734225e-03,-1.276698814752888142e-03,0.000000000000000000e+00
0.000000000000000000e+00,0.000000000000000000e+00,5.176340078068430821e-03,1.574973701257838168e-03,-1.168643096369806258e-03,0.000000000000000000e+00
0.000000000000000000e+00,0.000000000000000000e+00,5.123565149628145875e-03,1.581886079192214431e-03,-1.273647220247107375e-03,0.000000000000000000e+00
0.000000000000000000e+00,0.000000000000000000e+00,5.146432257550728404e-03,1.578405204274590037e-03,-1.237499890713453926e-03,0.000000000000000000e+00
3.771406393812101108e-05,-3.282821645457139400e-05,5.093745071434062875e-03,1.650620095258097412e-03,-1.266984976452283475e-03,8.988518391450825950e-09
3.769530813041754765e-05,-3.285081470681329603e-05,5.116623120466595731e-03,1.647189662726039486e-03,-1.230938453579008334e-03,1.095472179658883800e-08
0.000000000000000000e+00,0.000000000000000000e+00,5.064024272389596425e-03,1.784932009844208273e-03,-1.185100387504549628e-03,0.000000000000000000e+00
3.765608895487126712e-05,-3.289452972519820914e-05,5.011489975172502692e-03,1.781665372728123741e-03,-1.149337192697192029e-03,2.237782481823027390e-08
0.000000000000000000e+00,0.000000000000000000e+00,5.034403794372973445e-03,1.853806953222990285e-03,-1.179099318761637604e-03,0.000000000000000000e+00
0.000000000000000000e+00,0.000000000000000000e+00,4.981958767231170829e-03,1.850595120444418779e-03,-1.143437092765422483e-03,0.000000000000000000e+00
0.000000000000000000e+00,0.000000000000000000e+00,4.929578813731062131e-03,1.922788694930847170e-03,-1.173535785541651331e-03,0.000000000000000000e+00
0.000000000000000000e+00,0.000000000000000000e+00,4.952529519999691529e-03,1.985326626904260639e-03,-1.062506362409035461e-03,0.000000000000000000e+00
0.000000000000000000e+00,0.000000000000000000e+00,4.900239769181525575e-03,2.057543261130739213e-03,-1.092831566526048783e-03,0.000000000000000000e+00
0.000000000000000000e+00,0.000000000000000000e+00,0.000000000000000000e+00,2.057044496426851943e-03,-1.052419897101874308e-03,0.000000000000000000e+00
0.000000000000000000e+00,0.000000000000000000e+00,4.871004326940582205e-03,2.060672567043285962e-03,-1.162969075643800060e-03,0.000000000000000000e+00
0.000000000000000000e+00,0.000000000000000000e+00,4.893981086871292650e-03,2.057532044691316557e-03,-1.127449243045181189e-03,0.000000000000000000e+00
0.000000000000000000e+00,0.000000000000000000e+00,4.841873532919938224e-03,2.195652305894843503e-03,-1.082988652469562326e-03,0.000000000000000000e+00
0.000000000000000000e+00,0.000000000000000000e+00,4.789832247536098334e-03,2.126656071808785253e-03,-1.122837989596222469e-03,0.000000000000000000e+00
0.000000000000000000e+00,0.000000000000000000e+00,4.812848434008819981e-03,2.048568385168032628e-03,-1.021347084613966581e-03,0.000000000000000000e+00
0.000000000000000000e+00,0.000000000000000000e+00,4.760899479547804972e-03,2.045704528807961147e-03,-9.860757842040501070e-04,0.000000000000000000e+00
0.000000000000000000e+00,0.000000000000000000e+00,0.000000000000000000e+00,1.969998309217291244e-03,-8.800032798945006673e-04,0.000000000000000000e+00
0.000000000000000000e+00,0.000000000000000000e+00,4.732074052461576925e-03,1.898864803689178033e-03,-9.241586356997455671e-04,0.000000000000000000e+00
0.000000000000000000e+00,0.000000000000000000e+00,4.680285154393076623e-03,1.896129319988343635e-03,-8.888695030726882470e-04,0.000000000000000000e+00
0.000000000000000000e+00,0.000000000000000000e+00,4.703357015210220260e-03,1.818502696655690219e-03,-7.871579927174718371e-04,0.000000000000000000e+00
0.000000000000000000e+00,0.000000000000000000e+00,4.651661980352478527e-03,1.749532610305329101e-03,-8.266719880526045370e-04,0.000000000000000000e+00
0.000000000000000000e+00,0.000000000000000000e+00,4.674749417531236760e-03,1.672073930309339162e-03,-7.248396337737455239e-04,0.000000000000000000e+00
0.000000000000000000e+00,0.000000000000000000e+00,4.623148844291321419e-03,1.603096498708830126e-03,-7.642321076050905253e-04,0.000000000000000000e+00
0.000000000000000000e+00,0.000000000000000000e+00,0.000000000000000000e+00,1.461060582200968128e-03,-7.337288354047509162e-04,0.000000000000000000e+00
0.000000000000000000e+00,0.000000000000000000e+00,4.594746796873390438e-03,1.456820489678605987e-03,-7.015477330743958477e-04,0.000000000000000000e+00
0.000000000000000000e+00,0.000000000000000000e+00,0.000000000000000000e+00,1.314703357295665676e-03,-6.711856094713851764e-04,0.000000000000000000e+00
0.000000000000000000e+00,0.000000000000000000e+00,4.566456889446036775e-03,1.244073610656310511e-03,-7.131848617977922617e-04,0.000000000000000000e+00
0.000000000000000000e+00,0.000000000000000000e+00,0.000000000000000000e+00,1.243186744500412999e-03,-6.749001170171528910e-04,0.000000000000000000e+00
0.000000000000000000e+00,0.000000000000000000e+00,4.538280173991317452e-03,1.164746848752160708e-03,-5.754369831266704840e-04,0.000000000000000000e+00
0.000000000000000000e+00,0.000000000000000000e+00,0.000000000000000000e+00,1.230270269647504300e-03,-4.627402592798108422e-04,0.000000000000000000e+00
0.000000000000000000e+00,0.000000000000000000e+00,4.510217703077266070e-03,1.152564333237460865e-03,-3.631871600758935711e-04,0.000000000000000000e+00
0.000000000000000000e+00,0.000000000000000000e+00,4.533389813835069296e-03,1.150392156375570343e-03,-3.276651798918708098e-04,0.000000000000000000e+00
0.000000000000000000e+00,0.000000000000000000e+00,4.482270529807996957e-03,1.148328677906988466e-03,-2.922285278980817015e-04,0.000000000000000000e+00
0.000000000000000000e+00,0.000000000000000000e+00,0.000000000000000000e+00,1.072435888134104509e-03,-1.874890499114541947e-04,0.000000000000000000e+00
0.000000000000000000e+00,0.000000000000000000e+00,0.000000000000000000e+00,1.070359060231673709e-03,-1.519815944488970422e-04,0.000000000000000000e+00
0.000000000000000000e+00,0.000000000000000000e+00,4.477648866550390343e-03,1.135088084254868299e-03,-4.467767331685876963e-05,0.000000000000000000e+00
0.000000000000000000e+00,0.000000000000000000e+00,0.000000000000000000e+00,9.920769269937679269e-04,-1.420747629192215672e-05,0.000000000000000000e+00
0.000000000000000000e+00,0.000000000000000000e+00,4.449954656657605784e-03,9.230992960355277220e-04,-5.505710605624208122e-05,0.000000000000000000e+00
0.000000000000000000e+00,0.000000000000000000e+00,0.000000000000000000e+00,8.543729273199351937e-04,-9.180953793828244835e-05,0.000000000000000000e+00
0.000000000000000000e+00,0.000000000000000000e+00,4.422379362204686103e-03,7.110896618497223069e-04,-6.501752948396454434e-05,0.000000000000000000e+00
0.000000000000000000e+00,0.000000000000000000e+00,0.000000000000000000e+00,7.765066431094647115e-04,4.624432260114802462e-05,0.000000000000000000e+00
0.000000000000000000e+00,0.000000000000000000e+00,0.000000000000000000e+00,7.076009828057561180e-04,7.650097094195201786e-06,0.000000000000000000e+00
0.000000000000000000e+00,0.000000000000000000e+00,4.418183203374406731e-03,5.646562942006757256e-04,3.503833438227574651e-05,0.000000000000000000e+00
0.000000000000000000e+00,0.000000000000000000e+00,0.000000000000000000e+00,4.956679660742535631e-04,-2.185760652048326924e-06,0.000000000000000000e+00
0.000000000000000000e+00,0.000000000000000000e+00,4.390869673527413898e-03,4.940125295332988822e-04,3.235805711940265006e-05,0.000000000000000000e+00
0.000000000000000000e+00,0.000000000000000000e+00,0.000000000000000000e+00,4.922916670078159029e-04,6.901956418181847547e-05,0.000000000000000000e+00
0.000000000000000000e+00,0.000000000000000000e+00,4.363678682193450342e-03,4.846149842088630279e-04,2.448251154902387930e-04,0.000000000000000000e+00
0.000000000000000000e+00,0.000000000000000000e+00,0.000000000000000000e+00,4.152117031571700423e-04,2.075581756106302522e-04,0.000000000000000000e+00
0.000000000000000000e+00,0.000000000000000000e+00,0.000000000000000000e+00,3.462548042793001102e-04,1.693151955327121608e-04,0.000000000000000000e+00
0.000000000000000000e+00,0.000000000000000000e+00,4.359925803048486821e-03,2.775447427199179140e-04,1.305291683427233841e-04,0.000000000000000000e+00
0.000000000000000000e+00,0.000000000000000000e+00,4.241928754538215607e-03,1.348272783014834364e-04,1.602287444804111549e-04,0.000000000000000000e+00
0.000000000000000000e+00,0.000000000000000000e+00,0.000000000000000000e+00,1.330427562495906102e-04,1.962202234107000842e-04,0.000000000000000000e+00
0.000000000000000000e+00,0.000000000000000000e+00,4.215024935838536380e-03,6.433222818823927983e-05,1.581025553381964880e-04,0.000000000000000000e+00
0.000000000000000000e+00,0.000000000000000000e+00,4.238341365649197189e-03,-4.828867024697614924e-06,1.203283407375057331e-04,0.000000000000000000e+00
0.000000000000000000e+00,0.000000000000000000e+00,4.188248006905483448e-03,-6.167468075471985553e-06,1.560751430051023200e-04,0.000000000000000000e+00
0.000000000000000000e+00,0.000000000000000000e+00,0.000000000000000000e+00,-1.364851923268961542e-05,3.331040160210055681e-04,0.000000000000000000e+00
0.000000000000000000e+00,0.000000000000000000e+00,0.000000000000000000e+00,-8.270267749210802322e-05,2.952986438544786749e-04,0.000000000000000000e+00
0.000000000000000000e+00,0.000000000000000000e+00,4.184962530998486904e-03,-1.512566043791890597e-04,2.578742185305762350e-04,0.000000000000000000e+00
0.000000000000000000e+00,0.000000000000000000e+00,0.000000000000000000e+00,-2.209266528153674969e-04,2.199103927589896382e-04,0.000000000000000000e+00
0.000000000000000000e+00,0.000000000000000000e+00,0.000000000000000000e+00,-2.221751714092112806e-04,2.556894182300650797e-04,0.000000000000000000e+00
0.000000000000000000e+00,0.000000000000000000e+00,4.181847266709631632e-03,-1.546497253681355954e-04,3.651273555409210070e-04,0.000000000000000000e+00
0.000000000000000000e+00,0.000000000000000000e+00,4.063882837805439172e-03,-2.238367005250125805e-04,3.276869207404498052e-04,0.000000000000000000e+00
0.000000000000000000e+00,0.000000000000000000e+00,4.087245261558904511e-03,-2.248805451354674489e-04,3.634250615245203527e-04,0.000000000000000000e+00
0.000000000000000000e+00,0.000000000000000000e+00,4.037563094888428801e-03,-2.989658615084728991e-04,4.674416159522592758e-04,0.000000000000000000e+00
0.000000000000000000e+00,0.000000000000000000e+00,0.000000000000000000e+00,-3.008889438035344810e-04,5.026397046181572612e-04,0.000000000000000000e+00
0.000000000000000000e+00,0.000000000000000000e+00,0.000000000000000000e+00,-3.018421483533817451e-04,5.383746656373493769e-04,0.000000000000000000e+00
0.000000000000000000e+00,0.000000000000000000e+00,0.000000000000000000e+00,-3.709946024965660172e-04,5.009957030599893057e-04,0.000000000000000000e+00
0.000000000000000000e+00,0.000000000000000000e+00,4.058196925673770300e-03,-3.708167238732218841e-04,5.374969800443796806e-04,0.000000000000000000e+00
0.000000000000000000e+00,0.000000000000000000e+00,0.000000000000000000e+00,-3.727610545404269615e-04,5.725434028327064384e-04,0.000000000000000000e+00
0.000000000000000000e+00,0.000000000000000000e+00,0.000000000000000000e+00,-3.735889375847678551e-04,6.082667738845520290e-04,0.000000000000000000e+00
0.000000000000000000e+00,0.000000000000000000e+00,0.000000000000000000e+00,-3.743761979779769433e-04,6.439772812750705136e-04,0.000000000000000000e+00
0.000000000000000000e+00,0.000000000000000000e+00,0.000000000000000000e+00,-4.435589943022621995e-04,6.068490618436812346e-04,0.000000000000000000e+00
0.000000000000000000e+00,0.000000000000000000e+00,0.000000000000000000e+00,-5.128025888909704122e-04,5.697171480785407152e-04,0.000000000000000000e+00
0.000000000000000000e+00,0.000000000000000000e+00,3.984498917174073181e-03,-5.809448085519039375e-04,5.338130717191491266e-04,0.000000000000000000e+00
0.000000000000000000e+00,0.000000000000000000e+00,3.935307536274798741e-03,-5.816260089498417538e-04,5.696632868163088595e-04,0.000000000000000000e+00
0.000000000000000000e+00,0.000000000000000000e+00,3.958741351087170617e-03,-7.236135252993099220e-04,6.016239237577070695e-04,0.000000000000000000e+00
0.000000000000000000e+00,0.000000000000000000e+00,0.000000000000000000e+00,-7.941426707953613828e-04,5.634378729012178531e-04,0.000000000000000000e+00
0.000000000000000000e+00,0.000000000000000000e+00,0.000000000000000000e+00,-7.947963587848771994e-04,5.993107738980533138e-04,0.000000000000000000e+00
0.000000000000000000e+00,0.000000000000000000e+00,3.956579401056399894e-03,-8.630556120813145026e-04,5.642717755886540428e-04,0.000000000000000000e+00
0.000000000000000000e+00,0.000000000000000000e+00,3.838649037144802826e-03,-8.635447895591187670e-04,6.002335058860231061e-04,0.000000000000000000e+00
0.000000000000000000e+00,0.000000000000000000e+00,3.862092303398181707e-03,-9.330259949978785558e-04,5.637391933678348238e-04,0.000000000000000000e+00
0.000000000000000000e+00,0.000000000000000000e+00,0.000000000000000000e+00,-9.347005913408201749e-04,5.979565373614792803e-04,0.000000000000000000e+00
0.000000000000000000e+00,0.000000000000000000e+00,0.000000000000000000e+00,-9.352250436406306378e-04,6.338608771177334580e-04,0.000000000000000000e+00
0.000000000000000000e+00,0.000000000000000000e+00,3.860167152636216018e-03,-8.621486040954031219e-04,6.024413121521225104e-04,0.000000000000000000e+00
0.000000000000000000e+00,0.000000000000000000e+00,3.742238716423569068e-03,-8.625078329136384378e-04,6.383569120937151965e-04,0.000000000000000000e+00
0.000000000000000000e+00,0.000000000000000000e+00,0.000000000000000000e+00,-9.332300127206094587e-04,6.003773989338803165e-04,0.000000000000000000e+00
0.000000000000000000e+00,0.000000000000000000e+00,0.000000000000000000e+00,-9.336660061100010566e-04,6.362481599681014391e-04,0.000000000000000000e+00
0.000000000000000000e+00,0.000000000000000000e+00,0.000000000000000000e+00,-8.649018143512821055e-04,7.443405638897962039e-04,0.000000000000000000e+00
0.000000000000000000e+00,0.000000000000000000e+00,3.764016016753277821e-03,-9.330839584528009822e-04,7.097226212810756095e-04,0.000000000000000000e+00
0.000000000000000000e+00,0.000000000000000000e+00,3.646094212201113783e-03,-1.002649226599967294e-03,6.736307288999863075e-04,0.000000000000000000e+00
0.000000000000000000e+00,0.000000000000000000e+00,3.669565425088967998e-03,-1.002885871073773459e-03,7.095219539886113728e-04,0.000000000000000000e+00
0.000000000000000000e+00,0.000000000000000000e+00,0.000000000000000000e+00,-1.073811761847065505e-03,6.716158548484185871e-04,0.000000000000000000e+00
0.000000000000000000e+00,0.000000000000000000e+00,0.000000000000000000e+00,-1.074079438382780083e-03,7.075229497475275103e-04,0.000000000000000000e+00
0.000000000000000000e+00,0.000000000000000000e+00,0.000000000000000000e+00,-1.143727040975650588e-03,6.714432788861541624e-04,0.000000000000000000e+00
0.000000000000000000e+00,0.000000000000000000e+00,3.622000388215676405e-03,-1.212130982991664043e-03,6.376722391080497012e-04,0.000000000000000000e+00
0.000000000000000000e+00,0.000000000000000000e+00,3.573722884635720676e-03,-1.212342935040217930e-03,6.737424218322585374e-04,0.000000000000000000e+00
0.000000000000000000e+00,0.000000000000000000e+00,3.597208924327491026e-03,-1.142773680882232029e-03,7.814434059026976759e-04,0.000000000000000000e+00
0.000000000000000000e+00,0.000000000000000000e+00,3.479280692987705374e-03,-1.140787586611518353e-03,6.760481663940468185e-04,0.000000000000000000e+00
0.000000000000000000e+00,0.000000000000000000e+00,3.502758150016228519e-03,-1.140854250794565844e-03,7.119722466280266554e-04,0.000000000000000000e+00
0.000000000000000000e+00,0.000000000000000000e+00,0.000000000000000000e+00,-1.142222446978036210e-03,7.460119345660100668e-04,0.000000000000000000e+00
0.000000000000000000e+00,0.000000000000000000e+00,0.000000000000000000e+00,-1.072547481867802688e-03,8.535948261142743730e-04,0.000000000000000000e+00
0.000000000000000000e+00,0.000000000000000000e+00,0.000000000000000000e+00,-1.072522556740618249e-03,8.894530741650277534e-04,0.000000000000000000e+00
0.000000000000000000e+00,0.000000000000000000e+00,3.383783220146200331e-03,-1.070758119415200381e-03,9.272703185493933560e-04,0.000000000000000000e+00
0.000000000000000000e+00,0.000000000000000000e+00,3.407284041639735504e-03,-1.140558186096028194e-03,8.917015274982288599e-04,0.000000000000000000e+00
0.000000000000000000e+00,0.000000000000000000e+00,0.000000000000000000e+00,-1.072069023953070577e-03,9.972989796604649244e-04,0.000000000000000000e+00
0.000000000000000000e+00,0.000000000000000000e+00,0.000000000000000000e+00,-1.000406888523652782e-03,9.631937993577785288e-04,0.000000000000000000e+00
0.000000000000000000e+00,0.000000000000000000e+00,3.336351043476075157e-03,-1.068515142140077836e-03,9.293581422541468589e-04,0.000000000000000000e+00
0.000000000000000000e+00,0.000000000000000000e+00,0.000000000000000000e+00,-1.069875208804305089e-03,9.635537530589223174e-04,0.000000000000000000e+00
0.000000000000000000e+00,0.000000000000000000e+00,0.000000000000000000e+00,-1.069638386836491151e-03,9.993894177856815341e-04,0.000000000000000000e+00
0.000000000000000000e+00,0.000000000000000000e+00,0.000000000000000000e+00,-1.139481678847809043e-03,9.639225615785840685e-04,0.000000000000000000e+00
0.000000000000000000e+00,0.000000000000000000e+00,3.288870598426431400e-03,-1.207685738294743709e-03,9.305397676106944927e-04,0.000000000000000000e+00
0.000000000000000000e+00,0.000000000000000000e+00,0.000000000000000000e+00,-1.279161009388962711e-03,8.934023478077129238e-04,0.000000000000000000e+00
0.000000000000000000e+00,0.000000000000000000e+00,0.000000000000000000e+00,-1.207709697067516075e-03,8.590995209673314443e-04,0.000000000000000000e+00
0.000000000000000000e+00,0.000000000000000000e+00,0.000000000000000000e+00,-1.277718520697912474e-03,8.238752346387356960e-04,0.000000000000000000e+00
0.000000000000000000e+00,0.000000000000000000e+00,3.311838429188175125e-03,-1.346460179537753649e-03,7.909608273407219220e-04,0.000000000000000000e+00
0.000000000000000000e+00,0.000000000000000000e+00,3.193929361646432284e-03,-1.416543945673797659e-03,7.561267992547381078e-04,0.000000000000000000e+00
0.000000000000000000e+00,0.000000000000000000e+00,3.217439419983348335e-03,-1.345657228462129309e-03,8.630525448187990195e-04,0.000000000000000000e+00
0.000000000000000000e+00,0.000000000000000000e+00,3.099526197224185351e-03,-1.344898086258083112e-03,7.577242866804263441e-04,0.000000000000000000e+00
0.000000000000000000e+00,0.000000000000000000e+00,3.123033023109384083e-03,-1.344502589108564471e-03,7.937219498515210581e-04,0.000000000000000000e+00
0.000000000000000000e+00,0.000000000000000000e+00,0.000000000000000000e+00,-1.415965814280606416e-03,7.568874636049334470e-04,0.000000000000000000e+00
0.000000000000000000e+00,0.000000000000000000e+00,3.028620698582947229e-03,-1.343527931427792926e-03,8.658124953490152617e-04,0.000000000000000000e+00
0.000000000000000000e+00,0.000000000000000000e+00,3.052123766681698065e-03,-1.272335764900703846e-03,8.310631977110672936e-04,0.000000000000000000e+00
0.000000000000000000e+00,0.000000000000000000e+00,0.000000000000000000e+00,-1.273176040434753631e-03,8.652159734481631309e-04,0.000000000000000000e+00
0.000000000000000000e+00,0.000000000000000000e+00,2.957705146923177326e-03,-1.342026037213908674e-03,8.324863500119077065e-04,0.000000000000000000e+00
0.000000000000000000e+00,0.000000000000000000e+00,2.981205583301501077e-03,-1.270587879052068004e-03,9.390329835843513537e-04,0.000000000000000000e+00
0.000000000000000000e+00,0.000000000000000000e+00,0.000000000000000000e+00,-1.271637699225558471e-03,8.318152311907888070e-04,0.000000000000000000e+00
0.000000000000000000e+00,0.000000000000000000e+00,2.886783533168016651e-03,-1.269691379307067401e-03,8.696313070795422913e-04,0.000000000000000000e+00
0.000000000000000000e+00,0.000000000000000000e+00,2.910282463822846596e-03,-1.269044801959911444e-03,9.055984986910541349e-04,0.000000000000000000e+00
0.000000000000000000e+00,0.000000000000000000e+00,2.792361112722368047e-03,-1.268291476548917031e-03,9.416582334183547969e-04,0.000000000000000000e+00
0.000000000000000000e+00,0.000000000000000000e+00,2.815859847889719356e-03,-1.268320122328804719e-03,8.362115076993233446e-04,0.000000000000000000e+00
0.000000000000000000e+00,0.000000000000000000e+00,2.839358398625830421e-03,-1.338760472809064073e-03,8.018978872385617912e-04,0.000000000000000000e+00
0.000000000000000000e+00,0.000000000000000000e+00,0.000000000000000000e+00,-1.339151298578311611e-03,8.361910203397611430e-04,0.000000000000000000e+00
0.000000000000000000e+00,0.000000000000000000e+00,0.000000000000000000e+00,-1.338477867866116888e-03,8.721994224171005818e-04,0.000000000000000000e+00
0.000000000000000000e+00,0.000000000000000000e+00,0.000000000000000000e+00,-1.338664533269584567e-03,7.667916722358157980e-04,0.000000000000000000e+00
0.000000000000000000e+00,0.000000000000000000e+00,2.720605889619365225e-03,-1.336747236868275970e-03,8.046662985640428431e-04,0.000000000000000000e+00
0.000000000000000000e+00,0.000000000000000000e+00,0.000000000000000000e+00,-1.265910913034518082e-03,9.091887765431024004e-04,0.000000000000000000e+00
0.000000000000000000e+00,0.000000000000000000e+00,0.000000000000000000e+00,-1.266272826844550003e-03,8.037541617543957420e-04,0.000000000000000000e+00
0.000000000000000000e+00,0.000000000000000000e+00,0.000000000000000000e+00,-1.265514798998501611e-03,8.397444561527092621e-04,0.000000000000000000e+00
0.000000000000000000e+00,0.000000000000000000e+00,2.673030762997569924e-03,-1.334858069542803555e-03,8.075138592992337026e-04,0.000000000000000000e+00
0.000000000000000000e+00,0.000000000000000000e+00,0.000000000000000000e+00,-1.335171715569072326e-03,8.419208339580210379e-04,0.000000000000000000e+00
0.000000000000000000e+00,0.000000000000000000e+00,0.000000000000000000e+00,-1.335828805175243161e-03,7.365474480875832536e-04,0.000000000000000000e+00
0.000000000000000000e+00,0.000000000000000000e+00,2.602010060609061693e-03,-1.333871371652667120e-03,7.743777088306950159e-04,0.000000000000000000e+00
0.000000000000000000e+00,0.000000000000000000e+00,2.625476546434558477e-03,-1.332969562044815457e-03,8.104485576031398393e-04,0.000000000000000000e+00
0.000000000000000000e+00,0.000000000000000000e+00,2.507536623554009088e-03,-1.190561618672104569e-03,8.446741858161299632e-04,0.000000000000000000e+00
0.000000000000000000e+00,0.000000000000000000e+00,0.000000000000000000e+00,-1.190688955668206539e-03,8.791702048505144543e-04,0.000000000000000000e+00
0.000000000000000000e+00,0.000000000000000000e+00,0.000000000000000000e+00,-1.189718467727640672e-03,9.151668282973129259e-04,0.000000000000000000e+00
0.000000000000000000e+00,0.000000000000000000e+00,2.506122137575409782e-03,-1.117764234154659244e-03,8.808812417232224096e-04,0.000000000000000000e+00
0.000000000000000000e+00,0.000000000000000000e+00,0.000000000000000000e+00,-1.189630178855427545e-03,8.459422313065595445e-04,0.000000000000000000e+00
0.000000000000000000e+00,0.000000000000000000e+00,0.000000000000000000e+00,-1.188614453885850075e-03,8.819615415541848594e-04,0.000000000000000000e+00
0.000000000000000000e+00,0.000000000000000000e+00,2.435029589561708060e-03,-1.116819284247841425e-03,8.475309732762741207e-04,0.000000000000000000e+00
0.000000000000000000e+00,0.000000000000000000e+00,2.458470888405208266e-03,-1.043741218668685095e-03,9.529676166809375286e-04,0.000000000000000000e+00
0.000000000000000000e+00,0.000000000000000000e+00,2.340517867753145673e-03,-1.114490667640090230e-03,9.196306196432034495e-04,0.000000000000000000e+00
0.000000000000000000e+00,0.000000000000000000e+00,0.000000000000000000e+00,-1.116962054958037243e-03,8.129363105974281994e-04,0.000000000000000000e+00
0.000000000000000000e+00,0.000000000000000000e+00,2.315294420016792473e-03,-1.114736189168645444e-03,8.502689102193584881e-04,0.000000000000000000e+00
0.000000000000000000e+00,0.000000000000000000e+00,0.000000000000000000e+00,-1.114591734203140838e-03,8.851455822401019941e-04,0.000000000000000000e+00
0.000000000000000000e+00,0.000000000000000000e+00,0.000000000000000000e+00,-1.116202284913159204e-03,7.797846118850924532e-04,0.000000000000000000e+00
0.000000000000000000e+00,0.000000000000000000e+00,2.244148194902916785e-03,-1.186218262901469209e-03,7.479391757626604846e-04,0.000000000000000000e+00
0.000000000000000000e+00,0.000000000000000000e+00,2.267569478911853845e-03,-1.257274529239554807e-03,7.149203038461527391e-04,0.000000000000000000e+00
0.000000000000000000e+00,0.000000000000000000e+00,2.218667152426588834e-03,-1.186878125317631207e-03,6.787775041628960927e-04,0.000000000000000000e+00
0.000000000000000000e+00,0.000000000000000000e+00,0.000000000000000000e+00,-1.186510925936468119e-03,7.137092958231254156e-04,0.000000000000000000e+00
0.000000000000000000e+00,0.000000000000000000e+00,0.000000000000000000e+00,-1.185312434048624297e-03,7.498382197738615029e-04,0.000000000000000000e+00
0.000000000000000000e+00,0.000000000000000000e+00,2.147457702472168294e-03,-1.041714166624475293e-03,7.838089402460115705e-04,0.000000000000000000e+00
0.000000000000000000e+00,0.000000000000000000e+00,2.170856021935684260e-03,-1.112848922582376646e-03,7.509775578605035629e-04,0.000000000000000000e+00
0.000000000000000000e+00,0.000000000000000000e+00,0.000000000000000000e+00,-1.115773729614244481e-03,6.446700877523739090e-04,0.000000000000000000e+00
0.000000000000000000e+00,0.000000000000000000e+00,0.000000000000000000e+00,-1.114526035946528104e-03,6.808031949386708984e-04,0.000000000000000000e+00
0.000000000000000000e+00,0.000000000000000000e+00,2.027089235131335990e-03,-1.112382143206377830e-03,7.181079385469253456e-04,0.000000000000000000e+00
0.000000000000000000e+00,0.000000000000000000e+00,2.050464028385179729e-03,-1.114900415345812046e-03,6.129089907579071466e-04,0.000000000000000000e+00
0.000000000000000000e+00,0.000000000000000000e+00,0.000000000000000000e+00,-1.114148925368874110e-03,6.480939274249196067e-04,0.000000000000000000e+00
0.000000000000000000e+00,0.000000000000000000e+00,0.000000000000000000e+00,-1.185461571477586240e-03,6.155554555248568191e-04,0.000000000000000000e+00
0.000000000000000000e+00,0.000000000000000000e+00,0.000000000000000000e+00,-1.042753612348068515e-03,6.477803796405947126e-04,0.000000000000000000e+00
0.000000000000000000e+00,0.000000000000000000e+00,1.929827450047510605e-03,-1.113389704115136207e-03,6.164224621046721694e-04,0.000000000000000000e+00
0.000000000000000000e+00,0.000000000000000000e+00,0.000000000000000000e+00,-1.116782028904084179e-03,5.102077497890402519e-04,0.000000000000000000e+00
0.000000000000000000e+00,0.000000000000000000e+00,1.903646169821657545e-03,-1.041927595514180070e-03,6.160177928933689706e-04,0.000000000000000000e+00
0.000000000000000000e+00,0.000000000000000000e+00,1.926972410488126015e-03,-1.113375778976494852e-03,5.838048964152514316e-04,0.000000000000000000e+00
0.000000000000000000e+00,0.000000000000000000e+00,1.808956300408022912e-03,-1.116446048965223691e-03,4.788127182851121167e-04,0.000000000000000000e+00
0.000000000000000000e+00,0.000000000000000000e+00,0.000000000000000000e+00,-1.115486180849001308e-03,5.140784849888176133e-04,0.000000000000000000e+00
0.000000000000000000e+00,0.000000000000000000e+00,0.000000000000000000e+00,-9.727030110249224037e-04,5.457595643446489647e-04,0.000000000000000000e+00
0.000000000000000000e+00,0.000000000000000000e+00,1.805882280277079513e-03,-9.705943293280106876e-04,5.828940149908082161e-04,0.000000000000000000e+00
0.000000000000000000e+00,0.000000000000000000e+00,1.829195254940556119e-03,-9.739461925627713405e-04,4.778081960498439243e-04,0.000000000000000000e+00
0.000000000000000000e+00,0.000000000000000000e+00,0.000000000000000000e+00,-8.997264389073444946e-04,5.815430583652955732e-04,0.000000000000000000e+00
0.000000000000000000e+00,0.000000000000000000e+00,0.000000000000000000e+00,-9.713119957501792356e-04,5.495852662627063318e-04,0.000000000000000000e+00
0.000000000000000000e+00,0.000000000000000000e+00,1.684574408426171887e-03,-9.743128888182892239e-04,4.453959563230689258e-04,0.000000000000000000e+00
0.000000000000000000e+00,0.000000000000000000e+00,0.000000000000000000e+00,-9.731585331139713801e-04,4.808781900575067464e-04,0.000000000000000000e+00
0.000000000000000000e+00,0.000000000000000000e+00,1.657827632223266533e-03,-8.297397710776786145e-04,5.127023933062101625e-04,0.000000000000000000e+00
0.000000000000000000e+00,0.000000000000000000e+00,1.681096653781800161e-03,-9.014566759950991140e-04,4.810173591627591371e-04,0.000000000000000000e+00
0.000000000000000000e+00,0.000000000000000000e+00,0.000000000000000000e+00,-8.322174294157491659e-04,4.433420879562770256e-04,0.000000000000000000e+00
0.000000000000000000e+00,0.000000000000000000e+00,0.000000000000000000e+00,-8.305961634709202457e-04,4.796326602711838832e-04,0.000000000000000000e+00
0.000000000000000000e+00,0.000000000000000000e+00,1.536123689498681373e-03,-7.549509189946606441e-04,5.844173275829559313e-04,0.000000000000000000e+00
0.000000000000000000e+00,0.000000000000000000e+00,0.000000000000000000e+00,-6.858231291916316863e-04,5.466418785709855482e-04,0.000000000000000000e+00
0.000000000000000000e+00,0.000000000000000000e+00,0.000000000000000000e+00,-6.840754242035673727e-04,5.829052017114946110e-04,0.000000000000000000e+00
0.000000000000000000e+00,0.000000000000000000e+00,1.532282402150510203e-03,-6.140364169003675139e-04,5.461063737394262129e-04,0.000000000000000000e+00
0.000000000000000000e+00,0.000000000000000000e+00,0.000000000000000000e+00,-5.390615099103435170e-04,6.495946863841004643e-04,0.000000000000000000e+00
0.000000000000000000e+00,0.000000000000000000e+00,1.505050269593707132e-03,-6.102748210182445520e-04,6.186357748354711500e-04,0.000000000000000000e+00
0.000000000000000000e+00,0.000000000000000000e+00,0.000000000000000000e+00,-6.149421431695945017e-04,5.132613437749192209e-04,0.000000000000000000e+00
0.000000000000000000e+00,0.000000000000000000e+00,0.000000000000000000e+00,-6.130175015863770227e-04,5.495876338520271076e-04,0.000000000000000000e+00
0.000000000000000000e+00,0.000000000000000000e+00,0.000000000000000000e+00,-6.173806337433918046e-04,4.446335933432146725e-04,0.000000000000000000e+00
0.000000000000000000e+00,0.000000000000000000e+00,0.000000000000000000e+00,-6.154550787000889756e-04,4.810030727534827383e-04,0.000000000000000000e+00
0.000000000000000000e+00,0.000000000000000000e+00,0.000000000000000000e+00,-5.461322937301282820e-04,4.435278414041711470e-04,0.000000000000000000e+00
0.000000000000000000e+00,0.000000000000000000e+00,1.355243243709542246e-03,-4.699047107441849070e-04,5.475901440407477880e-04,0.000000000000000000e+00
0.000000000000000000e+00,0.000000000000000000e+00,0.000000000000000000e+00,-4.748867275453649839e-04,4.423361911478334435e-04,0.000000000000000000e+00
0.000000000000000000e+00,0.000000000000000000e+00,1.327572159915183262e-03,-4.725609213574464619e-04,4.790090150420093802e-04,0.000000000000000000e+00
0.000000000000000000e+00,0.000000000000000000e+00,0.000000000000000000e+00,-5.449035293975112992e-04,4.478207451625859647e-04,0.000000000000000000e+00
0.000000000000000000e+00,0.000000000000000000e+00,1.299772251924093819e-03,-4.012836938586463202e-04,4.776770065827473958e-04,0.000000000000000000e+00
0.000000000000000000e+00,0.000000000000000000e+00,1.322899858578313690e-03,-4.733567884436385288e-04,4.469468375704330806e-04,0.000000000000000000e+00
0.000000000000000000e+00,0.000000000000000000e+00,1.271844575186243309e-03,-4.783535821443048132e-04,3.421406135714784563e-04,0.000000000000000000e+00
0.000000000000000000e+00,0.000000000000000000e+00,0.000000000000000000e+00,-5.507625384479908348e-04,3.112868979194931274e-04,0.000000000000000000e+00
0.000000000000000000e+00,0.000000000000000000e+00,0.000000000000000000e+00,-4.816767573171398809e-04,2.736106106282533423e-04,0.000000000000000000e+00
0.000000000000000000e+00,0.000000000000000000e+00,0.000000000000000000e+00,-5.539287793672187377e-04,2.431378024950019145e-04,0.000000000000000000e+00
0.000000000000000000e+00,0.000000000000000000e+00,0.000000000000000000e+00,-4.849308069806435029e-04,2.054309945909611745e-04,0.000000000000000000e+00
0.000000000000000000e+00,0.000000000000000000e+00,0.000000000000000000e+00,-4.085756563622089388e-04,3.088733224113245079e-04,0.000000000000000000e+00
0.000000000000000000e+00,0.000000000000000000e+00,1.120519254099332012e-03,-3.394333754672106953e-04,2.712272679952961178e-04,0.000000000000000000e+00
0.000000000000000000e+00,0.000000000000000000e+00,0.000000000000000000e+00,-4.119027124527274708e-04,2.407555574047998831e-04,0.000000000000000000e+00
0.000000000000000000e+00,0.000000000000000000e+00,1.092179188987153163e-03,-4.173852739466389627e-04,1.363688043854552367e-04,0.000000000000000000e+00
0.000000000000000000e+00,0.000000000000000000e+00,0.000000000000000000e+00,-3.408894804511897192e-04,2.394566066120807496e-04,0.000000000000000000e+00
0.000000000000000000e+00,0.000000000000000000e+00,1.063716748099018203e-03,-3.465017737370239227e-04,1.350388299716066636e-04,0.000000000000000000e+00
0.000000000000000000e+00,0.000000000000000000e+00,0.000000000000000000e+00,-4.190354829616271815e-04,1.048485685700220604e-04,0.000000000000000000e+00
0.000000000000000000e+00,0.000000000000000000e+00,1.035132983978878218e-03,-4.168030888257657400e-04,1.417658885453255556e-04,0.000000000000000000e+00
0.000000000000000000e+00,0.000000000000000000e+00,9.834421153950871023e-04,-3.480983581799797352e-04,1.037838275982907392e-04,0.000000000000000000e+00
0.000000000000000000e+00,0.000000000000000000e+00,1.006428948587863173e-03,-4.206405582706656556e-04,7.403150584612881540e-05,0.000000000000000000e+00
0.000000000000000000e+00,0.000000000000000000e+00,9.546389696570704072e-04,-4.267917229162129897e-04,-3.036873514241988448e-05,0.000000000000000000e+00
0.000000000000000000e+00,0.000000000000000000e+00,9.776056932624618574e-04,-4.994464654027395284e-04,-5.994022405867338083e-05,0.000000000000000000e+00
0.000000000000000000e+00,0.000000000000000000e+00,9.257172026280346315e-04,-3.560974080845231396e-04,-3.161552127085551537e-05,0.000000000000000000e+00
0.000000000000000000e+00,0.000000000000000000e+00,0.000000000000000000e+00,-4.287900733238592110e-04,-6.126642370200136023e-05,0.000000000000000000e+00
0.000000000000000000e+00,0.000000000000000000e+00,0.000000000000000000e+00,-3.603190670542488760e-04,-9.928250639509514364e-05,0.000000000000000000e+00
0.000000000000000000e+00,0.000000000000000000e+00,0.000000000000000000e+00,-3.581186645278400249e-04,-6.243680603533474649e-05,0.000000000000000000e+00
0.000000000000000000e+00,0.000000000000000000e+00,0.000000000000000000e+00,-2.147033357700056655e-04,-3.436452366282344295e-05,0.000000000000000000e+00
0.000000000000000000e+00,0.000000000000000000e+00,0.000000000000000000e+00,-2.874436701170157704e-04,-6.366474040689872049e-05,0.000000000000000000e+00
0.000000000000000000e+00,0.000000000000000000e+00,0.000000000000000000e+00,-2.190637441277232256e-04,-1.018230495740887753e-04,0.000000000000000000e+00
0.000000000000000000e+00,0.000000000000000000e+00,0.000000000000000000e+00,-2.167551128020583917e-04,-6.492756542825391108e-05,0.000000000000000000e+00
0.000000000000000000e+00,0.000000000000000000e+00,8.088649199234217938e-04,-7.328682261196162401e-05,-3.716839381945041940e-05,0.000000000000000000e+00
0.000000000000000000e+00,0.000000000000000000e+00,0.000000000000000000e+00,-7.088609051186800514e-05,-3.395348837417072607e-07,0.000000000000000000e+00
0.000000000000000000e+00,0.000000000000000000e+00,7.793657880991559928e-04,-2.573107356787242990e-06,-3.868751008970530128e-05,0.000000000000000000e+00
0.000000000000000000e+00,0.000000000000000000e+00,7.269259140981668534e-04,-1.223449160542127699e-07,-1.822609016189774573e-06,0.000000000000000000e+00
0.000000000000000000e+00,0.000000000000000000e+00,0.000000000000000000e+00,1.434737354802928522e-04,2.556326115789146758e-05,0.000000000000000000e+00
0.000000000000000000e+00,0.000000000000000000e+00,6.972198635399852939e-04,7.064202537993185865e-05,-3.374944693448450895e-06,0.000000000000000000e+00
0.000000000000000000e+00,0.000000000000000000e+00,6.446181264532045837e-04,6.345970338470799876e-05,-1.075462659848757025e-04,0.000000000000000000e+00
0.000000000000000000e+00,0.000000000000000000e+00,6.674031245593195711e-04,-9.470982458752920955e-06,-1.362419341183174182e-04,0.000000000000000000e+00
0.000000000000000000e+00,0.000000000000000000e+00,6.147077321596563972e-04,1.341081678083405713e-04,-1.091171860615661166e-04,0.000000000000000000e+00
0.000000000000000000e+00,0.000000000000000000e+00,6.374767410149622749e-04,6.114888361320065249e-05,-1.377043614673996810e-04,0.000000000000000000e+00
0.000000000000000000e+00,0.000000000000000000e+00,5.846882897410795275e-04,1.292048283225642172e-04,-1.762278680601724816e-04,0.000000000000000000e+00
0.000000000000000000e+00,0.000000000000000000e+00,5.318334223325637796e-04,1.317625075009085968e-04,-1.392034531655315639e-04,0.000000000000000000e+00
0.000000000000000000e+00,0.000000000000000000e+00,5.545608415461932483e-04,2.754277547635775557e-04,-1.123824666074830754e-04,0.000000000000000000e+00
0.000000000000000000e+00,0.000000000000000000e+00,5.016138470822075835e-04,2.023936128869178238e-04,-1.407479703322638519e-04,0.000000000000000000e+00
0.000000000000000000e+00,0.000000000000000000e+00,5.243264287316364361e-04,2.703829856307603317e-04,-1.793927765281628226e-04,0.000000000000000000e+00
0.000000000000000000e+00,0.000000000000000000e+00,4.712879027152033448e-04,2.730336214020042881e-04,-1.423290899756139672e-04,0.000000000000000000e+00
0.000000000000000000e+00,0.000000000000000000e+00,4.181838189168237611e-04,3.515259551467957958e-04,-4.001291639918123211e-05,0.000000000000000000e+00
0.000000000000000000e+00,0.000000000000000000e+00,4.408566286903443541e-04,3.436831714028599051e-04,-1.439447118857730302e-04,0.000000000000000000e+00
0.000000000000000000e+00,0.000000000000000000e+00,3.876619438773026252e-04,3.464289865918035579e-04,-1.068309617211284936e-04,0.000000000000000000e+00
0.000000000000000000e+00,0.000000000000000000e+00,0.000000000000000000e+00,3.384727695913136714e-04,-2.106177256656609903e-04,0.000000000000000000e+00
0.000000000000000000e+00,0.000000000000000000e+00,3.570363717329478378e-04,4.171361784473078460e-04,-1.084562086201497398e-04,0.000000000000000000e+00
0.000000000000000000e+00,0.000000000000000000e+00,3.036869802448227099e-04,4.089865017208999779e-04,-2.122783737054366210e-04,0.000000000000000000e+00
0.000000000000000000e+00,0.000000000000000000e+00,0.000000000000000000e+00,4.118525106414638870e-04,-1.750011153553825138e-04,0.000000000000000000e+00
0.000000000000000000e+00,0.000000000000000000e+00,2.728696696643574063e-04,4.035161499984038654e-04,-2.788082992939451684e-04,0.000000000000000000e+00
0.000000000000000000e+00,0.000000000000000000e+00,0.000000000000000000e+00,3.303012958079110106e-04,-3.063498499995143814e-04,0.000000000000000000e+00
0.000000000000000000e+00,0.000000000000000000e+00,0.000000000000000000e+00,3.979417900732418190e-04,-3.451385369913004264e-04,0.000000000000000000e+00
0.000000000000000000e+00,0.000000000000000000e+00,1.883605294959375394e-04,4.007241694434913364e-04,-3.078341903971659093e-04,0.000000000000000000e+00
0.000000000000000000e+00,0.000000000000000000e+00,0.000000000000000000e+00,3.921822334560509660e-04,-4.113700672510080258e-04,0.000000000000000000e+00
0.000000000000000000e+00,0.000000000000000000e+00,0.000000000000000000e+00,3.950029525701115318e-04,-3.739529848942602097e-04,0.000000000000000000e+00
0.000000000000000000e+00,0.000000000000000000e+00,2.444525127205822825e-04,5.388150577673399538e-04,-3.481502148584785352e-04,0.000000000000000000e+00
0.000000000000000000e+00,0.000000000000000000e+00,1.906414649795542290e-04,4.653995807278152493e-04,-3.753382826136640962e-04,0.000000000000000000e+00
0.000000000000000000e+00,0.000000000000000000e+00,1.367673985738920850e-04,4.565016935429532636e-04,-4.787726393486243658e-04,0.000000000000000000e+00
0.000000000000000000e+00,0.000000000000000000e+00,0.000000000000000000e+00,4.594782847230360900e-04,-4.412199593977587930e-04,0.000000000000000000e+00
0.000000000000000000e+00,0.000000000000000000e+00,1.052886831847194617e-04,5.268423372011043007e-04,-4.801476204168408902e-04,0.000000000000000000e+00
0.000000000000000000e+00,0.000000000000000000e+00,0.000000000000000000e+00,5.298665316039175011e-04,-4.425649570575021508e-04,0.000000000000000000e+00
0.000000000000000000e+00,0.000000000000000000e+00,0.000000000000000000e+00,5.206864824538470771e-04,-5.458862682763271357e-04,0.000000000000000000e+00
0.000000000000000000e+00,0.000000000000000000e+00,0.000000000000000000e+00,4.470582317468441147e-04,-5.725842309552489628e-04,0.000000000000000000e+00
0.000000000000000000e+00,0.000000000000000000e+00,0.000000000000000000e+00,5.143617780928311234e-04,-6.114884902271300327e-04,0.000000000000000000e+00
0.000000000000000000e+00,0.000000000000000000e+00,5.208153557630742261e-05,5.939386531207785066e-04,-5.094945532109702900e-04,0.000000000000000000e+00
0.000000000000000000e+00,0.000000000000000000e+00,0.000000000000000000e+00,6.612587492245136644e-04,-5.484599677132440121e-04,0.000000000000000000e+00
0.000000000000000000e+00,0.000000000000000000e+00,2.014294666940202606e-05,6.642954148532726876e-04,-5.107859618928860170e-04,0.000000000000000000e+00
0.000000000000000000e+00,0.000000000000000000e+00,-3.424083581141427833e-05,7.314940658212555234e-04,-5.498114206202692851e-04,0.000000000000000000e+00
0.000000000000000000e+00,0.000000000000000000e+00,0.000000000000000000e+00,8.114675088507494749e-04,-4.480401081091156534e-04,0.000000000000000000e+00
0.000000000000000000e+00,0.000000000000000000e+00,0.000000000000000000e+00,8.018137590926066594e-04,-5.511820381154802773e-04,0.000000000000000000e+00
0.000000000000000000e+00,0.000000000000000000e+00,0.000000000000000000e+00,8.049625941044524779e-04,-5.134385670734070706e-04,0.000000000000000000e+00
0.000000000000000000e+00,0.000000000000000000e+00,-3.464784819179050760e-05,8.721401477468002355e-04,-5.524343306660832497e-04,0.000000000000000000e+00
0.000000000000000000e+00,0.000000000000000000e+00,-8.930399664260361883e-05,7.984052790088160207e-04,-5.784987501450666045e-04,0.000000000000000000e+00
0.000000000000000000e+00,0.000000000000000000e+00,0.000000000000000000e+00,8.655039890113069845e-04,-6.176359762583155666e-04,0.000000000000000000e+00
0.000000000000000000e+00,0.000000000000000000e+00,0.000000000000000000e+00,7.916860134774550417e-04,-6.435456185799291740e-04,0.000000000000000000e+00
0.000000000000000000e+00,0.000000000000000000e+00,0.000000000000000000e+00,7.815611340158401532e-04,-7.463885799189884374e-04,0.000000000000000000e+00
0.000000000000000000e+00,0.000000000000000000e+00,0.000000000000000000e+00,7.848540478305743306e-04,-7.083791962715531298e-04,0.000000000000000000e+00
0.000000000000000000e+00,0.000000000000000000e+00,-1.455678853454019821e-04,8.517591927640783553e-04,-7.473214472435378954e-04,0.000000000000000000e+00
0.000000000000000000e+00,0.000000000000000000e+00,-2.005523397144819413e-04,9.321891172820528189e-04,-6.456813545703541431e-04,0.000000000000000000e+00
0.000000000000000000e+00,0.000000000000000000e+00,0.000000000000000000e+00,9.218838219753333618e-04,-7.484848844108715760e-04,0.000000000000000000e+00
0.000000000000000000e+00,0.000000000000000000e+00,0.000000000000000000e+00,8.479177886319133606e-04,-7.739078685588991757e-04,0.000000000000000000e+00
0.000000000000000000e+00,0.000000000000000000e+00,0.000000000000000000e+00,9.147863646059573028e-04,-8.130335149245035420e-04,0.000000000000000000e+00
-5.000042626993942666e-05,0.000000000000000000e+00,-2.030172346780298551e-04,9.181519206472554514e-04,-7.746657447716342407e-04,-1.936836201661201153e-08
-5.000055107223098152e-05,0.000000000000000000e+00,-2.582660978987300266e-04,1.062250184410474998e-03,-7.504493543354765796e-04,-1.876372675126066615e-08
0.000000000000000000e+00,0.000000000000000000e+00,0.000000000000000000e+00,1.065679919291406819e-03,-7.124077274701101636e-04,0.000000000000000000e+00
0.000000000000000000e+00,0.000000000000000000e+00,0.000000000000000000e+00,1.132395372874239747e-03,-7.516743328304376082e-04,0.000000000000000000e+00
0.000000000000000000e+00,0.000000000000000000e+00,0.000000000000000000e+00,1.058365106776593123e-03,-7.767014479364425794e-04,0.000000000000000000e+00
0.000000000000000000e+00,0.000000000000000000e+00,-2.616368208051140761e-04,1.047692842516255137e-03,-8.788217709093216297e-04,0.000000000000000000e+00
0.000000000000000000e+00,0.000000000000000000e+00,-3.171465375606299366e-04,1.051144250528936305e-03,-8.404695205953873751e-04,0.000000000000000000e+00
0.000000000000000000e+00,0.000000000000000000e+00,-3.727139460023870966e-04,1.040144377212354242e-03,-9.427494918352612076e-04,0.000000000000000000e+00
0.000000000000000000e+00,0.000000000000000000e+00,0.000000000000000000e+00,1.043557095709468641e-03,-9.045059100992562662e-04,0.000000000000000000e+00
0.000000000000000000e+00,0.000000000000000000e+00,-3.433600683324415583e-04,1.110176794887047071e-03,-9.433951918372049513e-04,0.000000000000000000e+00
0.000000000000000000e+00,0.000000000000000000e+00,0.000000000000000000e+00,1.113661917677921664e-03,-9.051010276640049368e-04,0.000000000000000000e+00
0.000000000000000000e+00,0.000000000000000000e+00,0.000000000000000000e+00,1.180110885867668991e-03,-9.443518042781609556e-04,0.000000000000000000e+00
0.000000000000000000e+00,0.000000000000000000e+00,0.000000000000000000e+00,1.261465043298826139e-03,-8.430110542393468021e-04,0.000000000000000000e+00
0.000000000000000000e+00,0.000000000000000000e+00,-3.482582555793845317e-04,1.250363142099805008e-03,-9.447308181902525992e-04,0.000000000000000000e+00
0.000000000000000000e+00,0.000000000000000000e+00,-4.042043041595833378e-04,1.254001077370549668e-03,-9.061505473884803440e-04,0.000000000000000000e+00
0.000000000000000000e+00,0.000000000000000000e+00,-4.602067449497703865e-04,1.320410334643455901e-03,-9.454133089603791815e-04,0.000000000000000000e+00
0.000000000000000000e+00,0.000000000000000000e+00,0.000000000000000000e+00,1.324026890632823417e-03,-9.070813597528253058e-04,0.000000000000000000e+00
0.000000000000000000e+00,0.000000000000000000e+00,-4.317901084567406429e-04,1.312568992723410922e-03,-1.008592177633478451e-03,0.000000000000000000e+00
0.000000000000000000e+00,0.000000000000000000e+00,-4.879698372438660771e-04,1.316284448936674758e-03,-9.698691709955388485e-04,0.000000000000000000e+00
0.000000000000000000e+00,0.000000000000000000e+00,0.000000000000000000e+00,1.304425556848509693e-03,-1.071986959035028941e-03,0.000000000000000000e+00
0.000000000000000000e+00,0.000000000000000000e+00,0.000000000000000000e+00,1.308141463001177840e-03,-1.033202046130641399e-03,0.000000000000000000e+00
0.000000000000000000e+00,0.000000000000000000e+00,-5.162885007166930981e-04,1.374569990486335059e-03,-1.071978960530565583e-03,0.000000000000000000e+00
0.000000000000000000e+00,0.000000000000000000e+00,0.000000000000000000e+00,1.378235682423234465e-03,-1.033460531827956608e-03,0.000000000000000000e+00
0.000000000000000000e+00,0.000000000000000000e+00,0.000000000000000000e+00,1.444395096122152999e-03,-1.072783424193642782e-03,0.000000000000000000e+00
0.000000000000000000e+00,0.000000000000000000e+00,0.000000000000000000e+00,1.448231142479272648e-03,-1.033901745539425598e-03,0.000000000000000000e+00
0.000000000000000000e+00,0.000000000000000000e+00,0.000000000000000000e+00,1.373970441646665819e-03,-1.056995242933775336e-03,0.000000000000000000e+00
0.000000000000000000e+00,0.000000000000000000e+00,0.000000000000000000e+00,1.361754453694130618e-03,-1.158473663522598118e-03,0.000000000000000000e+00
0.000000000000000000e+00,0.000000000000000000e+00,0.000000000000000000e+00,1.303485473052590216e-03,-1.041046754525081636e-03,0.000000000000000000e+00
0.000000000000000000e+00,0.000000000000000000e+00,-5.529786688530899689e-04,1.307859981166571142e-03,-1.001322704941037204e-03,0.000000000000000000e+00
0.000000000000000000e+00,0.000000000000000000e+00,-6.097538074811755535e-04,1.249832267416003603e-03,-8.836749468042041401e-04,0.000000000000000000e+00
0.000000000000000000e+00,0.000000000000000000e+00,-6.665828972777294208e-04,1.316007537258257528e-03,-9.227829776343727912e-04,0.000000000000000000e+00
0.000000000000000000e+00,0.000000000000000000e+00,0.000000000000000000e+00,1.241495660158298264e-03,-9.458319210505494734e-04,0.000000000000000000e+00
0.000000000000000000e+00,0.000000000000000000e+00,-6.399540921931128230e-04,1.167393121406366157e-03,-9.678199507628234763e-04,0.000000000000000000e+00
0.000000000000000000e+00,0.000000000000000000e+00,-6.969541610688219715e-04,1.031145451416747754e-03,-9.116299762588121356e-04,0.000000000000000000e+00
0.000000000000000000e+00,0.000000000000000000e+00,0.000000000000000000e+00,1.035069916806796719e-03,-8.723579453565298569e-04,0.000000000000000000e+00
0.000000000000000000e+00,0.000000000000000000e+00,-6.706951859429743576e-04,8.993330405396410786e-04,-8.153477805594548655e-04,0.000000000000000000e+00
0.000000000000000000e+00,0.000000000000000000e+00,-7.278649950873382086e-04,9.037045497477317864e-04,-7.755042516302508094e-04,0.000000000000000000e+00
0.000000000000000000e+00,0.000000000000000000e+00,0.000000000000000000e+00,8.291232303033746476e-04,-7.976389793380445070e-04,0.000000000000000000e+00
0.000000000000000000e+00,0.000000000000000000e+00,-7.019739520330715681e-04,6.935345836827468743e-04,-7.401834220612272738e-04,0.000000000000000000e+00
0.000000000000000000e+00,0.000000000000000000e+00,-7.593122650667421527e-04,6.980428040546701306e-04,-7.000612803559473109e-04,0.000000000000000000e+00
0.000000000000000000e+00,0.000000000000000000e+00,0.000000000000000000e+00,5.619778779114570355e-04,-6.428770668415080547e-04,0.000000000000000000e+00
0.000000000000000000e+00,0.000000000000000000e+00,-7.337872605766619866e-04,5.669033853828940031e-04,-6.022911045698306834e-04,0.000000000000000000e+00
0.000000000000000000e+00,0.000000000000000000e+00,0.000000000000000000e+00,4.310252948531712036e-04,-5.447019083797480232e-04,0.000000000000000000e+00
0.000000000000000000e+00,0.000000000000000000e+00,0.000000000000000000e+00,3.568373389115642169e-04,-5.656154091472805068e-04,0.000000000000000000e+00
0.000000000000000000e+00,0.000000000000000000e+00,-8.450718312481746500e-04,2.828899976635538562e-04,-5.861961872415150272e-04,0.000000000000000000e+00
0.000000000000000000e+00,0.000000000000000000e+00,0.000000000000000000e+00,1.471807727461138526e-04,-5.279433131563718296e-04,0.000000000000000000e+00
0.000000000000000000e+00,0.000000000000000000e+00,0.000000000000000000e+00,2.310851432477667444e-04,-4.258772136146865561e-04,0.000000000000000000e+00
0.000000000000000000e+00,0.000000000000000000e+00,-8.780523956795625081e-04,1.571599611138391542e-04,-4.461469075861042733e-04,0.000000000000000000e+00
0.000000000000000000e+00,0.000000000000000000e+00,0.000000000000000000e+00,2.169695149256689604e-05,-3.873536550453929306e-04,0.000000000000000000e+00
0.000000000000000000e+00,0.000000000000000000e+00,0.000000000000000000e+00,-5.242512847369873441e-05,-4.074056936845017740e-04,0.000000000000000000e+00
0.000000000000000000e+00,0.000000000000000000e+00,-9.115578043777732790e-04,-1.082701869488540128e-04,-2.870798845517927409e-04,0.000000000000000000e+00
0.000000000000000000e+00,0.000000000000000000e+00,-9.695942625924803670e-04,-1.823169836967326255e-04,-3.068814108846505272e-04,0.000000000000000000e+00
0.000000000000000000e+00,0.000000000000000000e+00,0.000000000000000000e+00,-2.565398449828615313e-04,-3.264440688745817720e-04,0.000000000000000000e+00
0.000000000000000000e+00,0.000000000000000000e+00,-9.455849571901133767e-04,-3.913932629204409236e-04,-2.667879080434049999e-04,0.000000000000000000e+00
0.000000000000000000e+00,0.000000000000000000e+00,-1.003783655202142387e-03,-3.861354599829509957e-04,-2.252035209239338363e-04,0.000000000000000000e+00
0.000000000000000000e+00,0.000000000000000000e+00,-9.218206650320597559e-04,-4.601413287758705805e-04,-2.444562949684264664e-04,0.000000000000000000e+00
0.000000000000000000e+00,0.000000000000000000e+00,0.000000000000000000e+00,-5.343171996009532521e-04,-2.632760446619579475e-04,0.000000000000000000e+00
0.000000000000000000e+00,0.000000000000000000e+00,0.000000000000000000e+00,-6.691293831452282959e-04,-2.027050389581640244e-04,0.000000000000000000e+00
0.000000000000000000e+00,0.000000000000000000e+00,-1.036162830970882142e-03,-6.635444990165722742e-04,-1.610822036231344945e-04,0.000000000000000000e+00
0.000000000000000000e+00,0.000000000000000000e+00,0.000000000000000000e+00,-7.376808466843520762e-04,-1.793934041995591533e-04,0.000000000000000000e+00
0.000000000000000000e+00,0.000000000000000000e+00,0.000000000000000000e+00,-8.723148444327311068e-04,-1.182722744996929365e-04,0.000000000000000000e+00
0.000000000000000000e+00,0.000000000000000000e+00,-1.071683519262242286e-03,-9.461703235057664215e-04,-1.370707114389411118e-04,0.000000000000000000e+00
0.000000000000000000e+00,0.000000000000000000e+00,-1.130348941318462400e-03,-9.405837592418875032e-04,-9.469915414034239917e-05,0.000000000000000000e+00
0.000000000000000000e+00,0.000000000000000000e+00,-1.048939691928263852e-03,-1.014544387788850113e-03,-1.128291400349926349e-04,0.000000000000000000e+00
0.000000000000000000e+00,0.000000000000000000e+00,0.000000000000000000e+00,-1.149018760300823949e-03,-5.044188176908659393e-05,0.000000000000000000e+00
0.000000000000000000e+00,0.000000000000000000e+00,0.000000000000000000e+00,-1.143261877947887584e-03,-7.741871156059093595e-06,0.000000000000000000e+00
0.000000000000000000e+00,0.000000000000000000e+00,-1.165045957784696575e-03,-1.217109041415707091e-03,-2.606711404816453782e-05,0.000000000000000000e+00
0.000000000000000000e+00,0.000000000000000000e+00,0.000000000000000000e+00,-1.291169458500052158e-03,-4.285623795908730105e-05,0.000000000000000000e+00
0.000000000000000000e+00,0.000000000000000000e+00,-1.142961800035122415e-03,-1.365013720251669277e-03,-6.095759596599011233e-05,0.000000000000000000e+00
0.000000000000000000e+00,0.000000000000000000e+00,0.000000000000000000e+00,-1.359169809425297970e-03,-1.710852494579695460e-05,0.000000000000000000e+00
0.000000000000000000e+00,0.000000000000000000e+00,-1.200983590364068697e-03,-1.493169032856616870e-03,4.483652525942718954e-05,0.000000000000000000e+00
0.000000000000000000e+00,0.000000000000000000e+00,0.000000000000000000e+00,-1.567176549364890370e-03,2.881802605306238441e-05,0.000000000000000000e+00
0.000000000000000000e+00,0.000000000000000000e+00,0.000000000000000000e+00,-1.561144596370245274e-03,7.219609725620315666e-05,0.000000000000000000e+00
0.000000000000000000e+00,0.000000000000000000e+00,-1.238772584182433944e-03,-1.634985851846074405e-03,5.454585963999435447e-05,0.000000000000000000e+00
0.000000000000000000e+00,0.000000000000000000e+00,-1.298145604818587689e-03,-1.708920776069969196e-03,3.806834080459528080e-05,0.000000000000000000e+00
0.000000000000000000e+00,0.000000000000000000e+00,0.000000000000000000e+00,-1.702732865295097930e-03,8.258391116528276954e-05,0.000000000000000000e+00
0.000000000000000000e+00,0.000000000000000000e+00,0.000000000000000000e+00,-1.836495118275660587e-03,1.465878840461558308e-04,0.000000000000000000e+00
0.000000000000000000e+00,0.000000000000000000e+00,-1.276735893631815444e-03,-1.910330989008234698e-03,1.293155854136958090e-04,0.000000000000000000e+00
0.000000000000000000e+00,0.000000000000000000e+00,-1.336356598230843901e-03,-1.904071133413927277e-03,1.732197141429331669e-04,0.000000000000000000e+00
0.000000000000000000e+00,0.000000000000000000e+00,-1.256084845918409515e-03,-1.977918165167760062e-03,1.573049713333700297e-04,0.000000000000000000e+00
0.000000000000000000e+00,0.000000000000000000e+00,0.000000000000000000e+00,-1.971442841380843802e-03,2.026709676390334169e-04,0.000000000000000000e+00
0.000000000000000000e+00,0.000000000000000000e+00,-1.315920367389317039e-03,-2.045281812084093036e-03,1.857810636121798027e-04,0.000000000000000000e+00
0.000000000000000000e+00,0.000000000000000000e+00,0.000000000000000000e+00,-2.119176352562646137e-03,1.717153939395990592e-04,0.000000000000000000e+00
0.000000000000000000e+00,0.000000000000000000e+00,-1.295807542665191161e-03,-2.112674426577862592e-03,2.146046869697240472e-04,0.000000000000000000e+00
0.000000000000000000e+00,0.000000000000000000e+00,0.000000000000000000e+00,-2.186398011221779569e-03,2.009810472581134710e-04,0.000000000000000000e+00
0.000000000000000000e+00,0.000000000000000000e+00,-1.356318988035698633e-03,-2.260230844141045050e-03,1.844665243170552865e-04,0.000000000000000000e+00
0.000000000000000000e+00,0.000000000000000000e+00,-1.416428759274341058e-03,-2.253673377324798884e-03,2.290776935914531811e-04,0.000000000000000000e+00
0.000000000000000000e+00,0.000000000000000000e+00,-1.336741202752062549e-03,-2.327494690158697817e-03,2.142228974578604377e-04,0.000000000000000000e+00
0.000000000000000000e+00,0.000000000000000000e+00,0.000000000000000000e+00,-2.320670714815453728e-03,2.606237981051702512e-04,0.000000000000000000e+00
0.000000000000000000e+00,0.000000000000000000e+00,-1.397924762627478570e-03,-2.394507836811298352e-03,2.444847436859639927e-04,0.000000000000000000e+00
0.000000000000000000e+00,0.000000000000000000e+00,0.000000000000000000e+00,-2.468351616208064314e-03,2.318271827640647209e-04,0.000000000000000000e+00
0.000000000000000000e+00,0.000000000000000000e+00,-1.378878847194828228e-03,-2.461567332081999061e-03,2.750908671042335456e-04,0.000000000000000000e+00
0.000000000000000000e+00,0.000000000000000000e+00,0.000000000000000000e+00,-2.535210880660110355e-03,2.629048713663970083e-04,0.000000000000000000e+00
0.000000000000000000e+00,0.000000000000000000e+00,-1.440730724161991532e-03,-2.528363684567055004e-03,3.062083391679855057e-04,0.000000000000000000e+00
0.000000000000000000e+00,0.000000000000000000e+00,0.000000000000000000e+00,-2.602132931675327221e-03,2.942245237685207904e-04,0.000000000000000000e+00
0.000000000000000000e+00,0.000000000000000000e+00,-1.422213523665939033e-03,-2.675961909773278552e-03,2.786845252986379926e-04,0.000000000000000000e+00
0.000000000000000000e+00,0.000000000000000000e+00,0.000000000000000000e+00,-2.668768278735189625e-03,3.261698942094957976e-04,0.000000000000000000e+00
0.000000000000000000e+00,0.000000000000000000e+00,-1.484729933037198238e-03,-2.742604661221537642e-03,3.107627172934026975e-04,0.000000000000000000e+00
0.000000000000000000e+00,0.000000000000000000e+00,-1.545557668137175931e-03,-2.735563093441085048e-03,3.564400261764945886e-04,0.000000000000000000e+00
0.000000000000000000e+00,0.000000000000000000e+00,0.000000000000000000e+00,-2.809058287700949563e-03,3.452424045420933452e-04,0.000000000000000000e+00
0.000000000000000000e+00,0.000000000000000000e+00,0.000000000000000000e+00,-2.882852520501466564e-03,3.324844697830536822e-04,0.000000000000000000e+00
0.000000000000000000e+00,0.000000000000000000e+00,-1.529915478510807114e-03,-2.875726768534490278e-03,3.761313821033190181e-04,0.000000000000000000e+00
0.000000000000000000e+00,0.000000000000000000e+00,0.000000000000000000e+00,-2.949208949508341782e-03,3.658477407638173473e-04,0.000000000000000000e+00
0.000000000000000000e+00,0.000000000000000000e+00,0.000000000000000000e+00,-2.941902750418945445e-03,4.116487027753246153e-04,0.000000000000000000e+00
0.000000000000000000e+00,0.000000000000000000e+00,0.000000000000000000e+00,-3.015653058900280570e-03,3.994341772187819106e-04,0.000000000000000000e+00
0.000000000000000000e+00,0.000000000000000000e+00,0.000000000000000000e+00,-3.008046545262321736e-03,4.456224348536423630e-04,0.000000000000000000e+00
0.000000000000000000e+00,0.000000000000000000e+00,-1.579089264317095438e-03,-3.081889035992164527e-03,4.310362092631485147e-04,0.000000000000000000e+00
0.000000000000000000e+00,0.000000000000000000e+00,-1.640476409682251752e-03,-3.016043657642230973e-03,3.963597244451047530e-04,0.000000000000000000e+00
0.000000000000000000e+00,0.000000000000000000e+00,-1.562332411209925746e-03,-3.089752192397767286e-03,3.842795575088140281e-04,0.000000000000000000e+00
0.000000000000000000e+00,0.000000000000000000e+00,0.000000000000000000e+00,-3.081928078731643872e-03,4.334083359596278828e-04,0.000000000000000000e+00
0.000000000000000000e+00,0.000000000000000000e+00,-1.627047525450217363e-03,-3.155766116295258099e-03,4.191945605231775810e-04,0.000000000000000000e+00
0.000000000000000000e+00,0.000000000000000000e+00,-1.549131875315608222e-03,-3.148159101302310057e-03,4.657677139957961494e-04,0.000000000000000000e+00
0.000000000000000000e+00,0.000000000000000000e+00,0.000000000000000000e+00,-3.221494458157336815e-03,4.570467707248754285e-04,0.000000000000000000e+00
0.000000000000000000e+00,0.000000000000000000e+00,-1.614364335831518270e-03,-3.295318406389129585e-03,4.431669031520547083e-04,0.000000000000000000e+00
0.000000000000000000e+00,0.000000000000000000e+00,-1.618058939314380527e-03,-3.287378075769104620e-03,4.901276202343589133e-04,0.000000000000000000e+00
0.000000000000000000e+00,0.000000000000000000e+00,0.000000000000000000e+00,-3.302906852828191298e-03,4.003462938116097991e-04,0.000000000000000000e+00
0.000000000000000000e+00,0.000000000000000000e+00,-1.602424537804823107e-03,-3.295237106267627416e-03,4.448148287879429789e-04,0.000000000000000000e+00
0.000000000000000000e+00,0.000000000000000000e+00,0.000000000000000000e+00,-3.368576701569980791e-03,4.369751457585745180e-04,0.000000000000000000e+00
0.000000000000000000e+00,0.000000000000000000e+00,-1.668528887382057227e-03,-3.360850032673843527e-03,4.814559388393443648e-04,0.000000000000000000e+00
0.000000000000000000e+00,0.000000000000000000e+00,-1.591225837196354924e-03,-3.434475276817271130e-03,4.708404158510274260e-04,0.000000000000000000e+00
0.000000000000000000e+00,0.000000000000000000e+00,0.000000000000000000e+00,-3.426122431920530786e-03,5.212743251603903227e-04,0.000000000000000000e+00
0.000000000000000000e+00,0.000000000000000000e+00,-1.657842453840884444e-03,-3.442172770523365018e-03,4.265778508901194098e-04,0.000000000000000000e+00
0.000000000000000000e+00,0.000000000000000000e+00,0.000000000000000000e+00,-3.433774340073747489e-03,4.767868398725880197e-04,0.000000000000000000e+00
0.000000000000000000e+00,0.000000000000000000e+00,0.000000000000000000e+00,-3.507431750983558416e-03,4.671018840760494950e-04,0.000000000000000000e+00
0.000000000000000000e+00,0.000000000000000000e+00,-1.647893016170122850e-03,-3.499473846349917140e-03,5.120096968149807264e-04,0.000000000000000000e+00
0.000000000000000000e+00,0.000000000000000000e+00,-1.652792430176656599e-03,-3.572829899332270569e-03,5.022945178942076882e-04,0.000000000000000000e+00
0.000000000000000000e+00,0.000000000000000000e+00,0.000000000000000000e+00,-3.506979927342168679e-03,4.713542977434551084e-04,0.000000000000000000e+00
0.000000000000000000e+00,0.000000000000000000e+00,0.000000000000000000e+00,-3.498480462968633908e-03,5.193617210085925417e-04,0.000000000000000000e+00
0.000000000000000000e+00,0.000000000000000000e+00,-1.643902261704011146e-03,-3.572243057731979907e-03,5.071369187132149237e-04,0.000000000000000000e+00
0.000000000000000000e+00,0.000000000000000000e+00,0.000000000000000000e+00,-3.563482194009592874e-03,5.585080463568897757e-04,0.000000000000000000e+00
0.000000000000000000e+00,0.000000000000000000e+00,-1.712112259880240817e-03,-3.579929049466222708e-03,4.644563432794942669e-04,0.000000000000000000e+00
0.000000000000000000e+00,0.000000000000000000e+00,-1.635743752182167946e-03,-3.571537793258716155e-03,5.126736672937030979e-04,0.000000000000000000e+00
0.000000000000000000e+00,0.000000000000000000e+00,0.000000000000000000e+00,-3.644703724788866950e-03,5.070795914348183442e-04,0.000000000000000000e+00
0.000000000000000000e+00,0.000000000000000000e+00,-1.704458546585140488e-03,-3.636412502776187761e-03,5.525041773074883472e-04,0.000000000000000000e+00
0.000000000000000000e+00,0.000000000000000000e+00,-1.710363281835637194e-03,-3.652545338845039364e-03,4.618881152980570514e-04,0.000000000000000000e+00
0.000000000000000000e+00,0.000000000000000000e+00,0.000000000000000000e+00,-3.643849576217439434e-03,5.136653177576916418e-04,0.000000000000000000e+00
0.000000000000000000e+00,0.000000000000000000e+00,0.000000000000000000e+00,-3.717142747861390539e-03,5.054314923652637737e-04,0.000000000000000000e+00
0.000000000000000000e+00,0.000000000000000000e+00,-1.703759198097876213e-03,-3.708689185457475154e-03,5.511344085746755017e-04,0.000000000000000000e+00
0.000000000000000000e+00,0.000000000000000000e+00,0.000000000000000000e+00,-3.724864768522406777e-03,4.643516143276946173e-04,0.000000000000000000e+00
0.000000000000000000e+00,0.000000000000000000e+00,-1.773544938342169752e-03,-3.716334200371928641e-03,5.100740565128207994e-04,0.000000000000000000e+00
0.000000000000000000e+00,0.000000000000000000e+00,0.000000000000000000e+00,-3.707083305269032181e-03,5.621803619545312491e-04,0.000000000000000000e+00
0.000000000000000000e+00,0.000000000000000000e+00,-1.704561429143317507e-03,-3.723966078520806605e-03,4.690810828379207579e-04,0.000000000000000000e+00
0.000000000000000000e+00,0.000000000000000000e+00,0.000000000000000000e+00,-3.714733147711535288e-03,5.217496164942603265e-04,0.000000000000000000e+00
0.000000000000000000e+00,0.000000000000000000e+00,-1.775066770869147652e-03,-3.788418409782323085e-03,5.110594643987071122e-04,0.000000000000000000e+00
0.000000000000000000e+00,0.000000000000000000e+00,-1.699724444700182607e-03,-3.779481594632021907e-03,5.603594893580956778e-04,0.000000000000000000e+00
0.000000000000000000e+00,0.000000000000000000e+00,-1.706859678846227735e-03,-3.796041427416893110e-03,4.708122546443323448e-04,0.000000000000000000e+00
0.000000000000000000e+00,0.000000000000000000e+00,0.000000000000000000e+00,-3.786645134944643942e-03,5.238971622966437369e-04,0.000000000000000000e+00
0.000000000000000000e+00,0.000000000000000000e+00,-1.778081373915791491e-03,-3.777805265829784365e-03,5.701986867721800913e-04,0.000000000000000000e+00
0.000000000000000000e+00,0.000000000000000000e+00,-1.703061126701493986e-03,-3.794712716006249948e-03,4.807981263925926270e-04,0.000000000000000000e+00
0.000000000000000000e+00,0.000000000000000000e+00,-1.710648415644718890e-03,-3.785351417555070548e-03,5.306119579384778418e-04,0.000000000000000000e+00
0.000000000000000000e+00,0.000000000000000000e+00,0.000000000000000000e+00,-3.858338647961923051e-03,5.276892656927850700e-04,0.000000000000000000e+00
0.000000000000000000e+00,0.000000000000000000e+00,-1.782583232133416349e-03,-3.792998546564485193e-03,4.916503259299024762e-04,0.000000000000000000e+00
0.000000000000000000e+00,0.000000000000000000e+00,-1.707884247618775102e-03,-3.783739217453911587e-03,5.415683802321609452e-04,0.000000000000000000e+00
0.000000000000000000e+00,0.000000000000000000e+00,-1.715922138645340584e-03,-3.856857414370124578e-03,5.354441035443193234e-04,0.000000000000000000e+00
0.000000000000000000e+00,0.000000000000000000e+00,0.000000000000000000e+00,-3.790911450788581050e-03,5.064909118187368997e-04,0.000000000000000000e+00
0.000000000000000000e+00,0.000000000000000000e+00,0.000000000000000000e+00,-3.864294652747402026e-03,5.004158168577035881e-04,0.000000000000000000e+00
0.000000000000000000e+00,0.000000000000000000e+00,0.000000000000000000e+00,-3.798551562807395143e-03,4.679962383794533665e-04,0.000000000000000000e+00
0.000000000000000000e+00,0.000000000000000000e+00,-1.722675378981010320e-03,-3.789262266179709623e-03,5.151834816774280906e-04,0.000000000000000000e+00
0.000000000000000000e+00,0.000000000000000000e+00,0.000000000000000000e+00,-3.862191153734984006e-03,5.132970569888123391e-04,0.000000000000000000e+00
0.000000000000000000e+00,0.000000000000000000e+00,-1.796026810878418711e-03,-3.796889439017119873e-03,4.776034400147813937e-04,0.000000000000000000e+00
0.000000000000000000e+00,0.000000000000000000e+00,-1.804862800684542933e-03,-3.869971818273657861e-03,4.723775746502310532e-04,0.000000000000000000e+00
0.000000000000000000e+00,0.000000000000000000e+00,-1.730902701158215564e-03,-3.860339361679823202e-03,5.230462221950103220e-04,0.000000000000000000e+00
0.000000000000000000e+00,0.000000000000000000e+00,-1.739969234621072634e-03,-3.794586783619864710e-03,4.909491076401967420e-04,0.000000000000000000e+00
0.000000000000000000e+00,0.000000000000000000e+00,0.000000000000000000e+00,-3.867491674481082775e-03,4.897410911861438398e-04,0.000000000000000000e+00
0.000000000000000000e+00,0.000000000000000000e+00,0.000000000000000000e+00,-3.802044483484867676e-03,4.574111064611502409e-04,0.000000000000000000e+00
0.000000000000000000e+00,0.000000000000000000e+00,0.000000000000000000e+00,-3.791967827988407258e-03,5.085072856632830152e-04,0.000000000000000000e+00
0.000000000000000000e+00,0.000000000000000000e+00,-1.750111146286577194e-03,-3.865407708405696908e-03,5.007437114628953247e-04,0.000000000000000000e+00
0.000000000000000000e+00,0.000000000000000000e+00,-1.759754882714469537e-03,-3.799687998406291178e-03,4.688941599834961504e-04,0.000000000000000000e+00
0.000000000000000000e+00,0.000000000000000000e+00,-1.686379050005738919e-03,-3.872912611852248610e-03,4.645596607531850991e-04,0.000000000000000000e+00
0.000000000000000000e+00,0.000000000000000000e+00,0.000000000000000000e+00,-3.807143028557113951e-03,4.362931056129254470e-04,0.000000000000000000e+00
0.000000000000000000e+00,0.000000000000000000e+00,0.000000000000000000e+00,-3.796856271453763476e-03,4.878008067927125380e-04,0.000000000000000000e+00
0.000000000000000000e+00,0.000000000000000000e+00,-1.771802799240109047e-03,-3.870232711951953914e-03,4.806436775375052118e-04,0.000000000000000000e+00
0.000000000000000000e+00,0.000000000000000000e+00,-1.782021468529714327e-03,-3.804540781731809845e-03,4.490474684068856514e-04,0.000000000000000000e+00
0.000000000000000000e+00,0.000000000000000000e+00,-1.709061159487587633e-03,-3.794388589669660857e-03,5.006555097557746159e-04,0.000000000000000000e+00
0.000000000000000000e+00,0.000000000000000000e+00,-1.719508638183187303e-03,-3.812043701803734686e-03,4.138773316962210489e-04,0.000000000000000000e+00
0.000000000000000000e+00,0.000000000000000000e+00,0.000000000000000000e+00,-3.801478931056423427e-03,4.693245520065100762e-04,0.000000000000000000e+00
0.000000000000000000e+00,0.000000000000000000e+00,-1.795966872315236940e-03,-3.736223492451457972e-03,4.344993083577049589e-04,0.000000000000000000e+00
0.000000000000000000e+00,0.000000000000000000e+00,0.000000000000000000e+00,-3.808973705487272987e-03,4.345845162921496696e-04,0.000000000000000000e+00
0.000000000000000000e+00,0.000000000000000000e+00,0.000000000000000000e+00,-3.743347749852965478e-03,4.032277431829378589e-04,0.000000000000000000e+00
0.000000000000000000e+00,0.000000000000000000e+00,-1.745231607161542046e-03,-3.816584044545382609e-03,3.971861145870413546e-04,0.000000000000000000e+00
0.000000000000000000e+00,0.000000000000000000e+00,-1.756381122427025116e-03,-3.805913514888534330e-03,4.495183933248401336e-04,0.000000000000000000e+00
0.000000000000000000e+00,0.000000000000000000e+00,-1.684099174626980944e-03,-3.740485658480786815e-03,4.182213033475232948e-04,0.000000000000000000e+00
0.000000000000000000e+00,0.000000000000000000e+00,-1.695476373277764398e-03,-3.813317365870821148e-03,4.158178841587625006e-04,0.000000000000000000e+00
0.000000000000000000e+00,0.000000000000000000e+00,0.000000000000000000e+00,-3.747649604742053775e-03,3.882038450969682586e-04,0.000000000000000000e+00
0.000000000000000000e+00,0.000000000000000000e+00,0.000000000000000000e+00,-3.736752827682932043e-03,4.408497974649691620e-04,0.000000000000000000e+00
0.000000000000000000e+00,0.000000000000000000e+00,0.000000000000000000e+00,-3.755123430146056762e-03,3.548873631545046425e-04,0.000000000000000000e+00
0.000000000000000000e+00,0.000000000000000000e+00,0.000000000000000000e+00,-3.744155012335048660e-03,4.077105755000212661e-04,0.000000000000000000e+00
0.000000000000000000e+00,0.000000000000000000e+00,-1.725205560403544587e-03,-3.678882747866870501e-03,3.736276962002544211e-04,0.000000000000000000e+00
0.000000000000000000e+00,0.000000000000000000e+00,-1.737280648515701327e-03,-3.751649083661632873e-03,3.719899843798383631e-04,0.000000000000000000e+00
0.000000000000000000e+00,0.000000000000000000e+00,-1.749485021740288882e-03,-3.686051486924373302e-03,3.412297407618022351e-04,0.000000000000000000e+00
0.000000000000000000e+00,0.000000000000000000e+00,-1.677976014546249265e-03,-3.675165305461436729e-03,3.942070434905065404e-04,0.000000000000000000e+00
0.000000000000000000e+00,0.000000000000000000e+00,-1.690406807329797615e-03,-3.609555116297232229e-03,3.635144282869931130e-04,0.000000000000000000e+00
0.000000000000000000e+00,0.000000000000000000e+00,0.000000000000000000e+00,-3.682239746031878980e-03,3.657387700172626266e-04,0.000000000000000000e+00
0.000000000000000000e+00,0.000000000000000000e+00,0.000000000000000000e+00,-3.616671061415166477e-03,3.351239626340415945e-04,0.000000000000000000e+00
0.000000000000000000e+00,0.000000000000000000e+00,-1.782785258308423968e-03,-3.605678303340553812e-03,3.853439707391726528e-04,0.000000000000000000e+00
0.000000000000000000e+00,0.000000000000000000e+00,0.000000000000000000e+00,-3.624036866355373476e-03,3.035624444192239202e-04,0.000000000000000000e+00
0.000000000000000000e+00,0.000000000000000000e+00,0.000000000000000000e+00,-3.612622824239020147e-03,3.571780768079138579e-04,0.000000000000000000e+00
0.000000000000000000e+00,0.000000000000000000e+00,-1.737806151338490293e-03,-3.547341679713188808e-03,3.236709250460112226e-04,0.000000000000000000e+00
0.000000000000000000e+00,0.000000000000000000e+00,-1.751058659040014400e-03,-3.619969056163865450e-03,3.233083816463505514e-04,0.000000000000000000e+00
0.000000000000000000e+00,0.000000000000000000e+00,0.000000000000000000e+00,-3.554355827079413999e-03,2.958887063149520658e-04,0.000000000000000000e+00
0.000000000000000000e+00,0.000000000000000000e+00,-1.693796819297896904e-03,-3.543049121815728449e-03,3.468163593273300514e-04,0.000000000000000000e+00
0.000000000000000000e+00,0.000000000000000000e+00,-1.707402737571130482e-03,-3.561656555472484265e-03,2.626646494629007408e-04,0.000000000000000000e+00
0.000000000000000000e+00,0.000000000000000000e+00,-1.721136794893755265e-03,-3.550020584865894949e-03,3.167589958977410020e-04,0.000000000000000000e+00
0.000000000000000000e+00,0.000000000000000000e+00,-1.650755758660774671e-03,-3.484650363088711168e-03,2.865491049817693548e-04,0.000000000000000000e+00
0.000000000000000000e+00,0.000000000000000000e+00,-1.664714470576645873e-03,-3.557189082318538802e-03,2.869684961474300734e-04,0.000000000000000000e+00
0.000000000000000000e+00,0.000000000000000000e+00,-1.678801076691861576e-03,-3.491630375163034226e-03,2.570136521668964420e-04,0.000000000000000000e+00
0.000000000000000000e+00,0.000000000000000000e+00,-1.608681476868231795e-03,-3.480000383389341995e-03,3.112951450430728284e-04,0.000000000000000000e+00
0.000000000000000000e+00,0.000000000000000000e+00,-1.622992368989363988e-03,-3.498798610303415456e-03,2.277468110492950775e-04,0.000000000000000000e+00
0.000000000000000000e+00,0.000000000000000000e+00,-1.637430911564311063e-03,-3.486886179455490637e-03,2.823449500822266698e-04,0.000000000000000000e+00
0.000000000000000000e+00,0.000000000000000000e+00,-1.651997010051367391e-03,-3.421322070442953632e-03,2.525892977700537351e-04,0.000000000000000000e+00
0.000000000000000000e+00,0.000000000000000000e+00,-1.582234955092790734e-03,-3.409490173842954618e-03,3.071942540827187862e-04,0.000000000000000000e+00
0.000000000000000000e+00,0.000000000000000000e+00,-1.597024825418722361e-03,-3.428402066566176715e-03,2.240379449927918190e-04,0.000000000000000000e+00
0.000000000000000000e+00,0.000000000000000000e+00,-1.611942009410650967e-03,-3.416290547306304656e-03,2.789588352155295990e-04,0.000000000000000000e+00
0.000000000000000000e+00,0.000000000000000000e+00,0.000000000000000000e+00,-3.350713028232865653e-03,2.518616351061958580e-04,0.000000000000000000e+00
5.000007871743496397e-05,0.000000000000000000e+00,-1.557581355903040919e-03,-3.423268648696035400e-03,2.510021743617611473e-04,-6.319496528006961248e-09
5.000028395290349013e-05,0.000000000000000000e+00,-1.572849021596578771e-03,-3.357702036035868035e-03,2.215773329402629613e-04,-5.583473527371783491e-09
0.000000000000000000e+00,0.000000000000000000e+00,-1.588243666202773102e-03,-3.345387870341085240e-03,2.768245367370163277e-04,0.000000000000000000e+00
0.000000000000000000e+00,0.000000000000000000e+00,0.000000000000000000e+00,-3.364517672956091054e-03,1.967134499206782405e-04,0.000000000000000000e+00
0.000000000000000000e+00,0.000000000000000000e+00,0.000000000000000000e+00,-3.298992337257500296e-03,1.674182366846674319e-04,0.000000000000000000e+00
0.000000000000000000e+00,0.000000000000000000e+00,-1.550460887044690988e-03,-3.286684096193571124e-03,2.203793351196075049e-04,0.000000000000000000e+00
0.000000000000000000e+00,0.000000000000000000e+00,-1.566331820223380768e-03,-3.221117280689887036e-03,1.911879161096576138e-04,0.000000000000000000e+00
0.000000000000000000e+00,0.000000000000000000e+00,-1.582329306616161871e-03,-3.293359714783447318e-03,1.938229116542928708e-04,0.000000000000000000e+00
0.000000000000000000e+00,0.000000000000000000e+00,0.000000000000000000e+00,-3.227852884795434640e-03,1.670760347276534219e-04,0.000000000000000000e+00
0.000000000000000000e+00,0.000000000000000000e+00,0.000000000000000000e+00,-3.215163792780417751e-03,2.229176912795921561e-04,0.000000000000000000e+00
0.000000000000000000e+00,0.000000000000000000e+00,-1.546202447204207469e-03,-3.234636927689039671e-03,1.386239438026258596e-04,0.000000000000000000e+00
0.000000000000000000e+00,0.000000000000000000e+00,-1.562674729303385702e-03,-3.221900066132693270e-03,1.946396336353732061e-04,0.000000000000000000e+00
0.000000000000000000e+00,0.000000000000000000e+00,0.000000000000000000e+00,-3.156368787792240838e-03,1.680255809505259990e-04,0.000000000000000000e+00
0.000000000000000000e+00,0.000000000000000000e+00,0.000000000000000000e+00,-3.143467293503232618e-03,2.242034384740479447e-04,0.000000000000000000e+00
0.000000000000000000e+00,0.000000000000000000e+00,0.000000000000000000e+00,-3.162928625495942114e-03,1.428174021721115294e-04,0.000000000000000000e+00
0.000000000000000000e+00,0.000000000000000000e+00,0.000000000000000000e+00,-3.097382545072746574e-03,1.141076858792583471e-04,0.000000000000000000e+00
0.000000000000000000e+00,0.000000000000000000e+00,-1.561869218546111347e-03,-3.084481362224868618e-03,1.681257938788567304e-04,0.000000000000000000e+00
0.000000000000000000e+00,0.000000000000000000e+00,-1.579066661141133440e-03,-3.103987174355181226e-03,8.700740324847552063e-05,0.000000000000000000e+00
0.000000000000000000e+00,0.000000000000000000e+00,0.000000000000000000e+00,-3.090961837523331646e-03,1.458229973606769980e-04,0.000000000000000000e+00
0.000000000000000000e+00,0.000000000000000000e+00,0.000000000000000000e+00,-3.025387700198445273e-03,1.173346882059195240e-04,0.000000000000000000e+00
0.000000000000000000e+00,0.000000000000000000e+00,0.000000000000000000e+00,-3.012134955477474563e-03,1.741037735004322129e-04,0.000000000000000000e+00
0.000000000000000000e+00,0.000000000000000000e+00,0.000000000000000000e+00,-3.031793361078172211e-03,9.344046619797624631e-05,0.000000000000000000e+00
0.000000000000000000e+00,0.000000000000000000e+00,0.000000000000000000e+00,-3.018442674118548830e-03,1.504049791018480242e-04,0.000000000000000000e+00
0.000000000000000000e+00,0.000000000000000000e+00,0.000000000000000000e+00,-2.952842651116394102e-03,1.221375248648404188e-04,0.000000000000000000e+00
0.000000000000000000e+00,0.000000000000000000e+00,0.000000000000000000e+00,-2.972603047988409131e-03,4.178831599054716461e-05,0.000000000000000000e+00
0.000000000000000000e+00,0.000000000000000000e+00,0.000000000000000000e+00,-2.959276124966936372e-03,9.876006974763457125e-05,0.000000000000000000e+00
0.000000000000000000e+00,0.000000000000000000e+00,0.000000000000000000e+00,-2.893680671684717431e-03,7.066203325490488796e-05,0.000000000000000000e+00
0.000000000000000000e+00,0.000000000000000000e+00,0.000000000000000000e+00,-2.880064910070978534e-03,1.280328863802054906e-04,0.000000000000000000e+00
0.000000000000000000e+00,0.000000000000000000e+00,0.000000000000000000e+00,-2.899908593660294187e-03,4.810284104390244453e-05,0.000000000000000000e+00
0.000000000000000000e+00,0.000000000000000000e+00,-1.572361780959681240e-03,-2.886032563265725909e-03,1.032444785153605580e-04,0.000000000000000000e+00
0.000000000000000000e+00,0.000000000000000000e+00,-1.591174496852974882e-03,-2.820387293672349614e-03,7.540426474074928649e-05,0.000000000000000000e+00
0.000000000000000000e+00,0.000000000000000000e+00,-1.524612739873265578e-03,-2.840405391222554626e-03,-4.365829164315767216e-06,0.000000000000000000e+00
0.000000000000000000e+00,0.000000000000000000e+00,-1.543644821120834136e-03,-2.826597162071377289e-03,5.344629888448075301e-05,0.000000000000000000e+00
0.000000000000000000e+00,0.000000000000000000e+00,-1.562801307970498226e-03,-2.760951445108076469e-03,2.577914585411513710e-05,0.000000000000000000e+00
0.000000000000000000e+00,0.000000000000000000e+00,-1.582082111271772892e-03,-2.747010925450245767e-03,8.374258699159163057e-05,0.000000000000000000e+00
0.000000000000000000e+00,0.000000000000000000e+00,0.000000000000000000e+00,-2.767097911423821444e-03,6.498435386519119117e-06,0.000000000000000000e+00
0.000000000000000000e+00,0.000000000000000000e+00,0.000000000000000000e+00,-2.753010577971393147e-03,6.468293557358034684e-05,0.000000000000000000e+00
0.000000000000000000e+00,0.000000000000000000e+00,-1.503418895116660986e-03,-2.687139391125836427e-03,3.506696051374393302e-05,0.000000000000000000e+00
0.000000000000000000e+00,0.000000000000000000e+00,-1.523215525425338727e-03,-2.621459875047707500e-03,7.672966857322899552e-06,0.000000000000000000e+00
0.000000000000000000e+00,0.000000000000000000e+00,0.000000000000000000e+00,-2.693110576373558551e-03,1.644333720412366473e-05,0.000000000000000000e+00
0.000000000000000000e+00,0.000000000000000000e+00,0.000000000000000000e+00,-2.627438927003233893e-03,-1.082686093301088448e-05,0.000000000000000000e+00
0.000000000000000000e+00,0.000000000000000000e+00,0.000000000000000000e+00,-2.613073503681229148e-03,4.777479169556370087e-05,0.000000000000000000e+00
0.000000000000000000e+00,0.000000000000000000e+00,0.000000000000000000e+00,-2.633234051629074202e-03,-3.065149507155973119e-05,0.000000000000000000e+00
0.000000000000000000e+00,0.000000000000000000e+00,0.000000000000000000e+00,-2.618760315467816291e-03,2.815448845444601389e-05,0.000000000000000000e+00
0.000000000000000000e+00,0.000000000000000000e+00,0.000000000000000000e+00,-2.553042039217912063e-03,1.122951811392824961e-06,0.000000000000000000e+00
0.000000000000000000e+00,0.000000000000000000e+00,0.000000000000000000e+00,-2.487328966299662270e-03,-2.587589561178771369e-05,0.000000000000000000e+00
0.000000000000000000e+00,0.000000000000000000e+00,0.000000000000000000e+00,-2.558660839532600484e-03,-1.790184457734628198e-05,0.000000000000000000e+00
0.000000000000000000e+00,0.000000000000000000e+00,-1.569894769359555945e-03,-2.492684946912107971e-03,-4.683461594338148286e-05,0.000000000000000000e+00
0.000000000000000000e+00,0.000000000000000000e+00,-1.504955304829784122e-03,-2.478093565642603725e-03,1.227108402195334202e-05,0.000000000000000000e+00
0.000000000000000000e+00,0.000000000000000000e+00,-1.526101485310360668e-03,-2.412306919397805196e-03,-1.445092843676927217e-05,0.000000000000000000e+00
0.000000000000000000e+00,0.000000000000000000e+00,-1.547370734267698028e-03,-2.432584292471548070e-03,-9.206456758945403879e-05,0.000000000000000000e+00
0.000000000000000000e+00,0.000000000000000000e+00,0.000000000000000000e+00,-2.417735759061456768e-03,-3.068079971316195476e-05,0.000000000000000000e+00
0.000000000000000000e+00,0.000000000000000000e+00,0.000000000000000000e+00,-2.352074825964556304e-03,-5.745052046660786838e-05,0.000000000000000000e+00
0.000000000000000000e+00,0.000000000000000000e+00,-1.474978304000752359e-03,-2.336816675324095496e-03,3.718374577013267762e-07,0.000000000000000000e+00
0.000000000000000000e+00,0.000000000000000000e+00,-1.496759307994962067e-03,-2.357148138417641814e-03,-7.679410283861946656e-05,0.000000000000000000e+00
0.000000000000000000e+00,0.000000000000000000e+00,-1.518663007399583941e-03,-2.291339105286831213e-03,-1.031404299646260556e-04,0.000000000000000000e+00
0.000000000000000000e+00,0.000000000000000000e+00,-1.540689316802628869e-03,-2.276168335852349258e-03,-4.321944487169007834e-05,0.000000000000000000e+00
0.000000000000000000e+00,0.000000000000000000e+00,0.000000000000000000e+00,-2.296772849041617270e-03,-1.184604706279332453e-04,0.000000000000000000e+00
0.000000000000000000e+00,0.000000000000000000e+00,-1.448270723844446170e-03,-2.281202708815447712e-03,-6.007311494762006553e-05,0.000000000000000000e+00
0.000000000000000000e+00,0.000000000000000000e+00,-1.470684970766173924e-03,-2.215331192733464676e-03,-8.615954924373136028e-05,0.000000000000000000e+00
0.000000000000000000e+00,0.000000000000000000e+00,-1.493221544293191335e-03,-2.199904926924138929e-03,-2.586645797260952832e-05,0.000000000000000000e+00
0.000000000000000000e+00,0.000000000000000000e+00,0.000000000000000000e+00,-2.220537225366969736e-03,-1.007583745200393843e-04,0.000000000000000000e+00
0.000000000000000000e+00,0.000000000000000000e+00,0.000000000000000000e+00,-2.154663093394404427e-03,-1.266752824293504442e-04,0.000000000000000000e+00
0.000000000000000000e+00,0.000000000000000000e+00,0.000000000000000000e+00,-2.139029501891487328e-03,-6.608574947798012689e-05,0.000000000000000000e+00
0.000000000000000000e+00,0.000000000000000000e+00,-1.447871978496367579e-03,-2.072855309434939661e-03,-9.349630360342624062e-05,0.000000000000000000e+00
0.000000000000000000e+00,0.000000000000000000e+00,-1.471039870500915215e-03,-2.143603064342253749e-03,-8.296367173697036755e-05,0.000000000000000000e+00
0.000000000000000000e+00,0.000000000000000000e+00,-1.494329641180762317e-03,-2.077643734164459372e-03,-1.085936327227622812e-04,0.000000000000000000e+00
0.000000000000000000e+00,0.000000000000000000e+00,0.000000000000000000e+00,-2.011873540953001971e-03,-1.328390802196044440e-04,0.000000000000000000e+00
0.000000000000000000e+00,0.000000000000000000e+00,-1.404637861683260365e-03,-1.995700128017503707e-03,-7.329945481070219233e-05,0.000000000000000000e+00
0.000000000000000000e+00,0.000000000000000000e+00,-1.428313935545499425e-03,-2.016282554495744343e-03,-1.487896855099471482e-04,0.000000000000000000e+00
0.000000000000000000e+00,0.000000000000000000e+00,-1.452111611815251743e-03,-2.000261115497487582e-03,-8.755602947262328931e-05,0.000000000000000000e+00
0.000000000000000000e+00,0.000000000000000000e+00,0.000000000000000000e+00,-1.934308244275095845e-03,-1.114496219685942591e-04,0.000000000000000000e+00
0.000000000000000000e+00,0.000000000000000000e+00,-1.363516476155929302e-03,-1.954785328096318026e-03,-1.881500093116888637e-04,0.000000000000000000e+00
0.000000000000000000e+00,0.000000000000000000e+00,-1.387699848254590534e-03,-1.938594858137725023e-03,-1.266315416412561125e-04,0.000000000000000000e+00
0.000000000000000000e+00,0.000000000000000000e+00,0.000000000000000000e+00,-1.872638806905468911e-03,-1.504268582421530720e-04,0.000000000000000000e+00
0.000000000000000000e+00,0.000000000000000000e+00,0.000000000000000000e+00,-1.856252843887351567e-03,-8.872840810042470494e-05,0.000000000000000000e+00
0.000000000000000000e+00,0.000000000000000000e+00,0.000000000000000000e+00,-1.876983935190312813e-03,-1.633708521590615526e-04,0.000000000000000000e+00
0.000000000000000000e+00,0.000000000000000000e+00,-1.436001173394432177e-03,-1.860231967250016360e-03,-1.028730541786769824e-04,0.000000000000000000e+00
0.000000000000000000e+00,0.000000000000000000e+00,-1.460839765339807172e-03,-1.794091382564901895e-03,-1.277159427139604219e-04,0.000000000000000000e+00
0.000000000000000000e+00,0.000000000000000000e+00,0.000000000000000000e+00,-1.728131433687551954e-03,-1.513915044422525780e-04,0.000000000000000000e+00
0.000000000000000000e+00,0.000000000000000000e+00,0.000000000000000000e+00,-1.798356949585744324e-03,-1.386554809571921565e-04,0.000000000000000000e+00
0.000000000000000000e+00,0.000000000000000000e+00,-1.399712347271839762e-03,-1.731924826887206413e-03,-1.646027884259638053e-04,0.000000000000000000e+00
0.000000000000000000e+00,0.000000000000000000e+00,-1.425056071408420258e-03,-1.715128305510573445e-03,-1.022407680725577413e-04,0.000000000000000000e+00
0.000000000000000000e+00,0.000000000000000000e+00,-1.450520464350963127e-03,-1.735879721919716132e-03,-1.760951767683099510e-04,0.000000000000000000e+00
0.000000000000000000e+00,0.000000000000000000e+00,0.000000000000000000e+00,-1.669882778691955671e-03,-1.994480772117557255e-04,0.000000000000000000e+00
0.000000000000000000e+00,0.000000000000000000e+00,-1.365526860055809276e-03,-1.652618672007379226e-03,-1.379771370403264173e-04,0.000000000000000000e+00
0.000000000000000000e+00,0.000000000000000000e+00,0.000000000000000000e+00,-1.586461426990037893e-03,-1.611834421607130641e-04,0.000000000000000000e+00
0.000000000000000000e+00,0.000000000000000000e+00,0.000000000000000000e+00,-1.656414523737104183e-03,-1.474267983768776102e-04,0.000000000000000000e+00
0.000000000000000000e+00,0.000000000000000000e+00,-1.394319373138052775e-03,-1.589864441673917786e-03,-1.727700601981854538e-04,0.000000000000000000e+00
0.000000000000000000e+00,0.000000000000000000e+00,-1.420577889777891898e-03,-1.572601849346753596e-03,-1.097232857582699855e-04,0.000000000000000000e+00
0.000000000000000000e+00,0.000000000000000000e+00,0.000000000000000000e+00,-1.506399468723551571e-03,-1.327968034153040322e-04,0.000000000000000000e+00
0.000000000000000000e+00,0.000000000000000000e+00,0.000000000000000000e+00,-1.527285035833658711e-03,-2.056927751768189427e-04,0.000000000000000000e+00
0.000000000000000000e+00,0.000000000000000000e+00,-1.363937865513009749e-03,-1.509557201350774508e-03,-1.434272181186372816e-04,0.000000000000000000e+00
0.000000000000000000e+00,0.000000000000000000e+00,-1.390699103511167968e-03,-1.443153874342397065e-03,-1.672369164301071981e-04,0.000000000000000000e+00
0.000000000000000000e+00,0.000000000000000000e+00,0.000000000000000000e+00,-1.512936921741481200e-03,-1.514462823261272795e-04,0.000000000000000000e+00
0.000000000000000000e+00,0.000000000000000000e+00,-1.395808135932588871e-03,-1.446258576177254307e-03,-1.761807861459138399e-04,0.000000000000000000e+00
0.000000000000000000e+00,0.000000000000000000e+00,-1.422978523313389891e-03,-1.379814529405784442e-03,-1.997746106991709497e-04,0.000000000000000000e+00
0.000000000000000000e+00,0.000000000000000000e+00,0.000000000000000000e+00,-1.362166950480192540e-03,-1.350965274561008456e-04,0.000000000000000000e+00
0.000000000000000000e+00,0.000000000000000000e+00,0.000000000000000000e+00,-1.383098886934441829e-03,-2.071464363518071838e-04,0.000000000000000000e+00
0.000000000000000000e+00,0.000000000000000000e+00,-1.369221557595488555e-03,-1.364896950395445493e-03,-1.440807434647852761e-04,0.000000000000000000e+00
0.000000000000000000e+00,0.000000000000000000e+00,0.000000000000000000e+00,-1.298462780238152092e-03,-1.664731339423991541e-04,0.000000000000000000e+00
0.000000000000000000e+00,0.000000000000000000e+00,0.000000000000000000e+00,-1.280320481685581768e-03,-1.022458441798726470e-04,0.000000000000000000e+00
0.000000000000000000e+00,0.000000000000000000e+00,-1.404161544934921313e-03,-1.301013401596027002e-03,-1.747653754959012839e-04,0.000000000000000000e+00
0.000000000000000000e+00,0.000000000000000000e+00,-1.432240945547431574e-03,-1.234416101873387229e-03,-1.978444597814689725e-04,0.000000000000000000e+00
0.000000000000000000e+00,0.000000000000000000e+00,0.000000000000000000e+00,-1.216265349919587457e-03,-1.325470782246110368e-04,0.000000000000000000e+00
0.000000000000000000e+00,0.000000000000000000e+00,-1.352901047914445085e-03,-1.236973643352315801e-03,-2.046197917745296621e-04,0.000000000000000000e+00
0.000000000000000000e+00,0.000000000000000000e+00,0.000000000000000000e+00,-1.218639583941860671e-03,-1.390266539844225990e-04,0.000000000000000000e+00
0.000000000000000000e+00,0.000000000000000000e+00,0.000000000000000000e+00,-1.151945847268187606e-03,-1.618349884244876802e-04,0.000000000000000000e+00
0.000000000000000000e+00,0.000000000000000000e+00,-1.390496158912056654e-03,-1.133128558299283497e-03,-9.773158192636424984e-05,0.000000000000000000e+00
0.000000000000000000e+00,0.000000000000000000e+00,-1.419362929604067085e-03,-1.154033824520676833e-03,-1.684545931534364531e-04,0.000000000000000000e+00
0.000000000000000000e+00,0.000000000000000000e+00,0.000000000000000000e+00,-1.087407317576283283e-03,-1.902214040782057580e-04,0.000000000000000000e+00
0.000000000000000000e+00,0.000000000000000000e+00,-1.429457323336467273e-03,-1.068369522229952210e-03,-1.257849950436635547e-04,0.000000000000000000e+00
0.000000000000000000e+00,0.000000000000000000e+00,0.000000000000000000e+00,-1.089477239456293489e-03,-1.954445398711091020e-04,0.000000000000000000e+00
0.000000000000000000e+00,0.000000000000000000e+00,0.000000000000000000e+00,-1.070491813174867524e-03,-1.299714135761451117e-04,0.000000000000000000e+00
0.000000000000000000e+00,0.000000000000000000e+00,-1.381973095306637681e-03,-1.003421879395426488e-03,-1.529795203531596497e-04,0.000000000000000000e+00
0.000000000000000000e+00,0.000000000000000000e+00,0.000000000000000000e+00,-9.843689778137321156e-04,-8.663413823565419003e-05,0.000000000000000000e+00
0.000000000000000000e+00,0.000000000000000000e+00,0.000000000000000000e+00,-1.005336419755198385e-03,-1.564550395230304702e-04,0.000000000000000000e+00
0.000000000000000000e+00,0.000000000000000000e+00,-1.423581059838800083e-03,-9.381910392906842077e-04,-1.792054678470086275e-04,0.000000000000000000e+00
0.000000000000000000e+00,0.000000000000000000e+00,-1.453638374134656134e-03,-9.188691252490429088e-04,-1.132464038047688851e-04,0.000000000000000000e+00
0.000000000000000000e+00,0.000000000000000000e+00,0.000000000000000000e+00,-9.399387841630968410e-04,-1.820217109447519466e-04,0.000000000000000000e+00
0.000000000000000000e+00,0.000000000000000000e+00,0.000000000000000000e+00,-9.203679851390589306e-04,-1.159470097828671498e-04,0.000000000000000000e+00
0.000000000000000000e+00,0.000000000000000000e+00,0.000000000000000000e+00,-8.533141456301684968e-04,-1.376842109951301185e-04,0.000000000000000000e+00
0.000000000000000000e+00,0.000000000000000000e+00,-1.392111004534264587e-03,-8.334976856446311240e-04,-7.191651416964256601e-05,0.000000000000000000e+00
0.000000000000000000e+00,0.000000000000000000e+00,-1.422832922709157955e-03,-8.544061794820184859e-04,-1.408795032621503005e-04,0.000000000000000000e+00
0.000000000000000000e+00,0.000000000000000000e+00,0.000000000000000000e+00,-7.873881140088023756e-04,-1.617782232317538371e-04,0.000000000000000000e+00
0.000000000000000000e+00,0.000000000000000000e+00,-1.437315448898317380e-03,-7.673425437777390504e-04,-9.566530406189290546e-05,0.000000000000000000e+00
0.000000000000000000e+00,0.000000000000000000e+00,-1.468441029901245776e-03,-7.882634250401060689e-04,-1.642461878161494051e-04,0.000000000000000000e+00
0.000000000000000000e+00,0.000000000000000000e+00,-1.452466323738572105e-03,-7.681861581101224546e-04,-9.732725613023984561e-05,0.000000000000000000e+00
0.000000000000000000e+00,0.000000000000000000e+00,0.000000000000000000e+00,-7.010313965521985935e-04,-1.180264956840773594e-04,0.000000000000000000e+00
0.000000000000000000e+00,0.000000000000000000e+00,0.000000000000000000e+00,-7.690504061658165469e-04,-9.795167314208264031e-05,0.000000000000000000e+00
0.000000000000000000e+00,0.000000000000000000e+00,-1.411752148760659015e-03,-7.015893383981050774e-04,-1.194747430807343430e-04,0.000000000000000000e+00
0.000000000000000000e+00,0.000000000000000000e+00,0.000000000000000000e+00,-6.812901994952547113e-04,-5.162969486787599704e-05,0.000000000000000000e+00
0.000000000000000000e+00,0.000000000000000000e+00,0.000000000000000000e+00,-6.138979070817729422e-04,-7.249968618704139001e-05,0.000000000000000000e+00
0.000000000000000000e+00,0.000000000000000000e+00,-1.460543704909014317e-03,-6.815856342445695843e-04,-5.232435680054843942e-05,0.000000000000000000e+00
0.000000000000000000e+00,0.000000000000000000e+00,0.000000000000000000e+00,-6.141772583343474423e-04,-7.251050755099908152e-05,0.000000000000000000e+00
0.000000000000000000e+00,0.000000000000000000e+00,-1.478213783113591692e-03,-5.465893046560105911e-04,-9.356494528188508966e-05,0.000000000000000000e+00
0.000000000000000000e+00,0.000000000000000000e+00,-1.510688877910812671e-03,-6.142421622991584658e-04,-7.246200401980471050e-05,0.000000000000000000e+00
0.000000000000000000e+00,0.000000000000000000e+00,-1.408140401199940673e-03,-5.466739021665190231e-04,-9.289883413988561287e-05,0.000000000000000000e+00
0.000000000000000000e+00,0.000000000000000000e+00,0.000000000000000000e+00,-5.257960903681802023e-04,-2.441841181764076163e-05,0.000000000000000000e+00
0.000000000000000000e+00,0.000000000000000000e+00,0.000000000000000000e+00,-5.466918651677588059e-04,-9.127133244889173991e-05,0.000000000000000000e+00
0.000000000000000000e+00,0.000000000000000000e+00,-1.460108833874853391e-03,-5.255216944505452853e-04,-2.333854711985946715e-05,0.000000000000000000e+00
0.000000000000000000e+00,0.000000000000000000e+00,0.000000000000000000e+00,-4.578660553521407550e-04,-4.306909363819416692e-05,0.000000000000000000e+00
0.000000000000000000e+00,0.000000000000000000e+00,-1.480008496762128065e-03,-4.365527003483894611e-04,2.511329976813383351e-05,0.000000000000000000e+00
0.000000000000000000e+00,0.000000000000000000e+00,0.000000000000000000e+00,-4.573819837907500130e-04,-4.088842717481222522e-05,0.000000000000000000e+00
0.000000000000000000e+00,0.000000000000000000e+00,0.000000000000000000e+00,-4.359272732822327967e-04,2.787934207117842567e-05,0.000000000000000000e+00
0.000000000000000000e+00,0.000000000000000000e+00,-1.534275995330151724e-03,-3.680733693102606610e-04,7.789743900505297230e-06,0.000000000000000000e+00
0.000000000000000000e+00,0.000000000000000000e+00,0.000000000000000000e+00,-3.889112123377502783e-04,-5.785956536184799770e-05,0.000000000000000000e+00
0.000000000000000000e+00,0.000000000000000000e+00,-1.555788683558426014e-03,-3.671980900614895738e-04,1.092829651802385701e-05,0.000000000000000000e+00
0.000000000000000000e+00,0.000000000000000000e+00,-1.589891421322783913e-03,-2.992741673839396433e-04,-8.564348961236873127e-06,0.000000000000000000e+00
0.000000000000000000e+00,0.000000000000000000e+00,-1.489248900312562223e-03,-3.661653186860653860e-04,1.458402606266983909e-05,0.000000000000000000e+00
0.000000000000000000e+00,0.000000000000000000e+00,0.000000000000000000e+00,-2.981770807588546290e-04,-4.486528431511815906e-06,0.000000000000000000e+00
0.000000000000000000e+00,0.000000000000000000e+00,-1.512037844247197255e-03,-2.761624912117150647e-04,6.481691509672922501e-05,0.000000000000000000e+00
0.000000000000000000e+00,0.000000000000000000e+00,0.000000000000000000e+00,-2.968811350883004962e-04,-8.474617167048004163e-08,0.000000000000000000e+00
0.000000000000000000e+00,0.000000000000000000e+00,-1.535490135619432166e-03,-2.747055589146113496e-04,6.945941825600735690e-05,0.000000000000000000e+00
0.000000000000000000e+00,0.000000000000000000e+00,-1.570416801922488526e-03,-2.065533674769659566e-04,5.050122303591589085e-05,0.000000000000000000e+00
0.000000000000000000e+00,0.000000000000000000e+00,-1.559605378279118248e-03,-1.841921156834514124e-04,1.204683746736955920e-04,0.000000000000000000e+00
0.000000000000000000e+00,0.000000000000000000e+00,0.000000000000000000e+00,-2.048164564739662907e-04,5.602364579394836230e-05,0.000000000000000000e+00
0.000000000000000000e+00,0.000000000000000000e+00,-1.495465163643624334e-03,-1.823327530464817004e-04,1.260853502580855118e-04,0.000000000000000000e+00
0.000000000000000000e+00,0.000000000000000000e+00,0.000000000000000000e+00,-1.139288892912926343e-04,1.075591702211428635e-04,0.000000000000000000e+00
0.000000000000000000e+00,0.000000000000000000e+00,0.000000000000000000e+00,-1.346119254085342831e-04,4.338208421780787027e-05,0.000000000000000000e+00
0.000000000000000000e+00,0.000000000000000000e+00,0.000000000000000000e+00,-1.117924222129307310e-04,1.139153416135282870e-04,0.000000000000000000e+00
0.000000000000000000e+00,0.000000000000000000e+00,0.000000000000000000e+00,-4.338483815302662805e-05,9.550435034139104218e-05,0.000000000000000000e+00
0.000000000000000000e+00,0.000000000000000000e+00,-1.582936785459343682e-03,-1.095601747850235598e-04,1.207269087622007676e-04,0.000000000000000000e+00
0.000000000000000000e+00,0.000000000000000000e+00,0.000000000000000000e+00,-4.098511068462151741e-05,1.025994003203134497e-04,0.000000000000000000e+00
0.000000000000000000e+00,0.000000000000000000e+00,-1.609931302475409729e-03,-1.794258676558651284e-05,1.735609011871439098e-04,0.000000000000000000e+00
0.000000000000000000e+00,0.000000000000000000e+00,0.000000000000000000e+00,-3.839025169827259276e-05,1.102386414962158723e-04,0.000000000000000000e+00
0.000000000000000000e+00,0.000000000000000000e+00,-1.637586789279287230e-03,-1.518337576301790674e-05,1.814494893339554395e-04,0.000000000000000000e+00
0.000000000000000000e+00,0.000000000000000000e+00,0.000000000000000000e+00,5.362223911886676575e-05,1.635934782107731356e-04,0.000000000000000000e+00
0.000000000000000000e+00,0.000000000000000000e+00,-1.665902869263698920e-03,-1.222603569594881573e-05,1.898845913587185311e-04,0.000000000000000000e+00
0.000000000000000000e+00,0.000000000000000000e+00,0.000000000000000000e+00,5.666487108557660690e-05,1.722253118017144646e-04,0.000000000000000000e+00
0.000000000000000000e+00,0.000000000000000000e+00,-1.694879168912084020e-03,8.018374136279567154e-05,2.439632776225128237e-04,0.000000000000000000e+00
0.000000000000000000e+00,0.000000000000000000e+00,0.000000000000000000e+00,5.991016252748782023e-05,1.814055406047995755e-04,0.000000000000000000e+00
0.000000000000000000e+00,0.000000000000000000e+00,-1.724515317834775675e-03,8.359420885352266491e-05,2.533970105842566563e-04,0.000000000000000000e+00
0.000000000000000000e+00,0.000000000000000000e+00,0.000000000000000000e+00,1.527306407773654229e-04,2.360055599539764848e-04,0.000000000000000000e+00
0.000000000000000000e+00,0.000000000000000000e+00,-1.754810948806912038e-03,8.721026020367180105e-05,2.633815207830009567e-04,0.000000000000000000e+00
0.000000000000000000e+00,0.000000000000000000e+00,0.000000000000000000e+00,1.564388421742002322e-04,2.461867621804877948e-04,0.000000000000000000e+00
0.000000000000000000e+00,0.000000000000000000e+00,-1.785765697807059019e-03,1.804344466012983020e-04,3.187180617273541378e-04,0.000000000000000000e+00
0.000000000000000000e+00,0.000000000000000000e+00,0.000000000000000000e+00,1.603573120646517580e-04,2.569205366145035918e-04,0.000000000000000000e+00
0.000000000000000000e+00,0.000000000000000000e+00,-1.817379204052805295e-03,1.845185706702316621e-04,3.297098006156303483e-04,0.000000000000000000e+00
0.000000000000000000e+00,0.000000000000000000e+00,0.000000000000000000e+00,2.540086048005152364e-04,3.127782695817871161e-04,0.000000000000000000e+00
0.000000000000000000e+00,0.000000000000000000e+00,-1.849651110038784190e-03,1.888158046165804764e-04,3.412565583539043583e-04,0.000000000000000000e+00
0.000000000000000000e+00,0.000000000000000000e+00,0.000000000000000000e+00,2.583877082911190115e-04,3.245589198584281077e-04,0.000000000000000000e+00
0.000000000000000000e+00,0.000000000000000000e+00,0.000000000000000000e+00,2.832281367197708732e-04,3.976405864300203152e-04,0.000000000000000000e+00
0.000000000000000000e+00,0.000000000000000000e+00,0.000000000000000000e+00,2.630199212554362731e-04,3.368211414147351257e-04,0.000000000000000000e+00
0.000000000000000000e+00,0.000000000000000000e+00,-1.916168707832150743e-03,3.320631025288490806e-04,3.208290817116342722e-04,0.000000000000000000e+00
0.000000000000000000e+00,0.000000000000000000e+00,-1.821405674800022833e-03,3.570972086278790376e-04,3.943044652926011042e-04,0.000000000000000000e+00
0.000000000000000000e+00,0.000000000000000000e+00,0.000000000000000000e+00,3.372761937204815652e-04,3.336177048623295560e-04,0.000000000000000000e+00
0.000000000000000000e+00,0.000000000000000000e+00,-1.855979962987554938e-03,3.621842933241297834e-04,4.076327455753458767e-04,0.000000000000000000e+00
0.000000000000000000e+00,0.000000000000000000e+00,0.000000000000000000e+00,4.321604723925842606e-04,3.913708493576834035e-04,0.000000000000000000e+00
0.000000000000000000e+00,0.000000000000000000e+00,-1.891211263921656295e-03,3.674958931166225594e-04,4.215223810704782532e-04,0.000000000000000000e+00
0.000000000000000000e+00,0.000000000000000000e+00,0.000000000000000000e+00,4.375817197297404704e-04,4.054555448916863369e-04,0.000000000000000000e+00
0.000000000000000000e+00,0.000000000000000000e+00,0.000000000000000000e+00,4.632644238113936552e-04,4.795950526235645550e-04,0.000000000000000000e+00
0.000000000000000000e+00,0.000000000000000000e+00,0.000000000000000000e+00,4.432325484036159224e-04,4.201031583522599200e-04,0.000000000000000000e+00
0.000000000000000000e+00,0.000000000000000000e+00,-2.053445787689543896e-03,4.686214872118047120e-04,4.949167016635861501e-04,0.000000000000000000e+00
0.000000000000000000e+00,0.000000000000000000e+00,-1.960187574268631300e-03,5.384663762502576523e-04,4.796536649271402274e-04,0.000000000000000000e+00
0.000000000000000000e+00,0.000000000000000000e+00,0.000000000000000000e+00,4.751799705041692690e-04,5.099680090333222338e-04,0.000000000000000000e+00
0.000000000000000000e+00,0.000000000000000000e+00,-1.997764958902543270e-03,5.446083544306860001e-04,4.953462598715366403e-04,0.000000000000000000e+00
0.000000000000000000e+00,0.000000000000000000e+00,0.000000000000000000e+00,5.714506224714366311e-04,5.696832581477892510e-04,0.000000000000000000e+00
0.000000000000000000e+00,0.000000000000000000e+00,-2.125920101850299788e-03,5.509854323491693079e-04,5.115593474456151110e-04,0.000000000000000000e+00
0.000000000000000000e+00,0.000000000000000000e+00,0.000000000000000000e+00,5.780500493437479292e-04,5.861861639421261927e-04,0.000000000000000000e+00
0.000000000000000000e+00,0.000000000000000000e+00,-2.164855521548565438e-03,6.475855971297927701e-04,5.720049832268225311e-04,0.000000000000000000e+00
0.000000000000000000e+00,0.000000000000000000e+00,-2.072773055251727215e-03,5.841866216963884821e-04,6.038350604614797302e-04,0.000000000000000000e+00
0.000000000000000000e+00,0.000000000000000000e+00,0.000000000000000000e+00,6.551179117556538145e-04,5.886680514146924725e-04,0.000000000000000000e+00
0.000000000000000000e+00,0.000000000000000000e+00,-2.112692621817784545e-03,6.812936530462376621e-04,6.649702677594906573e-04,0.000000000000000000e+00
0.000000000000000000e+00,0.000000000000000000e+00,0.000000000000000000e+00,6.623002071163286431e-04,6.065203171315355912e-04,0.000000000000000000e+00
0.000000000000000000e+00,0.000000000000000000e+00,0.000000000000000000e+00,6.893758774610958540e-04,6.823626611827671162e-04,0.000000000000000000e+00
0.000000000000000000e+00,0.000000000000000000e+00,0.000000000000000000e+00,7.599105807581940653e-04,6.681749409789411454e-04,0.000000000000000000e+00
0.000000000000000000e+00,0.000000000000000000e+00,-2.284629541477052692e-03,6.962376889702817000e-04,7.017510356066583794e-04,0.000000000000000000e+00
0.000000000000000000e+00,0.000000000000000000e+00,-2.193723110720768778e-03,7.667889354043708411e-04,6.878859969070261725e-04,0.000000000000000000e+00
0.000000000000000000e+00,0.000000000000000000e+00,0.000000000000000000e+00,7.951373439802900123e-04,7.633881656326224618e-04,0.000000000000000000e+00
0.000000000000000000e+00,0.000000000000000000e+00,-2.326186737711217253e-03,7.316093598772172545e-04,7.975374686783175820e-04,0.000000000000000000e+00
0.000000000000000000e+00,0.000000000000000000e+00,-2.235797543046321324e-03,8.023419733933131450e-04,7.839851851328756734e-04,0.000000000000000000e+00
0.000000000000000000e+00,0.000000000000000000e+00,0.000000000000000000e+00,7.408350880937497607e-04,8.168843994195082447e-04,0.000000000000000000e+00
0.000000000000000000e+00,0.000000000000000000e+00,-2.369360868024408904e-03,8.107459345907761655e-04,8.042520925114315499e-04,0.000000000000000000e+00
0.000000000000000000e+00,0.000000000000000000e+00,0.000000000000000000e+00,8.398030976397574676e-04,8.803902399161928072e-04,0.000000000000000000e+00
0.000000000000000000e+00,0.000000000000000000e+00,-2.413347111216993662e-03,8.194073044802741880e-04,8.251681430756004510e-04,0.000000000000000000e+00
0.000000000000000000e+00,0.000000000000000000e+00,-2.323804845519088398e-03,8.475495721594377340e-04,9.024854142831369467e-04,0.000000000000000000e+00
0.000000000000000000e+00,0.000000000000000000e+00,0.000000000000000000e+00,9.197683190461658498e-04,8.884369897701610563e-04,0.000000000000000000e+00
0.000000000000000000e+00,0.000000000000000000e+00,-2.459165208619818604e-03,8.566810056765812543e-04,9.241706356552942259e-04,0.000000000000000000e+00
0.000000000000000000e+00,0.000000000000000000e+00,-2.460556293134766488e-03,9.278491588477911622e-04,9.113637489081927254e-04,0.000000000000000000e+00
0.000000000000000000e+00,0.000000000000000000e+00,0.000000000000000000e+00,9.577186372924373359e-04,9.880783556773520271e-04,0.000000000000000000e+00
0.000000000000000000e+00,0.000000000000000000e+00,-2.506597821649115231e-03,9.373494453689090429e-04,9.339257799162082761e-04,0.000000000000000000e+00
0.000000000000000000e+00,0.000000000000000000e+00,-2.508575810581741786e-03,9.661292427178758873e-04,1.011908234256943869e-03,0.000000000000000000e+00
0.000000000000000000e+00,0.000000000000000000e+00,0.000000000000000000e+00,1.038873165129960974e-03,9.983686480434170174e-04,0.000000000000000000e+00
0.000000000000000000e+00,0.000000000000000000e+00,-2.555644081936955629e-03,9.761068473946660695e-04,1.035322343546979254e-03,0.000000000000000000e+00
0.000000000000000000e+00,0.000000000000000000e+00,0.000000000000000000e+00,1.049064058388005094e-03,1.021829304378933656e-03,0.000000000000000000e+00
0.000000000000000000e+00,0.000000000000000000e+00,-2.603363603572812421e-03,9.863574825051139774e-04,1.059323071294400757e-03,0.000000000000000000e+00
0.000000000000000000e+00,0.000000000000000000e+00,-2.606303138348961112e-03,1.057981382650638544e-03,1.047342236409339955e-03,0.000000000000000000e+00
0.000000000000000000e+00,0.000000000000000000e+00,0.000000000000000000e+00,1.089019809181857035e-03,1.124708757833277339e-03,0.000000000000000000e+00
0.000000000000000000e+00,0.000000000000000000e+00,-2.655048425794051190e-03,1.068621593486121426e-03,1.072150932609094998e-03,0.000000000000000000e+00
0.000000000000000000e+00,0.000000000000000000e+00,-2.658574157252212040e-03,1.098258117055227016e-03,1.151150795871195859e-03,0.000000000000000000e+00
0.000000000000000000e+00,0.000000000000000000e+00,0.000000000000000000e+00,1.129824425441849911e-03,1.228828484285973688e-03,0.000000000000000000e+00
0.000000000000000000e+00,0.000000000000000000e+00,0.000000000000000000e+00,1.110983936269960282e-03,1.175315810975761932e-03,0.000000000000000000e+00
0.000000000000000000e+00,0.000000000000000000e+00,-2.712456322788727413e-03,1.139381706507350961e-03,1.256206580059966368e-03,0.000000000000000000e+00
0.000000000000000000e+00,0.000000000000000000e+00,0.000000000000000000e+00,1.122467184067721391e-03,1.201532734362013854e-03,0.000000000000000000e+00
0.000000000000000000e+00,0.000000000000000000e+00,0.000000000000000000e+00,1.152785439106907006e-03,1.281146471557324806e-03,0.000000000000000000e+00
0.000000000000000000e+00,0.000000000000000000e+00,-2.767948837145914331e-03,1.223206846509428212e-03,1.271691806679352580e-03,0.000000000000000000e+00
0.000000000000000000e+00,0.000000000000000000e+00,0.000000000000000000e+00,1.164777406542527594e-03,1.308225742473641262e-03,0.000000000000000000e+00
0.000000000000000000e+00,0.000000000000000000e+00,-2.910618162864166397e-03,1.235255361367359637e-03,1.298930301615187259e-03,0.000000000000000000e+00
0.000000000000000000e+00,0.000000000000000000e+00,-2.825050920827712215e-03,1.265903716529466917e-03,1.379186271819495425e-03,0.000000000000000000e+00
0.000000000000000000e+00,0.000000000000000000e+00,-2.830544908032219670e-03,1.247439536037783315e-03,1.326890285670830148e-03,0.000000000000000000e+00
0.000000000000000000e+00,0.000000000000000000e+00,0.000000000000000000e+00,1.280479464179418159e-03,1.405562398947027281e-03,0.000000000000000000e+00
0.000000000000000000e+00,0.000000000000000000e+00,-2.974701890275730041e-03,1.351033392362224706e-03,1.396861635430981597e-03,0.000000000000000000e+00
0.000000000000000000e+00,0.000000000000000000e+00,-2.980803970110499062e-03,1.291169452401896758e-03,1.435997226340236972e-03,0.000000000000000000e+00
0.000000000000000000e+00,0.000000000000000000e+00,0.000000000000000000e+00,1.366164022825966384e-03,1.423832844487576965e-03,0.000000000000000000e+00
-5.000026368424023682e-05,0.000000000000000000e+00,-3.035087385984608973e-03,1.304316064484724877e-03,1.465407884357754729e-03,3.660237276648714030e-08
-5.000066362498980870e-05,0.000000000000000000e+00,-3.041774262913546963e-03,1.335776777413718143e-03,1.546482211559711004e-03,3.862867878674120619e-08
0.000000000000000000e+00,0.000000000000000000e+00,0.000000000000000000e+00,1.411212710341613885e-03,1.534540703845316267e-03,0.000000000000000000e+00
0.000000000000000000e+00,0.000000000000000000e+00,0.000000000000000000e+00,1.351888799063338809e-03,1.574676412629691380e-03,0.000000000000000000e+00
0.000000000000000000e+00,0.000000000000000000e+00,-3.104351308531918315e-03,1.422480763767725118e-03,1.567121563108183442e-03,0.000000000000000000e+00
0.000000000000000000e+00,0.000000000000000000e+00,-3.111833651466523569e-03,1.363270436192974078e-03,1.607538659304378822e-03,0.000000000000000000e+00
0.000000000000000000e+00,0.000000000000000000e+00,0.000000000000000000e+00,1.439111306393292544e-03,1.595964672610805657e-03,0.000000000000000000e+00
0.000000000000000000e+00,0.000000000000000000e+00,0.000000000000000000e+00,1.471399849398924431e-03,1.677753426630311517e-03,0.000000000000000000e+00
0.000000000000000000e+00,0.000000000000000000e+00,-3.267787266539149121e-03,1.450854791845198905e-03,1.629706025368831898e-03,0.000000000000000000e+00
0.000000000000000000e+00,0.000000000000000000e+00,0.000000000000000000e+00,1.486240410790817812e-03,1.709479767632741953e-03,0.000000000000000000e+00
0.000000000000000000e+00,0.000000000000000000e+00,-3.325551872042685833e-03,1.556836104244023163e-03,1.702929442259864092e-03,0.000000000000000000e+00
0.000000000000000000e+00,0.000000000000000000e+00,-3.334225012844674665e-03,1.498192353445892966e-03,1.744416375748805703e-03,0.000000000000000000e+00
0.000000000000000000e+00,0.000000000000000000e+00,-3.343108857104307250e-03,1.571751153693487979e-03,1.735633969684186127e-03,0.000000000000000000e+00
0.000000000000000000e+00,0.000000000000000000e+00,0.000000000000000000e+00,1.516480966692990151e-03,1.775052366485452282e-03,0.000000000000000000e+00
0.000000000000000000e+00,0.000000000000000000e+00,-3.402266906890732360e-03,1.546455886198334082e-03,1.860411667467289304e-03,0.000000000000000000e+00
0.000000000000000000e+00,0.000000000000000000e+00,-3.411734447368263996e-03,1.620248276155374957e-03,1.851960415565301939e-03,0.000000000000000000e+00
0.000000000000000000e+00,0.000000000000000000e+00,-3.421412611025061688e-03,1.562103523869925103e-03,1.894365131628217942e-03,0.000000000000000000e+00
0.000000000000000000e+00,0.000000000000000000e+00,0.000000000000000000e+00,1.639484651973832641e-03,1.883442269034960037e-03,0.000000000000000000e+00
0.000000000000000000e+00,0.000000000000000000e+00,0.000000000000000000e+00,1.581609380606807669e-03,1.926316702502664513e-03,0.000000000000000000e+00
0.000000000000000000e+00,0.000000000000000000e+00,-3.583652375063460863e-03,1.652335796024832423e-03,1.920928238934671226e-03,0.000000000000000000e+00
0.000000000000000000e+00,0.000000000000000000e+00,-3.594146592410959584e-03,1.686039704323458351e-03,2.004488098493879301e-03,0.000000000000000000e+00
0.000000000000000000e+00,0.000000000000000000e+00,0.000000000000000000e+00,1.672515992694023623e-03,1.953427310185891497e-03,0.000000000000000000e+00
0.000000000000000000e+00,0.000000000000000000e+00,-3.656131092697523233e-03,1.702894799293779319e-03,2.040314621347335232e-03,0.000000000000000000e+00
0.000000000000000000e+00,0.000000000000000000e+00,-3.667208387902537274e-03,1.736987194395082012e-03,2.124278224527808949e-03,0.000000000000000000e+00
0.000000000000000000e+00,0.000000000000000000e+00,-3.678496116280446492e-03,1.719883502153412994e-03,2.076599751174259233e-03,0.000000000000000000e+00
0.000000000000000000e+00,0.000000000000000000e+00,-3.689994261067867671e-03,1.754210284743297488e-03,2.160838404477437649e-03,0.000000000000000000e+00
0.000000000000000000e+00,0.000000000000000000e+00,0.000000000000000000e+00,1.741354778275416848e-03,2.110398220267005465e-03,0.000000000000000000e+00
0.000000000000000000e+00,0.000000000000000000e+00,-3.753742162399313197e-03,1.771971683374653096e-03,2.198175161568130965e-03,0.000000000000000000e+00
0.000000000000000000e+00,0.000000000000000000e+00,-3.765823098740398844e-03,1.846704713676508743e-03,2.191174993692600152e-03,0.000000000000000000e+00
0.000000000000000000e+00,0.000000000000000000e+00,-3.778114381883931547e-03,1.789864312414467728e-03,2.235960017244555554e-03,0.000000000000000000e+00
0.000000000000000000e+00,0.000000000000000000e+00,-3.790615996042020781e-03,1.864736339259300641e-03,2.229196686877921423e-03,0.000000000000000000e+00
0.000000000000000000e+00,0.000000000000000000e+00,0.000000000000000000e+00,1.812671925624509406e-03,2.271049949733421058e-03,0.000000000000000000e+00
0.000000000000000000e+00,0.000000000000000000e+00,0.000000000000000000e+00,1.887692932855289385e-03,2.264365764305643902e-03,0.000000000000000000e+00
0.000000000000000000e+00,0.000000000000000000e+00,-3.960938832504284045e-03,1.918664568443297037e-03,2.353131028669532953e-03,0.000000000000000000e+00
0.000000000000000000e+00,0.000000000000000000e+00,-3.974254740973813538e-03,1.862358457567412284e-03,2.398847586286148928e-03,0.000000000000000000e+00
0.000000000000000000e+00,0.000000000000000000e+00,0.000000000000000000e+00,1.942660684233099566e-03,2.388932158031452369e-03,0.000000000000000000e+00
0.000000000000000000e+00,0.000000000000000000e+00,0.000000000000000000e+00,1.886662189330201578e-03,2.435131056312933584e-03,0.000000000000000000e+00
0.000000000000000000e+00,0.000000000000000000e+00,-4.055093197940641374e-03,1.957153812487569949e-03,2.432988445769905875e-03,0.000000000000000000e+00
0.000000000000000000e+00,0.000000000000000000e+00,-4.069201468388471826e-03,1.993109179066450323e-03,2.518981939249079986e-03,0.000000000000000000e+00
0.000000000000000000e+00,0.000000000000000000e+00,-4.083519889453733620e-03,1.976809304946646004e-03,2.473752976985849061e-03,0.000000000000000000e+00
0.000000000000000000e+00,0.000000000000000000e+00,0.000000000000000000e+00,2.018535185185132974e-03,2.556049999999913946e-03,0.000000000000000000e+00
0.000000000000000000e+00,0.000000000000000000e+00,-4.244117793262409261e-03,1.957721813934833969e-03,2.607064576551473313e-03,0.000000000000000000e+00
0.000000000000000000e+00,0.000000000000000000e+00,-4.259039358863716575e-03,2.033540808184167940e-03,2.601693238461110641e-03,0.000000000000000000e+00
0.000000000000000000e+00,0.000000000000000000e+00,-4.274170978398350064e-03,2.070152707800386894e-03,2.688374156850147773e-03,0.000000000000000000e+00
0.000000000000000000e+00,0.000000000000000000e+00,-4.289512638952336886e-03,2.054154274635778838e-03,2.643977161580169429e-03,0.000000000000000000e+00
0.000000000000000000e+00,0.000000000000000000e+00,-4.305064327810637081e-03,2.091014322255237666e-03,2.730938996424685846e-03,0.000000000000000000e+00
0.000000000000000000e+00,0.000000000000000000e+00,-4.320826032461946159e-03,2.075126641073668596e-03,2.686882078471598823e-03,0.000000000000000000e+00
0.000000000000000000e+00,0.000000000000000000e+00,0.000000000000000000e+00,2.118547845284757258e-03,2.769709380716203762e-03,0.000000000000000000e+00
0.000000000000000000e+00,0.000000000000000000e+00,0.000000000000000000e+00,2.156036407970796098e-03,2.856987152531451080e-03,0.000000000000000000e+00
0.000000000000000000e+00,0.000000000000000000e+00,-4.500478166581807840e-03,2.134119628811282417e-03,2.817945567680035443e-03,0.000000000000000000e+00
0.000000000000000000e+00,0.000000000000000000e+00,-4.517052241911577275e-03,2.171648464409517768e-03,2.905599944998610209e-03,0.000000000000000000e+00
0.000000000000000000e+00,0.000000000000000000e+00,-4.533836231192767477e-03,2.156074915498235392e-03,2.862379824599841065e-03,0.000000000000000000e+00
0.000000000000000000e+00,0.000000000000000000e+00,-4.550830123206341463e-03,2.193856790847957972e-03,2.950317125701787998e-03,0.000000000000000000e+00
0.000000000000000000e+00,0.000000000000000000e+00,-4.568033906939488777e-03,2.178399070096302594e-03,2.907438986052782864e-03,0.000000000000000000e+00
0.000000000000000000e+00,0.000000000000000000e+00,0.000000000000000000e+00,2.223425825523150934e-03,2.991078365941722550e-03,0.000000000000000000e+00
0.000000000000000000e+00,0.000000000000000000e+00,0.000000000000000000e+00,2.262051099325645964e-03,3.079005054017057430e-03,0.000000000000000000e+00
0.000000000000000000e+00,0.000000000000000000e+00,-4.659602097023898132e-03,2.239651902698337575e-03,3.041867196891780405e-03,0.000000000000000000e+00
0.000000000000000000e+00,0.000000000000000000e+00,-4.677596886304299061e-03,2.278112161933067755e-03,3.130507175259762687e-03,0.000000000000000000e+00
0.000000000000000000e+00,0.000000000000000000e+00,-4.695801512895822483e-03,2.262982589876510672e-03,3.088468188315567162e-03,0.000000000000000000e+00
0.000000000000000000e+00,0.000000000000000000e+00,-4.714215967126869807e-03,2.301700813125243193e-03,3.177393097187567600e-03,0.000000000000000000e+00
0.000000000000000000e+00,0.000000000000000000e+00,-4.732840239540756465e-03,2.379011583671985196e-03,3.174126609023919608e-03,0.000000000000000000e+00
0.000000000000000000e+00,0.000000000000000000e+00,-4.751674320900465057e-03,2.325669775617097285e-03,3.224908399654575781e-03,0.000000000000000000e+00
0.000000000000000000e+00,0.000000000000000000e+00,-4.770718202185292994e-03,2.364812005659654593e-03,3.314247096366098894e-03,0.000000000000000000e+00
0.000000000000000000e+00,0.000000000000000000e+00,0.000000000000000000e+00,2.358194260549839605e-03,3.267625813527602618e-03,0.000000000000000000e+00
0.000000000000000000e+00,0.000000000000000000e+00,0.000000000000000000e+00,2.398071454076333708e-03,3.356790362513205339e-03,0.000000000000000000e+00
0.000000000000000000e+00,0.000000000000000000e+00,-4.959760010348574985e-03,2.375106286704455408e-03,3.321858210854602891e-03,0.000000000000000000e+00
0.000000000000000000e+00,0.000000000000000000e+00,-4.979614758795988111e-03,2.414781052610169218e-03,3.411772743421537420e-03,0.000000000000000000e+00
0.000000000000000000e+00,0.000000000000000000e+00,-4.999679224005974289e-03,2.492703511981100937e-03,3.409351113140153631e-03,0.000000000000000000e+00
0.000000000000000000e+00,0.000000000000000000e+00,-5.019953398351813083e-03,2.440177454876421223e-03,3.461471808319975876e-03,0.000000000000000000e+00
0.000000000000000000e+00,0.000000000000000000e+00,-5.040437274434093548e-03,2.387779007388391578e-03,3.513819828157782859e-03,0.000000000000000000e+00
0.000000000000000000e+00,0.000000000000000000e+00,-5.061130845078606541e-03,2.280918422968440055e-03,3.435936587868150972e-03,0.000000000000000000e+00
0.000000000000000000e+00,0.000000000000000000e+00,-5.082034103340871481e-03,2.321251672163173515e-03,3.526654173110765032e-03,0.000000000000000000e+00
0.000000000000000000e+00,0.000000000000000000e+00,-5.103147042504204735e-03,2.307025548260719251e-03,3.487101272375753291e-03,0.000000000000000000e+00
0.000000000000000000e+00,0.000000000000000000e+00,-5.124469656082755384e-03,2.162459564186286487e-03,3.502532909676812217e-03,0.000000000000000000e+00
0.000000000000000000e+00,0.000000000000000000e+00,-5.146001937821539050e-03,2.148325275521200447e-03,3.463425483768315782e-03,0.000000000000000000e+00
0.000000000000000000e+00,0.000000000000000000e+00,-5.167743881697068470e-03,2.003910339641941114e-03,3.479440165240798351e-03,0.000000000000000000e+00
0.000000000000000000e+00,0.000000000000000000e+00,-5.189695481919919147e-03,1.952228835905224892e-03,3.533421401261041019e-03,0.000000000000000000e+00
0.000000000000000000e+00,0.000000000000000000e+00,-5.211856732934063222e-03,1.938269453347202936e-03,3.494968413543964904e-03,0.000000000000000000e+00
0.000000000000000000e+00,0.000000000000000000e+00,-5.234227629419304154e-03,1.794118184632370735e-03,3.511843792034896172e-03,0.000000000000000000e+00
0.000000000000000000e+00,0.000000000000000000e+00,-5.256808166291850916e-03,1.780254409681679634e-03,3.473837390294443918e-03,0.000000000000000000e+00
0.000000000000000000e+00,0.000000000000000000e+00,-5.279598338703574666e-03,1.636257892106611576e-03,3.491296792434157858e-03,0.000000000000000000e+00
0.000000000000000000e+00,0.000000000000000000e+00,-5.302598142046577138e-03,1.622491244081034675e-03,3.453737415833723918e-03,0.000000000000000000e+00
0.000000000000000000e+00,0.000000000000000000e+00,-5.325807571951987618e-03,1.571411955664501515e-03,3.509128417801653330e-03,0.000000000000000000e+00
0.000000000000000000e+00,0.000000000000000000e+00,-5.349226624289352312e-03,1.464982970050145552e-03,3.434669314589777409e-03,0.000000000000000000e+00
0.000000000000000000e+00,0.000000000000000000e+00,-5.372855295172284350e-03,1.414100809942699447e-03,3.490547402742045103e-03,0.000000000000000000e+00
0.000000000000000000e+00,0.000000000000000000e+00,-5.396693580954445291e-03,1.307732606807483636e-03,3.416633908349269149e-03,0.000000000000000000e+00
0.000000000000000000e+00,0.000000000000000000e+00,-5.420741478234123931e-03,1.257049060918071686e-03,3.472999507562297365e-03,0.000000000000000000e+00
0.000000000000000000e+00,0.000000000000000000e+00,-5.444998983854487835e-03,1.243602625503558573e-03,3.436735008778990345e-03,0.000000000000000000e+00
0.000000000000000000e+00,0.000000000000000000e+00,-5.376618468857277330e-03,1.100139255022978407e-03,3.456663848057217343e-03,0.000000000000000000e+00
0.000000000000000000e+00,0.000000000000000000e+00,0.000000000000000000e+00,1.096030295929750764e-03,3.417894366995924416e-03,0.000000000000000000e+00
0.000000000000000000e+00,0.000000000000000000e+00,-5.519029122865319430e-03,1.036654359659330447e-03,3.477962942862520071e-03,0.000000000000000000e+00
0.000000000000000000e+00,0.000000000000000000e+00,-5.544125035193554242e-03,9.304974252406409503e-04,3.405639856982451384e-03,0.000000000000000000e+00
0.000000000000000000e+00,0.000000000000000000e+00,-5.569430543775445025e-03,8.804383396539423303e-04,3.463421758615125093e-03,0.000000000000000000e+00
0.000000000000000000e+00,0.000000000000000000e+00,0.000000000000000000e+00,8.766254798302508533e-04,3.426218811132371311e-03,0.000000000000000000e+00
0.000000000000000000e+00,0.000000000000000000e+00,-5.620670343272244317e-03,7.612553975966526113e-04,3.356919813720082076e-03,0.000000000000000000e+00
0.000000000000000000e+00,0.000000000000000000e+00,-5.646604631603455680e-03,7.114892111122747336e-04,3.415401499560190290e-03,0.000000000000000000e+00
0.000000000000000000e+00,0.000000000000000000e+00,-5.672748511022752786e-03,6.985245343945010446e-04,3.381077024871865979e-03,0.000000000000000000e+00
0.000000000000000000e+00,0.000000000000000000e+00,0.000000000000000000e+00,5.653274183389234153e-04,3.401958268015224662e-03,0.000000000000000000e+00
0.000000000000000000e+00,0.000000000000000000e+00,-5.725665040748923774e-03,5.430741635381371862e-04,3.369510770841455810e-03,0.000000000000000000e+00
0.000000000000000000e+00,0.000000000000000000e+00,-5.752437690508181885e-03,4.937428193276480757e-04,3.428923896884959917e-03,0.000000000000000000e+00
0.000000000000000000e+00,0.000000000000000000e+00,0.000000000000000000e+00,3.976088263460964001e-04,3.357843772460851473e-03,0.000000000000000000e+00
0.000000000000000000e+00,0.000000000000000000e+00,0.000000000000000000e+00,3.848571730636907162e-04,3.324644439003300589e-03,0.000000000000000000e+00
0.000000000000000000e+00,0.000000000000000000e+00,0.000000000000000000e+00,3.360478383129805735e-04,3.384896997273435792e-03,0.000000000000000000e+00
0.000000000000000000e+00,0.000000000000000000e+00,-5.954759736422655936e-03,3.137512308441408118e-04,3.352904534654917428e-03,0.000000000000000000e+00
0.000000000000000000e+00,0.000000000000000000e+00,0.000000000000000000e+00,1.815577011508029415e-04,3.376798268041721063e-03,0.000000000000000000e+00
0.000000000000000000e+00,0.000000000000000000e+00,-6.010647952761476523e-03,1.593124055330234442e-04,3.344820147872277875e-03,0.000000000000000000e+00
0.000000000000000000e+00,0.000000000000000000e+00,0.000000000000000000e+00,1.569050871081945076e-04,3.312175027101585401e-03,0.000000000000000000e+00
0.000000000000000000e+00,0.000000000000000000e+00,0.000000000000000000e+00,1.529079783313402885e-05,3.337741305285982230e-03,0.000000000000000000e+00
0.000000000000000000e+00,0.000000000000000000e+00,0.000000000000000000e+00,2.951213063262514424e-06,3.306050176964565879e-03,0.000000000000000000e+00
0.000000000000000000e+00,0.000000000000000000e+00,-6.218188638161738224e-03,-5.523789501892882971e-05,3.367685574413313825e-03,0.000000000000000000e+00
0.000000000000000000e+00,0.000000000000000000e+00,0.000000000000000000e+00,-2.159225353226545963e-05,3.243246174371355872e-03,0.000000000000000000e+00
0.000000000000000000e+00,0.000000000000000000e+00,0.000000000000000000e+00,-1.269340305648514189e-04,3.176392227555634162e-03,0.000000000000000000e+00
0.000000000000000000e+00,0.000000000000000000e+00,0.000000000000000000e+00,-1.746932193089634211e-04,3.238985054948025077e-03,0.000000000000000000e+00
0.000000000000000000e+00,0.000000000000000000e+00,-6.429232042417058583e-03,-1.967817745054135914e-04,3.207624050520681454e-03,0.000000000000000000e+00
0.000000000000000000e+00,0.000000000000000000e+00,0.000000000000000000e+00,-1.633310676868449107e-04,3.084370335914313199e-03,0.000000000000000000e+00
0.000000000000000000e+00,0.000000000000000000e+00,0.000000000000000000e+00,-3.040171330992436083e-04,3.112091229917124391e-03,0.000000000000000000e+00
0.000000000000000000e+00,0.000000000000000000e+00,0.000000000000000000e+00,-3.159794254931069801e-04,3.082069782700466720e-03,0.000000000000000000e+00
0.000000000000000000e+00,0.000000000000000000e+00,0.000000000000000000e+00,-3.278933915693560408e-04,3.052241959040663533e-03,0.000000000000000000e+00
0.000000000000000000e+00,0.000000000000000000e+00,0.000000000000000000e+00,-3.747238254654394751e-04,3.116113071451133421e-03,0.000000000000000000e+00
0.000000000000000000e+00,0.000000000000000000e+00,0.000000000000000000e+00,-4.800922345179481354e-04,3.051485145945068145e-03,0.000000000000000000e+00
0.000000000000000000e+00,0.000000000000000000e+00,-6.830345890685577195e-03,-5.018504808319598342e-04,3.020560551961718344e-03,0.000000000000000000e+00
0.000000000000000000e+00,0.000000000000000000e+00,-6.732813941298633476e-03,-5.490768750465445684e-04,3.084838242293686753e-03,0.000000000000000000e+00
0.000000000000000000e+00,0.000000000000000000e+00,-6.764528262695107541e-03,-5.606147659001884005e-04,3.056027067471282256e-03,0.000000000000000000e+00
0.000000000000000000e+00,0.000000000000000000e+00,-6.796452090720685006e-03,-6.303244655579551747e-04,2.898531084649413544e-03,0.000000000000000000e+00
0.000000000000000000e+00,0.000000000000000000e+00,0.000000000000000000e+00,-6.672853850805404718e-04,2.966037199515277056e-03,0.000000000000000000e+00
0.000000000000000000e+00,0.000000000000000000e+00,-6.860928293116124767e-03,-6.885126052587636379e-04,2.935526891387721382e-03,0.000000000000000000e+00
0.000000000000000000e+00,0.000000000000000000e+00,-6.764622224678871511e-03,-7.000102372060597409e-04,2.907324705655825632e-03,0.000000000000000000e+00
0.000000000000000000e+00,0.000000000000000000e+00,-6.797414823879327495e-03,-8.400674768820710556e-04,2.938016823561704835e-03,0.000000000000000000e+00
0.000000000000000000e+00,0.000000000000000000e+00,-6.830417002771353545e-03,-8.512834714442970001e-04,2.910488681425637408e-03,0.000000000000000000e+00
0.000000000000000000e+00,0.000000000000000000e+00,0.000000000000000000e+00,-8.528454399965301747e-04,2.886112597901044352e-03,0.000000000000000000e+00
0.000000000000000000e+00,0.000000000000000000e+00,-6.897050131521158603e-03,-8.735557754525732823e-04,2.856016606815601523e-03,0.000000000000000000e+00
0.000000000000000000e+00,0.000000000000000000e+00,-6.801971395792107827e-03,-9.196890447450882869e-04,2.922540419648911487e-03,0.000000000000000000e+00
0.000000000000000000e+00,0.000000000000000000e+00,-6.835842834269374030e-03,-9.894502772875932856e-04,2.767200029243751126e-03,0.000000000000000000e+00
0.000000000000000000e+00,0.000000000000000000e+00,0.000000000000000000e+00,-9.912835840031331003e-04,2.744112115155059040e-03,0.000000000000000000e+00
0.000000000000000000e+00,0.000000000000000000e+00,-6.904214698298768299e-03,-1.046126221166750582e-03,2.808136930185324304e-03,0.000000000000000000e+00
0.000000000000000000e+00,0.000000000000000000e+00,-6.810124079477170370e-03,-1.022286496559819810e-03,2.688047024124349919e-03,0.000000000000000000e+00
0.000000000000000000e+00,0.000000000000000000e+00,-6.844865214828193753e-03,-9.983698387754252369e-04,2.568347401029353726e-03,0.000000000000000000e+00
0.000000000000000000e+00,0.000000000000000000e+00,-6.879816085251972552e-03,-1.102957878582102149e-03,2.507942794866034088e-03,0.000000000000000000e+00
0.000000000000000000e+00,0.000000000000000000e+00,-6.786473724717410547e-03,-1.148418138109621837e-03,2.576038878516938128e-03,0.000000000000000000e+00
0.000000000000000000e+00,0.000000000000000000e+00,-6.821875205994093992e-03,-1.159059678809041573e-03,2.550757242717508703e-03,0.000000000000000000e+00
0.000000000000000000e+00,0.000000000000000000e+00,0.000000000000000000e+00,-1.161252078667351917e-03,2.529639534076658092e-03,0.000000000000000000e+00
0.000000000000000000e+00,0.000000000000000000e+00,-6.893307591341329629e-03,-1.180169710708986680e-03,2.500781820420515476e-03,0.000000000000000000e+00
0.000000000000000000e+00,0.000000000000000000e+00,-6.800955148622468520e-03,-1.319037389188837308e-03,2.535317795977120193e-03,0.000000000000000000e+00
0.000000000000000000e+00,0.000000000000000000e+00,-6.837227165324263368e-03,-1.329415280006951460e-03,2.510888918476202828e-03,0.000000000000000000e+00
0.000000000000000000e+00,0.000000000000000000e+00,0.000000000000000000e+00,-1.331456754329218839e-03,2.491200800410021954e-03,0.000000000000000000e+00
0.000000000000000000e+00,0.000000000000000000e+00,0.000000000000000000e+00,-1.341473587824548730e-03,2.467265186134937061e-03,0.000000000000000000e+00
0.000000000000000000e+00,0.000000000000000000e+00,-6.912957935021005890e-03,-1.360105128705122639e-03,2.438528566688116274e-03,0.000000000000000000e+00
0.000000000000000000e+00,0.000000000000000000e+00,-6.856182407237389372e-03,-1.404594983580298266e-03,2.508878385447737506e-03,0.000000000000000000e+00
0.000000000000000000e+00,0.000000000000000000e+00,0.000000000000000000e+00,-1.500154539345599503e-03,2.456488684384236509e-03,0.000000000000000000e+00
0.000000000000000000e+00,0.000000000000000000e+00,0.000000000000000000e+00,-1.510174453408841266e-03,2.433370785437684314e-03,0.000000000000000000e+00
0.000000000000000000e+00,0.000000000000000000e+00,-6.934715819120878047e-03,-1.528421677651809309e-03,2.404891746555666825e-03,0.000000000000000000e+00
0.000000000000000000e+00,0.000000000000000000e+00,-6.972747261977012626e-03,-1.538282446843095052e-03,2.382107019678360998e-03,0.000000000000000000e+00
0.000000000000000000e+00,0.000000000000000000e+00,0.000000000000000000e+00,-1.573701333456689611e-03,2.459041421484828294e-03,0.000000000000000000e+00
0.000000000000000000e+00,0.000000000000000000e+00,0.000000000000000000e+00,-1.583135643502431300e-03,2.436800764137880826e-03,0.000000000000000000e+00
0.000000000000000000e+00,0.000000000000000000e+00,-7.054137799850076183e-03,-1.601231151264897144e-03,2.408783807990494234e-03,0.000000000000000000e+00
0.000000000000000000e+00,0.000000000000000000e+00,-6.998984279566690739e-03,-1.705069129161205631e-03,2.353004108016969621e-03,0.000000000000000000e+00
0.000000000000000000e+00,0.000000000000000000e+00,0.000000000000000000e+00,-1.706364837184226602e-03,2.337289115230595238e-03,0.000000000000000000e+00
0.000000000000000000e+00,0.000000000000000000e+00,-7.043597848881147198e-03,-1.757619345691412106e-03,2.403638900691283317e-03,0.000000000000000000e+00
0.000000000000000000e+00,0.000000000000000000e+00,-6.989055985548808456e-03,-1.767125532826083201e-03,2.382322282848672521e-03,0.000000000000000000e+00
0.000000000000000000e+00,0.000000000000000000e+00,0.000000000000000000e+00,-1.768081491595685506e-03,2.367429998153050552e-03,0.000000000000000000e+00
0.000000000000000000e+00,0.000000000000000000e+00,-7.035134732147249256e-03,-1.785467371507920347e-03,2.340038696260785152e-03,0.000000000000000000e+00
0.000000000000000000e+00,0.000000000000000000e+00,-7.075379313745974209e-03,-1.794603019164502100e-03,2.319320930426779174e-03,0.000000000000000000e+00
0.000000000000000000e+00,0.000000000000000000e+00,0.000000000000000000e+00,-1.795754973842433877e-03,2.305106304495131708e-03,0.000000000000000000e+00
0.000000000000000000e+00,0.000000000000000000e+00,-7.028749819788182585e-03,-1.940382668212066019e-03,2.339037062621751942e-03,0.000000000000000000e+00
0.000000000000000000e+00,0.000000000000000000e+00,-7.069657204543735272e-03,-1.949286894849434730e-03,2.318982444628692619e-03,0.000000000000000000e+00
0.000000000000000000e+00,0.000000000000000000e+00,0.000000000000000000e+00,-1.950214612525869029e-03,2.305960907608518851e-03,0.000000000000000000e+00
0.000000000000000000e+00,0.000000000000000000e+00,-7.024444500628210242e-03,-1.966915358416268522e-03,2.279203790628051354e-03,0.000000000000000000e+00
0.000000000000000000e+00,0.000000000000000000e+00,-7.066015058710608567e-03,-1.975613011098625686e-03,2.259745732903542612e-03,0.000000000000000000e+00
0.000000000000000000e+00,0.000000000000000000e+00,-6.980196582009301140e-03,-1.984261577670206559e-03,2.240222412445908636e-03,0.000000000000000000e+00
0.000000000000000000e+00,0.000000000000000000e+00,-7.022220182369259475e-03,-1.992818824816338860e-03,2.221162760431504273e-03,0.000000000000000000e+00
0.000000000000000000e+00,0.000000000000000000e+00,0.000000000000000000e+00,-2.026564623647364449e-03,2.303716985325998667e-03,0.000000000000000000e+00
0.000000000000000000e+00,0.000000000000000000e+00,-6.979390852476771712e-03,-2.042797207904868510e-03,2.277753679683566790e-03,0.000000000000000000e+00
0.000000000000000000e+00,0.000000000000000000e+00,-7.022078291785302691e-03,-2.145488695710522694e-03,2.226299932328792888e-03,0.000000000000000000e+00
0.000000000000000000e+00,0.000000000000000000e+00,-6.937527621483412232e-03,-2.153740291199846696e-03,2.207831759343105698e-03,0.000000000000000000e+00
0.000000000000000000e+00,0.000000000000000000e+00,0.000000000000000000e+00,-2.154529071983324329e-03,2.197232957507858075e-03,0.000000000000000000e+00
0.000000000000000000e+00,0.000000000000000000e+00,-7.024020274914891809e-03,-2.170011604569032325e-03,2.172041913487104525e-03,0.000000000000000000e+00
0.000000000000000000e+00,0.000000000000000000e+00,-6.940225797441508179e-03,-2.178040123525802445e-03,2.154174563193230786e-03,0.000000000000000000e+00
0.000000000000000000e+00,0.000000000000000000e+00,0.000000000000000000e+00,-2.178787003504378816e-03,2.144259116445550173e-03,0.000000000000000000e+00
0.000000000000000000e+00,0.000000000000000000e+00,-6.900750420328315322e-03,-2.226606406987963627e-03,2.213801124487878823e-03,0.000000000000000000e+00
0.000000000000000000e+00,0.000000000000000000e+00,-6.945009994939422768e-03,-2.234362774206786074e-03,2.196825918244107827e-03,0.000000000000000000e+00
0.000000000000000000e+00,0.000000000000000000e+00,-6.862243040771735456e-03,-2.242043295869795231e-03,2.179772845181176307e-03,0.000000000000000000e+00
0.000000000000000000e+00,0.000000000000000000e+00,-6.906956903079892671e-03,-2.249649491525628625e-03,2.163198469705132285e-03,0.000000000000000000e+00
0.000000000000000000e+00,0.000000000000000000e+00,-6.824704225994098448e-03,-2.224622736875690992e-03,2.051997702326019673e-03,0.000000000000000000e+00
0.000000000000000000e+00,0.000000000000000000e+00,0.000000000000000000e+00,-2.193189609904000470e-03,1.948631368082709425e-03,0.000000000000000000e+00
0.000000000000000000e+00,0.000000000000000000e+00,0.000000000000000000e+00,-2.168533552714735357e-03,1.837994222724639859e-03,0.000000000000000000e+00
0.000000000000000000e+00,0.000000000000000000e+00,-6.833757661147852810e-03,-2.149647172644751983e-03,1.719953998127832532e-03,0.000000000000000000e+00
0.000000000000000000e+00,0.000000000000000000e+00,-6.879591878746869546e-03,-2.251682050771004230e-03,1.671939795959341514e-03,0.000000000000000000e+00
0.000000000000000000e+00,0.000000000000000000e+00,-6.798612659219059433e-03,-2.259002760542609765e-03,1.656293053152476649e-03,0.000000000000000000e+00
0.000000000000000000e+00,0.000000000000000000e+00,0.000000000000000000e+00,-2.260875854422361719e-03,1.648676441522112235e-03,0.000000000000000000e+00
0.000000000000000000e+00,0.000000000000000000e+00,-6.764438174318728077e-03,-2.305672732726116256e-03,1.720512872110991276e-03,0.000000000000000000e+00
0.000000000000000000e+00,0.000000000000000000e+00,-6.811182727588044328e-03,-2.312746210879668834e-03,1.705736464742645857e-03,0.000000000000000000e+00
0.000000000000000000e+00,0.000000000000000000e+00,-6.731234788911988690e-03,-2.319701553720396325e-03,1.690908153525964592e-03,0.000000000000000000e+00
0.000000000000000000e+00,0.000000000000000000e+00,0.000000000000000000e+00,-2.321149243006859209e-03,1.684240765154346176e-03,0.000000000000000000e+00
0.000000000000000000e+00,0.000000000000000000e+00,-6.699003088861900726e-03,-2.333407919711611572e-03,1.662110526100844376e-03,0.000000000000000000e+00
0.000000000000000000e+00,0.000000000000000000e+00,-6.746658912804224563e-03,-2.340161145692519137e-03,1.648140582697465778e-03,0.000000000000000000e+00
0.000000000000000000e+00,0.000000000000000000e+00,-6.667743663455039452e-03,-2.346788594911752932e-03,1.634120758399022592e-03,0.000000000000000000e+00
0.000000000000000000e+00,0.000000000000000000e+00,0.000000000000000000e+00,-2.348148512768877261e-03,1.628273579408805183e-03,0.000000000000000000e+00
0.000000000000000000e+00,0.000000000000000000e+00,-6.637457105419883145e-03,-2.359840338592389137e-03,1.606939616137716305e-03,0.000000000000000000e+00
0.000000000000000000e+00,0.000000000000000000e+00,0.000000000000000000e+00,-2.361147444786326766e-03,1.601502650317151999e-03,0.000000000000000000e+00
0.000000000000000000e+00,0.000000000000000000e+00,-6.608144010951929291e-03,-2.372559905089819277e-03,1.580567862204545560e-03,0.000000000000000000e+00
0.000000000000000000e+00,0.000000000000000000e+00,-6.657168528244845201e-03,-2.378820335160457787e-03,1.567810569498132890e-03,0.000000000000000000e+00
0.000000000000000000e+00,0.000000000000000000e+00,-6.579804979737999791e-03,-2.384944043810779610e-03,1.555006256675796773e-03,0.000000000000000000e+00
0.000000000000000000e+00,0.000000000000000000e+00,0.000000000000000000e+00,-2.386128023438627288e-03,1.550390047763909596e-03,0.000000000000000000e+00
0.000000000000000000e+00,0.000000000000000000e+00,-6.552440614975443486e-03,-2.396989499239571535e-03,1.530255556828809954e-03,0.000000000000000000e+00
0.000000000000000000e+00,0.000000000000000000e+00,0.000000000000000000e+00,-2.429343296594055346e-03,1.621049934723346742e-03,0.000000000000000000e+00
0.000000000000000000e+00,0.000000000000000000e+00,-6.526051523395908806e-03,-2.503600899969696345e-03,1.474816607778613349e-03,0.000000000000000000e+00
0.000000000000000000e+00,0.000000000000000000e+00,-6.576446926490378889e-03,-2.509372943151919142e-03,1.463323021420959071e-03,0.000000000000000000e+00
0.000000000000000000e+00,0.000000000000000000e+00,-6.500638315291069717e-03,-2.514989893971742579e-03,1.451781088587095420e-03,0.000000000000000000e+00
0.000000000000000000e+00,0.000000000000000000e+00,-6.425103210939337763e-03,-2.520518488074296494e-03,1.440442759443042635e-03,0.000000000000000000e+00
0.000000000000000000e+00,0.000000000000000000e+00,0.000000000000000000e+00,-2.521598569305782966e-03,1.437533078785795115e-03,0.000000000000000000e+00
0.000000000000000000e+00,0.000000000000000000e+00,-6.401185748010853119e-03,-2.531382302263298148e-03,1.418627504743874080e-03,0.000000000000000000e+00
0.000000000000000000e+00,0.000000000000000000e+00,-6.452742008587724308e-03,-2.536719116407666706e-03,1.408150142215515779e-03,0.000000000000000000e+00
0.000000000000000000e+00,0.000000000000000000e+00,-6.378245766350176295e-03,-2.541892741589401022e-03,1.397626471714890142e-03,0.000000000000000000e+00
0.000000000000000000e+00,0.000000000000000000e+00,0.000000000000000000e+00,-2.542785238488720623e-03,1.395536879881302539e-03,0.000000000000000000e+00
0.000000000000000000e+00,0.000000000000000000e+00,-6.356283888633521700e-03,-2.552046523858631909e-03,1.377440402382192194e-03,0.000000000000000000e+00
0.000000000000000000e+00,0.000000000000000000e+00,-6.282581882073352483e-03,-2.556949166646613810e-03,1.367528808740077744e-03,0.000000000000000000e+00
0.000000000000000000e+00,0.000000000000000000e+00,0.000000000000000000e+00,-2.557729886995541158e-03,1.365974477582930502e-03,0.000000000000000000e+00
0.000000000000000000e+00,0.000000000000000000e+00,-6.262119297895845163e-03,-2.566560719769970470e-03,1.348566840021234907e-03,0.000000000000000000e+00
0.000000000000000000e+00,0.000000000000000000e+00,0.000000000000000000e+00,-2.567231035872530320e-03,1.347423218744349394e-03,0.000000000000000000e+00
0.000000000000000000e+00,0.000000000000000000e+00,-6.242636445909093695e-03,-2.575807425929752675e-03,1.330421666181211575e-03,0.000000000000000000e+00
0.000000000000000000e+00,0.000000000000000000e+00,0.000000000000000000e+00,-2.545832121826796524e-03,1.234459109104475705e-03,0.000000000000000000e+00
0.000000000000000000e+00,0.000000000000000000e+00,-6.224133961442451443e-03,-2.553909691177433470e-03,1.217949183080380138e-03,0.000000000000000000e+00
0.000000000000000000e+00,0.000000000000000000e+00,0.000000000000000000e+00,-2.554679889967825801e-03,1.217512894647450328e-03,0.000000000000000000e+00
0.000000000000000000e+00,0.000000000000000000e+00,-6.206612483563229629e-03,-2.562507541714885081e-03,1.201409246187908671e-03,0.000000000000000000e+00
0.000000000000000000e+00,0.000000000000000000e+00,-6.135270189528933306e-03,-2.566620107302359198e-03,1.193327128440963046e-03,0.000000000000000000e+00
0.000000000000000000e+00,0.000000000000000000e+00,-6.190072655093817322e-03,-2.570730587235255452e-03,1.185688310619397454e-03,0.000000000000000000e+00
0.000000000000000000e+00,0.000000000000000000e+00,-6.119252636072728714e-03,-2.574653596053496155e-03,1.178016183016475068e-03,0.000000000000000000e+00
0.000000000000000000e+00,0.000000000000000000e+00,-6.048708172226938302e-03,-2.578480786986500455e-03,1.170549285805717963e-03,0.000000000000000000e+00
0.000000000000000000e+00,0.000000000000000000e+00,0.000000000000000000e+00,-2.578929596270596036e-03,1.171189028178525049e-03,0.000000000000000000e+00
0.000000000000000000e+00,0.000000000000000000e+00,-6.034196163492756143e-03,-2.585942565710618469e-03,1.156468921678252505e-03,0.000000000000000000e+00
0.000000000000000000e+00,0.000000000000000000e+00,0.000000000000000000e+00,-2.586248828751358531e-03,1.157521782243542408e-03,0.000000000000000000e+00
0.000000000000000000e+00,0.000000000000000000e+00,-6.020667863478980537e-03,-2.593019659530728868e-03,1.143209699734391372e-03,0.000000000000000000e+00
0.000000000000000000e+00,0.000000000000000000e+00,-5.951445626949292481e-03,-2.596363494121333229e-03,1.136769806988231378e-03,0.000000000000000000e+00
0.000000000000000000e+00,0.000000000000000000e+00,0.000000000000000000e+00,-2.596482589319659695e-03,1.138361585592086167e-03,0.000000000000000000e+00
0.000000000000000000e+00,0.000000000000000000e+00,-5.939425544689003016e-03,-2.602856558953683865e-03,1.124743808374215536e-03,0.000000000000000000e+00
0.000000000000000000e+00,0.000000000000000000e+00,-5.871003603782678007e-03,-2.575755353359284860e-03,1.023579127328641709e-03,0.000000000000000000e+00
0.000000000000000000e+00,0.000000000000000000e+00,0.000000000000000000e+00,-2.575995349846538218e-03,1.025602364694004620e-03,0.000000000000000000e+00
0.000000000000000000e+00,0.000000000000000000e+00,-5.860493390149426260e-03,-2.581747413251428858e-03,1.012757495999227564e-03,0.000000000000000000e+00
0.000000000000000000e+00,0.000000000000000000e+00,0.000000000000000000e+00,-2.581824424160328313e-03,1.015195734813907624e-03,0.000000000000000000e+00
0.000000000000000000e+00,0.000000000000000000e+00,-5.850969644943540549e-03,-2.587341478109835523e-03,1.002759848512710383e-03,0.000000000000000000e+00
0.000000000000000000e+00,0.000000000000000000e+00,-5.783874005091049590e-03,-2.589934017371127006e-03,9.979564748604226147e-04,0.000000000000000000e+00
0.000000000000000000e+00,0.000000000000000000e+00,0.000000000000000000e+00,-2.589789256919328153e-03,1.000936849972315634e-03,0.000000000000000000e+00
0.000000000000000000e+00,0.000000000000000000e+00,-5.775862854094490975e-03,-2.594924206103826902e-03,9.891962452080937593e-04,0.000000000000000000e+00
0.000000000000000000e+00,0.000000000000000000e+00,-5.709570011364525390e-03,-2.597212050829879153e-03,9.850121434937563272e-04,0.000000000000000000e+00
0.000000000000000000e+00,0.000000000000000000e+00,0.000000000000000000e+00,-2.596834286772042866e-03,9.885353629240575812e-04,0.000000000000000000e+00
0.000000000000000000e+00,0.000000000000000000e+00,-5.703073136776501927e-03,-2.571888492213650953e-03,8.820050530284061522e-04,0.000000000000000000e+00
0.000000000000000000e+00,0.000000000000000000e+00,-5.637584047597101779e-03,-2.544251768584050982e-03,7.829329771966975476e-04,0.000000000000000000e+00
0.000000000000000000e+00,0.000000000000000000e+00,0.000000000000000000e+00,-2.544248685770855722e-03,7.867936484972012923e-04,0.000000000000000000e+00
0.000000000000000000e+00,0.000000000000000000e+00,-5.632603143417874714e-03,-2.548192207462172780e-03,7.765915451840277837e-04,0.000000000000000000e+00
0.000000000000000000e+00,0.000000000000000000e+00,-5.567918769341248519e-03,-2.520419762219869124e-03,6.780877753840846992e-04,0.000000000000000000e+00
0.000000000000000000e+00,0.000000000000000000e+00,0.000000000000000000e+00,-2.424821591518466768e-03,7.116140632793324650e-04,0.000000000000000000e+00
0.000000000000000000e+00,0.000000000000000000e+00,-5.564455541476957291e-03,-2.428255334399199560e-03,7.023941547946299787e-04,0.000000000000000000e+00
0.000000000000000000e+00,0.000000000000000000e+00,-5.500576849231273054e-03,-2.429725312704230766e-03,6.999961157835778592e-04,0.000000000000000000e+00
0.000000000000000000e+00,0.000000000000000000e+00,-5.436976658010001136e-03,-2.431089125835987890e-03,6.978054424520794413e-04,0.000000000000000000e+00
0.000000000000000000e+00,0.000000000000000000e+00,0.000000000000000000e+00,-2.430677299125938440e-03,7.024919673925475450e-04,0.000000000000000000e+00
0.000000000000000000e+00,0.000000000000000000e+00,-5.339963758032306718e-03,-2.433719670762549657e-03,6.941478226246244453e-04,0.000000000000000000e+00
0.000000000000000000e+00,0.000000000000000000e+00,-5.372767787941631727e-03,-2.434659192120238597e-03,6.926761468963802933e-04,0.000000000000000000e+00
0.000000000000000000e+00,0.000000000000000000e+00,0.000000000000000000e+00,-2.405040529387281190e-03,6.021864123915005029e-04,0.000000000000000000e+00
0.000000000000000000e+00,0.000000000000000000e+00,-5.277235815123115618e-03,-2.378380399042007588e-03,4.989366639999862421e-04,0.000000000000000000e+00
0.000000000000000000e+00,0.000000000000000000e+00,-5.215236765574080523e-03,-2.379185214644808678e-03,4.979696395040283073e-04,0.000000000000000000e+00
0.000000000000000000e+00,0.000000000000000000e+00,-5.153517068847813555e-03,-2.379881052316037277e-03,4.972105458088780117e-04,0.000000000000000000e+00
0.000000000000000000e+00,0.000000000000000000e+00,0.000000000000000000e+00,-2.379289554747865409e-03,5.030480597831496481e-04,0.000000000000000000e+00
0.000000000000000000e+00,0.000000000000000000e+00,-5.155649652781255261e-03,-2.381073199955727800e-03,4.964977314595172371e-04,0.000000000000000000e+00
0.000000000000000000e+00,0.000000000000000000e+00,-5.094739365933566473e-03,-2.381439898898028880e-03,4.963628909046938513e-04,0.000000000000000000e+00
0.000000000000000000e+00,0.000000000000000000e+00,-5.034108908619621195e-03,-2.381696020994545498e-03,4.964362851975596350e-04,0.000000000000000000e+00
0.000000000000000000e+00,0.000000000000000000e+00,0.000000000000000000e+00,-2.380809838147035506e-03,5.027555166230157635e-04,0.000000000000000000e+00
0.000000000000000000e+00,0.000000000000000000e+00,-5.038298157932440645e-03,-2.382004495865345812e-03,4.973894486454791567e-04,0.000000000000000000e+00
0.000000000000000000e+00,0.000000000000000000e+00,-4.978478455633634711e-03,-2.381926595499538925e-03,4.980880322193839997e-04,0.000000000000000000e+00
0.000000000000000000e+00,0.000000000000000000e+00,0.000000000000000000e+00,-2.380713495698683069e-03,5.049670906358480482e-04,0.000000000000000000e+00
0.000000000000000000e+00,0.000000000000000000e+00,-4.984196215747793528e-03,-2.352914731421235865e-03,4.044833970582363569e-04,0.000000000000000000e+00
0.000000000000000000e+00,0.000000000000000000e+00,-4.925188266655784741e-03,-2.323935844587634702e-03,3.099769884986064840e-04,0.000000000000000000e+00
0.000000000000000000e+00,0.000000000000000000e+00,-4.866460982763935739e-03,-2.294929135713989331e-03,2.156574786575521103e-04,0.000000000000000000e+00
0.000000000000000000e+00,0.000000000000000000e+00,-4.808014490150741387e-03,-2.265894169473639183e-03,1.215249593383022222e-04,0.000000000000000000e+00
0.000000000000000000e+00,0.000000000000000000e+00,0.000000000000000000e+00,-2.265220248356847321e-03,1.288880638157866021e-04,0.000000000000000000e+00
0.000000000000000000e+00,0.000000000000000000e+00,0.000000000000000000e+00,-2.236308433849365507e-03,3.499724697478279190e-05,0.000000000000000000e+00
0.000000000000000000e+00,0.000000000000000000e+00,-4.758693947583264930e-03,-2.235549551075822431e-03,3.214005014908471460e-05,0.000000000000000000e+00
0.000000000000000000e+00,0.000000000000000000e+00,-4.701342204498584580e-03,-2.234661179526737859e-03,3.466376219830344483e-05,0.000000000000000000e+00
0.000000000000000000e+00,0.000000000000000000e+00,0.000000000000000000e+00,-2.233775266401671900e-03,4.265023343459628524e-05,0.000000000000000000e+00
0.000000000000000000e+00,0.000000000000000000e+00,-4.711721299845471680e-03,-2.232685789440707561e-03,4.047993454852120108e-05,0.000000000000000000e+00
0.000000000000000000e+00,0.000000000000000000e+00,-4.655184403120136809e-03,-2.231448485331657700e-03,4.363167881323264384e-05,0.000000000000000000e+00
0.000000000000000000e+00,0.000000000000000000e+00,-4.598929270753659808e-03,-2.230094107133640240e-03,4.699287869175765422e-05,0.000000000000000000e+00
0.000000000000000000e+00,0.000000000000000000e+00,0.000000000000000000e+00,-2.200802189636252848e-03,-4.033676429109067652e-05,0.000000000000000000e+00
0.000000000000000000e+00,0.000000000000000000e+00,0.000000000000000000e+00,-2.199245359438606329e-03,-3.663184667800079009e-05,0.000000000000000000e+00
0.000000000000000000e+00,0.000000000000000000e+00,-4.555939455770765048e-03,-2.197434113802178464e-03,-3.751092826873425720e-05,0.000000000000000000e+00
0.000000000000000000e+00,0.000000000000000000e+00,-4.500782807797028967e-03,-2.195649805458845492e-03,-3.332190659723486057e-05,0.000000000000000000e+00
0.000000000000000000e+00,0.000000000000000000e+00,-4.445908543293617711e-03,-2.193746392905253795e-03,-2.892306220330439771e-05,0.000000000000000000e+00
0.000000000000000000e+00,0.000000000000000000e+00,0.000000000000000000e+00,-2.191980971917861787e-03,-1.944313223725679940e-05,0.000000000000000000e+00
0.000000000000000000e+00,0.000000000000000000e+00,0.000000000000000000e+00,-2.162166910278817689e-03,-1.107882994757086736e-04,0.000000000000000000e+00
0.000000000000000000e+00,0.000000000000000000e+00,-4.406909988618117578e-03,-2.159646621891796181e-03,-1.103817680122177861e-04,0.000000000000000000e+00
0.000000000000000000e+00,0.000000000000000000e+00,-4.353136589315540449e-03,-2.157304978315264816e-03,-1.051535792276202144e-04,0.000000000000000000e+00
0.000000000000000000e+00,0.000000000000000000e+00,-4.299646197061560496e-03,-2.154842194747091412e-03,-9.971520475296836766e-05,0.000000000000000000e+00
0.000000000000000000e+00,0.000000000000000000e+00,0.000000000000000000e+00,-2.125170551858901469e-03,-1.855960097848843859e-04,0.000000000000000000e+00
0.000000000000000000e+00,0.000000000000000000e+00,0.000000000000000000e+00,-2.122489282438744240e-03,-1.798093101767830881e-04,0.000000000000000000e+00
0.000000000000000000e+00,0.000000000000000000e+00,-4.168552544237803976e-03,-2.023207463237164730e-03,-1.506193588886291853e-04,0.000000000000000000e+00
0.000000000000000000e+00,0.000000000000000000e+00,-4.116152637175903711e-03,-1.992719551577570077e-03,-2.405158612466562777e-04,0.000000000000000000e+00
0.000000000000000000e+00,0.000000000000000000e+00,-4.160156790420780834e-03,-1.962155778935790150e-03,-3.301199239153484988e-04,0.000000000000000000e+00
0.000000000000000000e+00,0.000000000000000000e+00,0.000000000000000000e+00,-1.959930089385886198e-03,-3.194456947375329259e-04,0.000000000000000000e+00
0.000000000000000000e+00,0.000000000000000000e+00,0.000000000000000000e+00,-1.929461586119396443e-03,-4.088852047304109005e-04,0.000000000000000000e+00
0.000000000000000000e+00,0.000000000000000000e+00,-4.033008941239626423e-03,-1.925335577467129477e-03,-4.057872708634571615e-04,0.000000000000000000e+00
0.000000000000000000e+00,0.000000000000000000e+00,-3.981998505119551703e-03,-1.921922417875288145e-03,-3.985387841047507312e-04,0.000000000000000000e+00
0.000000000000000000e+00,0.000000000000000000e+00,-3.931272366076752657e-03,-1.891074859067085230e-03,-4.872759295098543528e-04,0.000000000000000000e+00
0.000000000000000000e+00,0.000000000000000000e+00,-3.880830655068409716e-03,-1.887453220232482732e-03,-4.796162680934609886e-04,0.000000000000000000e+00
0.000000000000000000e+00,0.000000000000000000e+00,0.000000000000000000e+00,-1.884798570962464836e-03,-4.681305570636770663e-04,0.000000000000000000e+00
0.000000000000000000e+00,0.000000000000000000e+00,0.000000000000000000e+00,-1.880890424990844245e-03,-4.599089118740365412e-04,0.000000000000000000e+00
0.000000000000000000e+00,0.000000000000000000e+00,-3.854644510840548200e-03,-1.875988502557772615e-03,-4.552866947105552002e-04,0.000000000000000000e+00
0.000000000000000000e+00,0.000000000000000000e+00,-3.805311552481815095e-03,-1.844766265221734836e-03,-5.430407134818478806e-04,0.000000000000000000e+00
0.000000000000000000e+00,0.000000000000000000e+00,-3.756263660379110039e-03,-1.813501013855173651e-03,-6.306048546161340407e-04,0.000000000000000000e+00
0.000000000000000000e+00,0.000000000000000000e+00,-3.707500966542221551e-03,-1.782192304436729016e-03,-7.179790337451077194e-04,0.000000000000000000e+00
0.000000000000000000e+00,0.000000000000000000e+00,0.000000000000000000e+00,-1.779289158769570278e-03,-7.056385107948801028e-04,0.000000000000000000e+00
0.000000000000000000e+00,0.000000000000000000e+00,0.000000000000000000e+00,-1.748018963511066559e-03,-7.925409251394871513e-04,0.000000000000000000e+00
0.000000000000000000e+00,0.000000000000000000e+00,-3.686168900693590975e-03,-1.741933984177745356e-03,-7.862840883053243655e-04,0.000000000000000000e+00
0.000000000000000000e+00,0.000000000000000000e+00,-3.638517934309439678e-03,-1.737200954091152379e-03,-7.765528113791068205e-04,0.000000000000000000e+00
0.000000000000000000e+00,0.000000000000000000e+00,-3.591152810061605700e-03,-1.705544673957477960e-03,-8.629518492700651196e-04,0.000000000000000000e+00
0.000000000000000000e+00,0.000000000000000000e+00,-3.544073661029616476e-03,-1.673842286106985147e-03,-9.491604383144039772e-04,0.000000000000000000e+00
0.000000000000000000e+00,0.000000000000000000e+00,-3.497280620464670708e-03,-1.668801904174041333e-03,-9.388150027639034344e-04,0.000000000000000000e+00
0.000000000000000000e+00,0.000000000000000000e+00,-3.450773821788290056e-03,-1.663630075125555226e-03,-9.282575752312190349e-04,0.000000000000000000e+00
0.000000000000000000e+00,0.000000000000000000e+00,0.000000000000000000e+00,-1.660069291628429866e-03,-9.147076756377894857e-04,0.000000000000000000e+00
0.000000000000000000e+00,0.000000000000000000e+00,0.000000000000000000e+00,-1.654593098603163170e-03,-9.037725178548117189e-04,0.000000000000000000e+00
0.000000000000000000e+00,0.000000000000000000e+00,0.000000000000000000e+00,-1.648984500764449912e-03,-8.926248868992361918e-04,0.000000000000000000e+00
0.000000000000000000e+00,0.000000000000000000e+00,-3.390575338457335348e-03,-1.641789569094702838e-03,-8.838679765875711051e-04,0.000000000000000000e+00
0.000000000000000000e+00,0.000000000000000000e+00,-3.345471198011801435e-03,-1.635953357110911258e-03,-8.722492184416273794e-04,0.000000000000000000e+00
0.000000000000000000e+00,0.000000000000000000e+00,-3.204218733418889853e-03,-1.629984449264955653e-03,-8.605193286760351922e-04,0.000000000000000000e+00
0.000000000000000000e+00,0.000000000000000000e+00,-3.159676832455552992e-03,-1.623880362217130493e-03,-8.484750908510260399e-04,0.000000000000000000e+00
0.000000000000000000e+00,0.000000000000000000e+00,-3.115422257875267650e-03,-1.617641557186715127e-03,-8.362183226182787806e-04,0.000000000000000000e+00
0.000000000000000000e+00,0.000000000000000000e+00,-3.071455144713504913e-03,-1.584979418467763294e-03,-9.202287399183091713e-04,0.000000000000000000e+00
0.000000000000000000e+00,0.000000000000000000e+00,0.000000000000000000e+00,-1.580059717358861526e-03,-9.052124210236003887e-04,0.000000000000000000e+00
0.000000000000000000e+00,0.000000000000000000e+00,0.000000000000000000e+00,-1.547411709056478735e-03,-9.887463195791534876e-04,0.000000000000000000e+00
0.000000000000000000e+00,0.000000000000000000e+00,0.000000000000000000e+00,-1.514661528130956114e-03,-1.072263257306971251e-03,0.000000000000000000e+00
0.000000000000000000e+00,0.000000000000000000e+00,0.000000000000000000e+00,-1.604394918212181942e-03,-1.084987020930829049e-03,0.000000000000000000e+00
0.000000000000000000e+00,0.000000000000000000e+00,-3.075117861425516463e-03,-1.595845086667693454e-03,-1.073760875348248305e-03,0.000000000000000000e+00
0.000000000000000000e+00,0.000000000000000000e+00,-3.032859340851264910e-03,-1.588786818925928606e-03,-1.060004660041308526e-03,0.000000000000000000e+00
0.000000000000000000e+00,0.000000000000000000e+00,-2.894336824033530604e-03,-1.581580773361667205e-03,-1.046138852512575566e-03,0.000000000000000000e+00
0.000000000000000000e+00,0.000000000000000000e+00,-2.852643512541873285e-03,-1.574246399316595046e-03,-1.031955740640619562e-03,0.000000000000000000e+00
0.000000000000000000e+00,0.000000000000000000e+00,-2.811238868270362051e-03,-1.566773150962788748e-03,-1.017559451103961822e-03,0.000000000000000000e+00
0.000000000000000000e+00,0.000000000000000000e+00,-2.770123028095412051e-03,-1.559160618474256157e-03,-1.002949921079727188e-03,0.000000000000000000e+00
0.000000000000000000e+00,0.000000000000000000e+00,-2.729296129077615762e-03,-1.525586528189254052e-03,-1.084731970080719766e-03,0.000000000000000000e+00
0.000000000000000000e+00,0.000000000000000000e+00,0.000000000000000000e+00,-1.493696631860830237e-03,-1.164388875410503343e-03,0.000000000000000000e+00
0.000000000000000000e+00,0.000000000000000000e+00,0.000000000000000000e+00,-1.485775919659038102e-03,-1.149026772150084363e-03,0.000000000000000000e+00
0.000000000000000000e+00,0.000000000000000000e+00,0.000000000000000000e+00,-1.477640487497766664e-03,-1.133625044877947796e-03,0.000000000000000000e+00
0.000000000000000000e+00,0.000000000000000000e+00,0.000000000000000000e+00,-1.469364159153108140e-03,-1.118009398483887917e-03,0.000000000000000000e+00
0.000000000000000000e+00,0.000000000000000000e+00,0.000000000000000000e+00,-1.460946529518780679e-03,-1.102179766590855037e-03,0.000000000000000000e+00
0.000000000000000000e+00,0.000000000000000000e+00,-2.709353485098341119e-03,-1.450983260409043161e-03,-1.087934934763947706e-03,0.000000000000000000e+00
0.000000000000000000e+00,0.000000000000000000e+00,-2.573855676707524544e-03,-1.416783633289691105e-03,-1.168422869292664668e-03,0.000000000000000000e+00
0.000000000000000000e+00,0.000000000000000000e+00,-2.535314298278120403e-03,-1.408023042685298005e-03,-1.151922421089305671e-03,0.000000000000000000e+00
0.000000000000000000e+00,0.000000000000000000e+00,-2.497063085915021512e-03,-1.399118994431513023e-03,-1.135208087364468705e-03,0.000000000000000000e+00
0.000000000000000000e+00,0.000000000000000000e+00,-2.459102178577259219e-03,-1.390071076524243424e-03,-1.118279806783209918e-03,0.000000000000000000e+00
0.000000000000000000e+00,0.000000000000000000e+00,-2.421431715410415735e-03,-1.380878876770030156e-03,-1.101137518139560633e-03,0.000000000000000000e+00
0.000000000000000000e+00,0.000000000000000000e+00,-2.384051835749020649e-03,-1.371541982785428986e-03,-1.083781160354007006e-03,0.000000000000000000e+00
0.000000000000000000e+00,0.000000000000000000e+00,-2.346962679113383330e-03,-1.336786424025092779e-03,-1.162961103261900666e-03,0.000000000000000000e+00
0.000000000000000000e+00,0.000000000000000000e+00,-2.310164385213889834e-03,-1.327200672419704287e-03,-1.145186934969972615e-03,0.000000000000000000e+00
0.000000000000000000e+00,0.000000000000000000e+00,-2.273657093948742557e-03,-1.292278940399422616e-03,-1.223969956547849274e-03,0.000000000000000000e+00
0.000000000000000000e+00,0.000000000000000000e+00,-2.237440945405346285e-03,-1.257294331648047729e-03,-1.302559661225315179e-03,0.000000000000000000e+00
0.000000000000000000e+00,0.000000000000000000e+00,-2.201516079862536873e-03,-1.222246391641462065e-03,-1.380955973205666345e-03,0.000000000000000000e+00
0.000000000000000000e+00,0.000000000000000000e+00,-2.165882637788319603e-03,-1.187134665622913187e-03,-1.459158816882495571e-03,0.000000000000000000e+00
0.000000000000000000e+00,0.000000000000000000e+00,0.000000000000000000e+00,-1.153745331065381130e-03,-1.536059811814670384e-03,0.000000000000000000e+00
0.000000000000000000e+00,0.000000000000000000e+00,0.000000000000000000e+00,-1.118557794534846828e-03,-1.613941065666202324e-03,0.000000000000000000e+00
0.000000000000000000e+00,0.000000000000000000e+00,0.000000000000000000e+00,-1.083302405548658420e-03,-1.691627284177932289e-03,0.000000000000000000e+00
0.000000000000000000e+00,0.000000000000000000e+00,0.000000000000000000e+00,-1.072778752602032704e-03,-1.672238404780868049e-03,0.000000000000000000e+00
0.000000000000000000e+00,0.000000000000000000e+00,0.000000000000000000e+00,-1.062240240037759520e-03,-1.652490548907412093e-03,0.000000000000000000e+00
0.000000000000000000e+00,0.000000000000000000e+00,0.000000000000000000e+00,-1.051417229843809586e-03,-1.632672880195293330e-03,0.000000000000000000e+00
0.000000000000000000e+00,0.000000000000000000e+00,0.000000000000000000e+00,-1.040444700429077329e-03,-1.612639945710987732e-03,0.000000000000000000e+00
0.000000000000000000e+00,0.000000000000000000e+00,0.000000000000000000e+00,-1.029322238768393127e-03,-1.592391683805365055e-03,0.000000000000000000e+00
0.000000000000000000e+00,0.000000000000000000e+00,0.000000000000000000e+00,-1.018049431461109933e-03,-1.571928033054288687e-03,0.000000000000000000e+00
0.000000000000000000e+00,0.000000000000000000e+00,0.000000000000000000e+00,-1.006625864731103270e-03,-1.551248932258393609e-03,0.000000000000000000e+00
0.000000000000000000e+00,0.000000000000000000e+00,0.000000000000000000e+00,-9.950511244274373723e-04,-1.530354320443835792e-03,0.000000000000000000e+00
0.000000000000000000e+00,0.000000000000000000e+00,-1.979517419319146328e-03,-1.078888851196932019e-03,-1.534640704317124030e-03,0.000000000000000000e+00
0.000000000000000000e+00,0.000000000000000000e+00,-1.947664686767964105e-03,-1.042549616128900106e-03,-1.610194056289741436e-03,0.000000000000000000e+00
0.000000000000000000e+00,0.000000000000000000e+00,-1.916105320527164250e-03,-1.030613196238517291e-03,-1.588596356855624106e-03,0.000000000000000000e+00
0.000000000000000000e+00,0.000000000000000000e+00,-1.787877582185669464e-03,-1.018471987660324795e-03,-1.566870837532088325e-03,0.000000000000000000e+00
0.000000000000000000e+00,0.000000000000000000e+00,-1.756894788591950585e-03,-1.006228754024033386e-03,-1.544841191309542349e-03,0.000000000000000000e+00
0.000000000000000000e+00,0.000000000000000000e+00,-1.726205820634344953e-03,-9.938311346047094645e-04,-1.522596066505461920e-03,0.000000000000000000e+00
0.000000000000000000e+00,0.000000000000000000e+00,-1.695810822347145527e-03,-9.812787124315982320e-04,-1.500135405047386353e-03,0.000000000000000000e+00
0.000000000000000000e+00,0.000000000000000000e+00,-1.665709937963195855e-03,-9.685710703517562067e-04,-1.477459148974134872e-03,0.000000000000000000e+00
0.000000000000000000e+00,0.000000000000000000e+00,-1.635903311917704956e-03,-9.557077910286539048e-04,-1.454567240433261551e-03,0.000000000000000000e+00
0.000000000000000000e+00,0.000000000000000000e+00,-1.606391088842406504e-03,-9.426884569462182879e-04,-1.431459621684162209e-03,0.000000000000000000e+00
0.000000000000000000e+00,0.000000000000000000e+00,-1.577173413572830569e-03,-9.053661151686493618e-04,-1.505177233691066836e-03,0.000000000000000000e+00
0.000000000000000000e+00,0.000000000000000000e+00,0.000000000000000000e+00,-8.932214387529224808e-04,-1.480957232105596655e-03,0.000000000000000000e+00
0.000000000000000000e+00,0.000000000000000000e+00,0.000000000000000000e+00,-8.797335834825892320e-04,-1.457235530883234376e-03,0.000000000000000000e+00
0.000000000000000000e+00,0.000000000000000000e+00,-1.588355637885053651e-03,-8.650687511684530470e-04,-1.433866694638817607e-03,0.000000000000000000e+00
0.000000000000000000e+00,0.000000000000000000e+00,-1.560327913621626077e-03,-8.273276745787846390e-04,-1.506772661838358396e-03,0.000000000000000000e+00
0.000000000000000000e+00,0.000000000000000000e+00,-1.532595436131508173e-03,-7.895106893632682869e-04,-1.579483306547823599e-03,0.000000000000000000e+00
0.000000000000000000e+00,0.000000000000000000e+00,0.000000000000000000e+00,-7.527178517754418152e-04,-1.651544741059371435e-03,0.000000000000000000e+00
0.000000000000000000e+00,0.000000000000000000e+00,-1.478016805936596288e-03,-7.374989244106597329e-04,-1.627205936266382406e-03,0.000000000000000000e+00
0.000000000000000000e+00,0.000000000000000000e+00,-1.451170945971779315e-03,-6.994101501010053287e-04,-1.699319839776905266e-03,0.000000000000000000e+00
0.000000000000000000e+00,0.000000000000000000e+00,0.000000000000000000e+00,-7.594987519718987556e-04,-1.794582864424403013e-03,0.000000000000000000e+00
0.000000000000000000e+00,0.000000000000000000e+00,-1.398366869703241561e-03,-7.201423615014031438e-04,-1.866688703597876170e-03,0.000000000000000000e+00
0.000000000000000000e+00,0.000000000000000000e+00,-1.372408947373866079e-03,-6.818293168373904239e-04,-1.938174340704143473e-03,0.000000000000000000e+00
0.000000000000000000e+00,0.000000000000000000e+00,0.000000000000000000e+00,-6.682000329741866196e-04,-1.911960334043831533e-03,0.000000000000000000e+00
0.000000000000000000e+00,0.000000000000000000e+00,0.000000000000000000e+00,-6.532519058217722829e-04,-1.885885751071680883e-03,0.000000000000000000e+00
0.000000000000000000e+00,0.000000000000000000e+00,0.000000000000000000e+00,-6.383078699022659563e-04,-1.859488465362262033e-03,0.000000000000000000e+00
0.000000000000000000e+00,0.000000000000000000e+00,0.000000000000000000e+00,-6.230338449180194971e-04,-1.832982078186606856e-03,0.000000000000000000e+00
0.000000000000000000e+00,0.000000000000000000e+00,0.000000000000000000e+00,-5.841773033486985511e-04,-1.903478637885903935e-03,0.000000000000000000e+00
0.000000000000000000e+00,0.000000000000000000e+00,0.000000000000000000e+00,-5.686178205164260646e-04,-1.876548089810019249e-03,0.000000000000000000e+00
0.000000000000000000e+00,0.000000000000000000e+00,0.000000000000000000e+00,-5.528949713677899780e-04,-1.849400379533641670e-03,0.000000000000000000e+00
0.000000000000000000e+00,0.000000000000000000e+00,0.000000000000000000e+00,-5.370083304747641506e-04,-1.822035452856612947e-03,0.000000000000000000e+00
0.000000000000000000e+00,0.000000000000000000e+00,0.000000000000000000e+00,-5.209574720342891041e-04,-1.794453255804941139e-03,0.000000000000000000e+00
0.000000000000000000e+00,0.000000000000000000e+00,0.000000000000000000e+00,-4.815219698667272397e-04,-1.863923734628528117e-03,0.000000000000000000e+00
0.000000000000000000e+00,0.000000000000000000e+00,0.000000000000000000e+00,-5.392813974178789493e-04,-1.956376835802568770e-03,0.000000000000000000e+00
0.000000000000000000e+00,0.000000000000000000e+00,0.000000000000000000e+00,-4.996853277587920417e-04,-2.025412506028070880e-03,0.000000000000000000e+00
0.000000000000000000e+00,0.000000000000000000e+00,0.000000000000000000e+00,-4.600033335837583337e-04,-2.094250692230383015e-03,0.000000000000000000e+00
0.000000000000000000e+00,0.000000000000000000e+00,0.000000000000000000e+00,-4.432949872136271452e-04,-2.065581341560845940e-03,0.000000000000000000e+00
0.000000000000000000e+00,0.000000000000000000e+00,0.000000000000000000e+00,-4.035982347325717257e-04,-2.133926027255678148e-03,0.000000000000000000e+00
0.000000000000000000e+00,0.000000000000000000e+00,0.000000000000000000e+00,-3.865934940224802219e-04,-2.104833850603941847e-03,0.000000000000000000e+00
0.000000000000000000e+00,0.000000000000000000e+00,-1.050893262457305031e-03,-3.682470431134012359e-04,-2.075524331334123364e-03,0.000000000000000000e+00
0.000000000000000000e+00,0.000000000000000000e+00,-1.030342109043377689e-03,-3.280053974915446988e-04,-2.143314679158433815e-03,0.000000000000000000e+00
0.000000000000000000e+00,0.000000000000000000e+00,-1.010089873938238439e-03,-2.876764184336870066e-04,-2.210908093363930880e-03,0.000000000000000000e+00
0.000000000000000000e+00,0.000000000000000000e+00,-8.927877433383901110e-04,-3.445041515794426625e-04,-2.301231968375541150e-03,0.000000000000000000e+00
0.000000000000000000e+00,0.000000000000000000e+00,-8.731242778080308903e-04,-3.496501479585528683e-04,-2.173669730783978071e-03,0.000000000000000000e+00
0.000000000000000000e+00,0.000000000000000000e+00,-8.537602128968664345e-04,-3.089805271791296547e-04,-2.240609980721014558e-03,0.000000000000000000e+00
0.000000000000000000e+00,0.000000000000000000e+00,0.000000000000000000e+00,-2.691846786523344193e-04,-2.307240828214762729e-03,0.000000000000000000e+00
0.000000000000000000e+00,0.000000000000000000e+00,0.000000000000000000e+00,-2.283417656866459922e-04,-2.373805811992514558e-03,0.000000000000000000e+00
0.000000000000000000e+00,0.000000000000000000e+00,0.000000000000000000e+00,-2.100277907249870069e-04,-2.342762711869526837e-03,0.000000000000000000e+00
0.000000000000000000e+00,0.000000000000000000e+00,0.000000000000000000e+00,-1.689623216032387631e-04,-2.408921477717568260e-03,0.000000000000000000e+00
0.000000000000000000e+00,0.000000000000000000e+00,0.000000000000000000e+00,-1.728849257811582163e-04,-2.280022059633478315e-03,0.000000000000000000e+00
0.000000000000000000e+00,0.000000000000000000e+00,0.000000000000000000e+00,-2.289951703433601438e-04,-2.368264407939343896e-03,0.000000000000000000e+00
0.000000000000000000e+00,0.000000000000000000e+00,0.000000000000000000e+00,-1.875826219994713995e-04,-2.433768473182676417e-03,0.000000000000000000e+00
0.000000000000000000e+00,0.000000000000000000e+00,0.000000000000000000e+00,-1.460768470840090316e-04,-2.499074206135813714e-03,0.000000000000000000e+00
0.000000000000000000e+00,0.000000000000000000e+00,-6.705579304938661051e-04,-1.035502132579392445e-04,-2.563968906902646533e-03,0.000000000000000000e+00
0.000000000000000000e+00,0.000000000000000000e+00,-6.542375596505909567e-04,-8.423097591918609229e-05,-2.531393368697479503e-03,0.000000000000000000e+00
0.000000000000000000e+00,0.000000000000000000e+00,-6.382182573497251557e-04,-4.240528431883105667e-05,-2.596072521742312164e-03,0.000000000000000000e+00
0.000000000000000000e+00,0.000000000000000000e+00,-6.225001778799625022e-04,-4.853445922691931173e-07,-2.660553808161497755e-03,0.000000000000000000e+00
0.000000000000000000e+00,0.000000000000000000e+00,-6.070834757494428940e-04,-7.821353415343009678e-05,-2.649593505355269350e-03,0.000000000000000000e+00
0.000000000000000000e+00,0.000000000000000000e+00,0.000000000000000000e+00,-5.905632414759942606e-05,-2.616107114525784150e-03,0.000000000000000000e+00
0.000000000000000000e+00,0.000000000000000000e+00,0.000000000000000000e+00,-6.105860368754711942e-05,-2.484905976615034429e-03,0.000000000000000000e+00
0.000000000000000000e+00,0.000000000000000000e+00,0.000000000000000000e+00,-4.070419351165366351e-05,-2.450996140392333600e-03,0.000000000000000000e+00
0.000000000000000000e+00,0.000000000000000000e+00,0.000000000000000000e+00,-2.017265659604028372e-05,-2.416867558676323580e-03,0.000000000000000000e+00
0.000000000000000000e+00,0.000000000000000000e+00,0.000000000000000000e+00,2.255644445958715494e-05,-2.480070184509040876e-03,0.000000000000000000e+00
0.000000000000000000e+00,0.000000000000000000e+00,-4.989078492423584419e-04,6.606737624280002046e-05,-2.542808083251997444e-03,0.000000000000000000e+00
0.000000000000000000e+00,0.000000000000000000e+00,-4.856462788320276220e-04,-1.052996686748402360e-05,-2.530004929137831104e-03,0.000000000000000000e+00
0.000000000000000000e+00,0.000000000000000000e+00,-4.726873142855633498e-04,3.251991081486508298e-05,-2.592543585488382707e-03,0.000000000000000000e+00
0.000000000000000000e+00,0.000000000000000000e+00,-4.600311120907638767e-04,7.566863186693470532e-05,-2.654883807329349015e-03,0.000000000000000000e+00
0.000000000000000000e+00,0.000000000000000000e+00,-4.476778289626262477e-04,1.189166678355701681e-04,-2.717025531024137939e-03,0.000000000000000000e+00
0.000000000000000000e+00,0.000000000000000000e+00,0.000000000000000000e+00,1.398791875995009093e-04,-2.681403948620160460e-03,0.000000000000000000e+00
0.000000000000000000e+00,0.000000000000000000e+00,0.000000000000000000e+00,6.402050395559744089e-05,-2.667276743810578776e-03,0.000000000000000000e+00
0.000000000000000000e+00,0.000000000000000000e+00,0.000000000000000000e+00,8.594287728003191518e-05,-2.631150398879740504e-03,0.000000000000000000e+00
0.000000000000000000e+00,0.000000000000000000e+00,0.000000000000000000e+00,1.297067483309044533e-04,-2.692434868916598889e-03,0.000000000000000000e+00
0.000000000000000000e+00,0.000000000000000000e+00,-3.688160150427917199e-04,1.741228564138015537e-04,-2.753215482755270050e-03,0.000000000000000000e+00
0.000000000000000000e+00,0.000000000000000000e+00,-3.583245558157543498e-04,1.964869255679603576e-04,-2.716451443240453824e-03,0.000000000000000000e+00
0.000000000000000000e+00,0.000000000000000000e+00,-3.481371030433043487e-04,2.190345518697460860e-04,-2.679468274960161364e-03,0.000000000000000000e+00
0.000000000000000000e+00,0.000000000000000000e+00,0.000000000000000000e+00,1.654325246434051877e-04,-2.761510008381616588e-03,0.000000000000000000e+00
0.000000000000000000e+00,0.000000000000000000e+00,0.000000000000000000e+00,1.883142049321495648e-04,-2.724057887458976313e-03,0.000000000000000000e+00
0.000000000000000000e+00,0.000000000000000000e+00,0.000000000000000000e+00,1.899499953567085342e-04,-2.588706316761370252e-03,0.000000000000000000e+00
0.000000000000000000e+00,0.000000000000000000e+00,0.000000000000000000e+00,2.346303392651849506e-04,-2.648495252952909329e-03,0.000000000000000000e+00
0.000000000000000000e+00,0.000000000000000000e+00,-1.827125429271457817e-04,2.796935707071110931e-04,-2.707788600927317491e-03,0.000000000000000000e+00
0.000000000000000000e+00,0.000000000000000000e+00,-1.743848505521980929e-04,2.268768821172672395e-04,-2.788487422790001009e-03,0.000000000000000000e+00
0.000000000000000000e+00,0.000000000000000000e+00,-1.663622898983702059e-04,2.505759046185413765e-04,-2.749919811396826438e-03,0.000000000000000000e+00
0.000000000000000000e+00,0.000000000000000000e+00,-1.586450210331749133e-04,2.956996948593726936e-04,-2.808851005247225627e-03,0.000000000000000000e+00
0.000000000000000000e+00,0.000000000000000000e+00,0.000000000000000000e+00,3.407133707561404989e-04,-2.867608570024611503e-03,0.000000000000000000e+00
0.000000000000000000e+00,0.000000000000000000e+00,0.000000000000000000e+00,3.860570543157137990e-04,-2.926142962689760874e-03,0.000000000000000000e+00
0.000000000000000000e+00,0.000000000000000000e+00,0.000000000000000000e+00,3.126483851411121506e-04,-2.907837585361713884e-03,0.000000000000000000e+00
0.000000000000000000e+00,0.000000000000000000e+00,-1.097542122802164151e-04,3.584280221312095079e-04,-2.965605264973795573e-03,0.000000000000000000e+00
0.000000000000000000e+00,0.000000000000000000e+00,-1.036065932586022886e-04,4.041164962612824388e-04,-3.023482330836629872e-03,0.000000000000000000e+00
0.000000000000000000e+00,0.000000000000000000e+00,-9.776521474912434992e-05,4.289192645658887189e-04,-2.983390755891036656e-03,0.000000000000000000e+00
0.000000000000000000e+00,0.000000000000000000e+00,-9.223023842472507507e-05,4.748666315673950107e-04,-3.040858366979001456e-03,0.000000000000000000e+00
0.000000000000000000e+00,0.000000000000000000e+00,0.000000000000000000e+00,4.229992371528323858e-04,-3.119058849505293440e-03,0.000000000000000000e+00
0.000000000000000000e+00,0.000000000000000000e+00,0.000000000000000000e+00,4.274223835671886462e-04,-2.980487442377145746e-03,0.000000000000000000e+00
0.000000000000000000e+00,0.000000000000000000e+00,0.000000000000000000e+00,4.740832148134588309e-04,-3.037312925326551838e-03,0.000000000000000000e+00
0.000000000000000000e+00,0.000000000000000000e+00,4.545148379616495649e-05,5.204979602096180625e-04,-3.093616311227878092e-03,0.000000000000000000e+00
0.000000000000000000e+00,0.000000000000000000e+00,4.941948477104305976e-05,4.484920740909566651e-04,-3.072953931430999399e-03,0.000000000000000000e+00
0.000000000000000000e+00,0.000000000000000000e+00,0.000000000000000000e+00,4.538498132811152885e-04,-2.933431059986085776e-03,0.000000000000000000e+00
0.000000000000000000e+00,0.000000000000000000e+00,0.000000000000000000e+00,5.007641372013482695e-04,-2.989359078005182635e-03,0.000000000000000000e+00
0.000000000000000000e+00,0.000000000000000000e+00,0.000000000000000000e+00,5.477914279736761927e-04,-3.045086863092863472e-03,0.000000000000000000e+00
0.000000000000000000e+00,0.000000000000000000e+00,0.000000000000000000e+00,4.764721363760271444e-04,-3.023354376454838455e-03,0.000000000000000000e+00
0.000000000000000000e+00,0.000000000000000000e+00,8.520015130706966766e-05,5.236376116903571944e-04,-3.078341855157522115e-03,0.000000000000000000e+00
0.000000000000000000e+00,0.000000000000000000e+00,8.728080840561872316e-05,5.710272659628386595e-04,-3.133414960116681202e-03,0.000000000000000000e+00
0.000000000000000000e+00,0.000000000000000000e+00,8.905311214875385507e-05,5.980564161878136175e-04,-3.090406795305248276e-03,0.000000000000000000e+00
0.000000000000000000e+00,0.000000000000000000e+00,0.000000000000000000e+00,5.479692364210864142e-04,-3.165479883205910006e-03,0.000000000000000000e+00
0.000000000000000000e+00,0.000000000000000000e+00,0.000000000000000000e+00,5.753401089260146151e-04,-3.121999162761977809e-03,0.000000000000000000e+00
0.000000000000000000e+00,0.000000000000000000e+00,1.128716627058713913e-04,5.823825501266909413e-04,-2.980117193456408888e-03,0.000000000000000000e+00
0.000000000000000000e+00,0.000000000000000000e+00,2.112840559526603162e-04,6.306599155935077973e-04,-3.034132893701007878e-03,0.000000000000000000e+00
0.000000000000000000e+00,0.000000000000000000e+00,0.000000000000000000e+00,5.610134839382219241e-04,-3.010213977375587879e-03,0.000000000000000000e+00
0.000000000000000000e+00,0.000000000000000000e+00,0.000000000000000000e+00,5.689039548248953082e-04,-2.867881117646700617e-03,0.000000000000000000e+00
0.000000000000000000e+00,0.000000000000000000e+00,0.000000000000000000e+00,6.174923099879769950e-04,-2.921187631222531278e-03,0.000000000000000000e+00
0.000000000000000000e+00,0.000000000000000000e+00,0.000000000000000000e+00,6.661990042774457166e-04,-2.974293481804432537e-03,0.000000000000000000e+00
0.000000000000000000e+00,0.000000000000000000e+00,2.292810749505472495e-04,5.965973025576582151e-04,-2.949136158428742119e-03,0.000000000000000000e+00
0.000000000000000000e+00,0.000000000000000000e+00,2.278876754041630397e-04,6.455642331049921785e-04,-3.001789602534451519e-03,0.000000000000000000e+00
0.000000000000000000e+00,0.000000000000000000e+00,0.000000000000000000e+00,6.749468232634114884e-04,-2.956193548748105304e-03,0.000000000000000000e+00
0.000000000000000000e+00,0.000000000000000000e+00,0.000000000000000000e+00,7.041875251773133115e-04,-2.910450293758158613e-03,0.000000000000000000e+00
0.000000000000000000e+00,0.000000000000000000e+00,0.000000000000000000e+00,6.556088253933944898e-04,-2.982446218361800572e-03,0.000000000000000000e+00
0.000000000000000000e+00,0.000000000000000000e+00,2.391254367861359584e-04,7.047598043353174319e-04,-3.034004209129222487e-03,0.000000000000000000e+00
0.000000000000000000e+00,0.000000000000000000e+00,2.361392204033252668e-04,7.345197166399307668e-04,-2.987584815734602422e-03,0.000000000000000000e+00
0.000000000000000000e+00,0.000000000000000000e+00,2.328420133709450620e-04,7.843205127769034297e-04,-3.038956644896170962e-03,0.000000000000000000e+00
0.000000000000000000e+00,0.000000000000000000e+00,0.000000000000000000e+00,7.368979703887834631e-04,-3.109831017511270612e-03,0.000000000000000000e+00
0.000000000000000000e+00,0.000000000000000000e+00,0.000000000000000000e+00,7.671610670499928730e-04,-3.062722320649836905e-03,0.000000000000000000e+00
0.000000000000000000e+00,0.000000000000000000e+00,3.388355469023152143e-04,8.168213715754062045e-04,-3.113249713542287980e-03,0.000000000000000000e+00
0.000000000000000000e+00,0.000000000000000000e+00,3.342599093993045035e-04,7.494192414755966548e-04,-3.085399865189487716e-03,0.000000000000000000e+00
0.000000000000000000e+00,0.000000000000000000e+00,0.000000000000000000e+00,8.004151876424003831e-04,-3.135526772070552914e-03,0.000000000000000000e+00
0.000000000000000000e+00,0.000000000000000000e+00,0.000000000000000000e+00,8.510201479667856006e-04,-3.185577881020827673e-03,0.000000000000000000e+00
0.000000000000000000e+00,0.000000000000000000e+00,3.382196252457896134e-04,8.816146379662602971e-04,-3.137182083000494576e-03,0.000000000000000000e+00
0.000000000000000000e+00,0.000000000000000000e+00,3.323554578319999576e-04,8.344338549118822650e-04,-3.206344610404847188e-03,0.000000000000000000e+00
0.000000000000000000e+00,0.000000000000000000e+00,3.261787845979835813e-04,8.854432388408039860e-04,-3.255742121900012057e-03,0.000000000000000000e+00
0.000000000000000000e+00,0.000000000000000000e+00,0.000000000000000000e+00,9.176482235255800646e-04,-3.206698213462810809e-03,0.000000000000000000e+00
0.000000000000000000e+00,0.000000000000000000e+00,0.000000000000000000e+00,8.708491946551877305e-04,-3.275097522167265407e-03,0.000000000000000000e+00
0.000000000000000000e+00,0.000000000000000000e+00,4.232400018944187242e-04,9.025128809983913808e-04,-3.225556638218008039e-03,0.000000000000000000e+00
0.000000000000000000e+00,0.000000000000000000e+00,4.157787432020565942e-04,9.541025621429708109e-04,-3.274080713991442751e-03,0.000000000000000000e+00
0.000000000000000000e+00,0.000000000000000000e+00,0.000000000000000000e+00,9.083792097157594725e-04,-3.341507650083640202e-03,0.000000000000000000e+00
0.000000000000000000e+00,0.000000000000000000e+00,0.000000000000000000e+00,9.409439951623133069e-04,-3.291451655692827216e-03,0.000000000000000000e+00
0.000000000000000000e+00,0.000000000000000000e+00,4.107174745587807859e-04,9.922290724449036627e-04,-3.339171343397112548e-03,0.000000000000000000e+00
0.000000000000000000e+00,0.000000000000000000e+00,4.019617324690832123e-04,9.270493283260444056e-04,-3.307859406651455798e-03,0.000000000000000000e+00
0.000000000000000000e+00,0.000000000000000000e+00,0.000000000000000000e+00,9.800035952133301365e-04,-3.355077066854242340e-03,0.000000000000000000e+00
0.000000000000000000e+00,0.000000000000000000e+00,0.000000000000000000e+00,1.013313663617676497e-03,-3.304119661828516796e-03,0.000000000000000000e+00
0.000000000000000000e+00,0.000000000000000000e+00,4.910250359873446916e-04,1.065390664786927157e-03,-3.350982454800584525e-03,0.000000000000000000e+00
0.000000000000000000e+00,0.000000000000000000e+00,4.809791837075072453e-04,1.019945462075964914e-03,-3.416785729889753112e-03,0.000000000000000000e+00
0.000000000000000000e+00,0.000000000000000000e+00,0.000000000000000000e+00,1.054612865573734126e-03,-3.364898307805938571e-03,0.000000000000000000e+00
0.000000000000000000e+00,0.000000000000000000e+00,0.000000000000000000e+00,1.107631020696664415e-03,-3.411224711919617902e-03,0.000000000000000000e+00
0.000000000000000000e+00,0.000000000000000000e+00,4.678422024765316865e-04,1.042833347729641910e-03,-3.377962129041134094e-03,0.000000000000000000e+00
0.000000000000000000e+00,0.000000000000000000e+00,4.564965191003655313e-04,1.096151909669321927e-03,-3.423836025429533025e-03,0.000000000000000000e+00
0.000000000000000000e+00,0.000000000000000000e+00,0.000000000000000000e+00,1.033327019682839243e-03,-3.389881701475791487e-03,0.000000000000000000e+00
0.000000000000000000e+00,0.000000000000000000e+00,0.000000000000000000e+00,1.086934944525386193e-03,-3.435296005938504038e-03,0.000000000000000000e+00
0.000000000000000000e+00,0.000000000000000000e+00,4.392980009709678479e-04,1.121127994902898321e-03,-3.382171709878610110e-03,0.000000000000000000e+00
0.000000000000000000e+00,0.000000000000000000e+00,4.266498427746216564e-04,1.076819046366982863e-03,-3.445870611302563873e-03,0.000000000000000000e+00
0.000000000000000000e+00,0.000000000000000000e+00,0.000000000000000000e+00,1.131957036739184019e-03,-3.490348527895342778e-03,0.000000000000000000e+00
0.000000000000000000e+00,0.000000000000000000e+00,0.000000000000000000e+00,1.167487410769885159e-03,-3.436645812575259140e-03,0.000000000000000000e+00
0.000000000000000000e+00,0.000000000000000000e+00,5.036429406538432295e-04,1.122657873985619548e-03,-3.499509400895372928e-03,0.000000000000000000e+00
0.000000000000000000e+00,0.000000000000000000e+00,4.896963312083018553e-04,1.158604826402427103e-03,-3.445338657772941630e-03,0.000000000000000000e+00
0.000000000000000000e+00,0.000000000000000000e+00,0.000000000000000000e+00,1.214105133868881303e-03,-3.488931276199098985e-03,0.000000000000000000e+00
0.000000000000000000e+00,0.000000000000000000e+00,0.000000000000000000e+00,1.152129855650718682e-03,-3.452815832255512474e-03,0.000000000000000000e+00
0.000000000000000000e+00,0.000000000000000000e+00,4.643746874218288609e-04,1.206227149918225007e-03,-3.496152808419793548e-03,0.000000000000000000e+00
0.000000000000000000e+00,0.000000000000000000e+00,0.000000000000000000e+00,1.225667239277195009e-03,-3.342449192487280396e-03,0.000000000000000000e+00
0.000000000000000000e+00,0.000000000000000000e+00,0.000000000000000000e+00,1.182689066276942924e-03,-3.403817944779896632e-03,0.000000000000000000e+00
0.000000000000000000e+00,0.000000000000000000e+00,5.342727291508167888e-04,1.200534069490233726e-03,-3.249924076415070407e-03,0.000000000000000000e+00
0.000000000000000000e+00,0.000000000000000000e+00,5.180321348160804758e-04,1.157901765511074477e-03,-3.310722867169187469e-03,0.000000000000000000e+00
0.000000000000000000e+00,0.000000000000000000e+00,0.000000000000000000e+00,1.196297023461023734e-03,-3.254380377278473513e-03,0.000000000000000000e+00
0.000000000000000000e+00,0.000000000000000000e+00,0.000000000000000000e+00,1.252275996573737338e-03,-3.296445910614426156e-03,0.000000000000000000e+00
0.000000000000000000e+00,0.000000000000000000e+00,4.855498173898248749e-04,1.191027731190799849e-03,-3.258096627567935808e-03,0.000000000000000000e+00
0.000000000000000000e+00,0.000000000000000000e+00,4.679965181795181029e-04,1.247334450751110164e-03,-3.299705641891456220e-03,0.000000000000000000e+00
0.000000000000000000e+00,0.000000000000000000e+00,0.000000000000000000e+00,1.286436986977945729e-03,-3.242467855033341617e-03,0.000000000000000000e+00
0.000000000000000000e+00,0.000000000000000000e+00,5.483269074076712679e-04,1.244069796048860501e-03,-3.301651190856386316e-03,0.000000000000000000e+00
0.000000000000000000e+00,0.000000000000000000e+00,5.297837762600757835e-04,1.264828770877140292e-03,-3.145865089361899684e-03,0.000000000000000000e+00
0.000000000000000000e+00,0.000000000000000000e+00,0.000000000000000000e+00,1.224263102327149966e-03,-3.204237688644147319e-03,0.000000000000000000e+00
0.000000000000000000e+00,0.000000000000000000e+00,0.000000000000000000e+00,1.263418631123003344e-03,-3.146333291575938162e-03,0.000000000000000000e+00
0.000000000000000000e+00,0.000000000000000000e+00,4.901159661370878187e-04,1.319855380979832737e-03,-3.186583116412640155e-03,0.000000000000000000e+00
0.000000000000000000e+00,0.000000000000000000e+00,4.702552894468381233e-04,1.261067329857249201e-03,-3.146092408201904642e-03,0.000000000000000000e+00
0.000000000000000000e+00,0.000000000000000000e+00,0.000000000000000000e+00,1.319413667986268912e-03,-3.185599779942240029e-03,0.000000000000000000e+00
0.000000000000000000e+00,0.000000000000000000e+00,5.457460005353909072e-04,1.260372378072875362e-03,-3.144525601467460917e-03,0.000000000000000000e+00
0.000000000000000000e+00,0.000000000000000000e+00,5.248917041050039966e-04,1.318324370302007649e-03,-3.183867124789887138e-03,0.000000000000000000e+00
0.000000000000000000e+00,0.000000000000000000e+00,0.000000000000000000e+00,1.359516683311023932e-03,-3.124238156137028322e-03,0.000000000000000000e+00
0.000000000000000000e+00,0.000000000000000000e+00,4.998690323060430481e-04,1.318482628011919322e-03,-3.180836286471454884e-03,0.000000000000000000e+00
0.000000000000000000e+00,0.000000000000000000e+00,4.780133654834278160e-04,1.359289181050433396e-03,-3.121079321926225822e-03,0.000000000000000000e+00
0.000000000000000000e+00,0.000000000000000000e+00,0.000000000000000000e+00,1.320181266890263494e-03,-3.176819685676068872e-03,0.000000000000000000e+00
0.000000000000000000e+00,0.000000000000000000e+00,0.000000000000000000e+00,1.361346589822010067e-03,-3.116592684074097341e-03,0.000000000000000000e+00
0.000000000000000000e+00,0.000000000000000000e+00,4.280113559270995395e-04,1.419501924766318523e-03,-3.154571735174407140e-03,0.000000000000000000e+00
0.000000000000000000e+00,0.000000000000000000e+00,4.048312042318761217e-04,1.362666987128675032e-03,-3.111367266668841388e-03,0.000000000000000000e+00
0.000000000000000000e+00,0.000000000000000000e+00,0.000000000000000000e+00,1.422537063762607801e-03,-3.148642452662900326e-03,0.000000000000000000e+00
0.000000000000000000e+00,0.000000000000000000e+00,4.733609383807404428e-04,1.365562643404189154e-03,-3.104824443341055226e-03,0.000000000000000000e+00
0.000000000000000000e+00,0.000000000000000000e+00,0.000000000000000000e+00,1.425869626600628770e-03,-3.141587354929385734e-03,0.000000000000000000e+00
0.000000000000000000e+00,0.000000000000000000e+00,0.000000000000000000e+00,1.468263772827715918e-03,-3.079981121625115226e-03,0.000000000000000000e+00
0.000000000000000000e+00,0.000000000000000000e+00,4.171190998774855973e-04,1.428940172370778529e-03,-3.133907143346128382e-03,0.000000000000000000e+00
0.000000000000000000e+00,0.000000000000000000e+00,3.919333293510361520e-04,1.471795898157426388e-03,-3.071821739528043591e-03,0.000000000000000000e+00
0.000000000000000000e+00,0.000000000000000000e+00,0.000000000000000000e+00,1.416925321828133022e-03,-3.026444944133573067e-03,0.000000000000000000e+00
0.000000000000000000e+00,0.000000000000000000e+00,3.577400596795733494e-04,1.476715992517915700e-03,-3.062341297118434131e-03,0.000000000000000000e+00
0.000000000000000000e+00,0.000000000000000000e+00,4.300718454287186460e-04,1.421866856577815768e-03,-3.016656631954698579e-03,0.000000000000000000e+00
0.000000000000000000e+00,0.000000000000000000e+00,0.000000000000000000e+00,1.483285036233850107e-03,-3.051844885917788519e-03,0.000000000000000000e+00
0.000000000000000000e+00,0.000000000000000000e+00,3.937596093694380834e-04,1.526462010752594693e-03,-2.988576508274774432e-03,0.000000000000000000e+00
0.000000000000000000e+00,0.000000000000000000e+00,3.665617424149431643e-04,1.489068127054134650e-03,-3.040643379014305609e-03,0.000000000000000000e+00
0.000000000000000000e+00,0.000000000000000000e+00,0.000000000000000000e+00,1.533906636541515489e-03,-2.976652299624238385e-03,0.000000000000000000e+00
0.000000000000000000e+00,0.000000000000000000e+00,3.281128656137955726e-04,1.496211625216027500e-03,-3.028133338005781477e-03,0.000000000000000000e+00
0.000000000000000000e+00,0.000000000000000000e+00,2.999036977795042805e-04,1.540963500801263751e-03,-2.963931239881569413e-03,0.000000000000000000e+00
0.000000000000000000e+00,0.000000000000000000e+00,0.000000000000000000e+00,1.504957647910365459e-03,-3.014622334458115505e-03,0.000000000000000000e+00
0.000000000000000000e+00,0.000000000000000000e+00,3.578944393783627803e-04,1.549446344026017856e-03,-2.949914206162406252e-03,0.000000000000000000e+00
0.000000000000000000e+00,0.000000000000000000e+00,3.286779494721672680e-04,1.496269954179589448e-03,-2.901787233024740419e-03,0.000000000000000000e+00
0.000000000000000000e+00,0.000000000000000000e+00,0.000000000000000000e+00,1.559078496664145774e-03,-2.934983032682865478e-03,0.000000000000000000e+00
0.000000000000000000e+00,0.000000000000000000e+00,2.859610908188148118e-04,1.604339214058797579e-03,-2.869541803327858420e-03,0.000000000000000000e+00
0.000000000000000000e+00,0.000000000000000000e+00,2.557300906891947804e-04,1.568461792559378096e-03,-2.919205084265558744e-03,0.000000000000000000e+00
0.000000000000000000e+00,0.000000000000000000e+00,0.000000000000000000e+00,1.615041118910420792e-03,-2.853173938238390273e-03,0.000000000000000000e+00
0.000000000000000000e+00,0.000000000000000000e+00,2.108675625316590568e-04,1.579044626107241507e-03,-2.902184781777000702e-03,0.000000000000000000e+00
0.000000000000000000e+00,0.000000000000000000e+00,0.000000000000000000e+00,1.626289942153746892e-03,-2.835604685141858428e-03,0.000000000000000000e+00
0.000000000000000000e+00,0.000000000000000000e+00,0.000000000000000000e+00,1.574528828684584880e-03,-2.785595964888171183e-03,0.000000000000000000e+00
0.000000000000000000e+00,0.000000000000000000e+00,2.312458767391461936e-04,1.637669279422477578e-03,-2.817329008283121078e-03,0.000000000000000000e+00
0.000000000000000000e+00,0.000000000000000000e+00,0.000000000000000000e+00,1.586653366170920343e-03,-2.766581287360611596e-03,0.000000000000000000e+00
0.000000000000000000e+00,0.000000000000000000e+00,0.000000000000000000e+00,1.650585110555713442e-03,-2.797970188821434501e-03,0.000000000000000000e+00
0.000000000000000000e+00,0.000000000000000000e+00,1.498373419769996650e-04,1.599342097548759993e-03,-2.746679019999791020e-03,0.000000000000000000e+00
0.000000000000000000e+00,0.000000000000000000e+00,0.000000000000000000e+00,1.647511912648447208e-03,-2.678828495065413429e-03,0.000000000000000000e+00
0.000000000000000000e+00,0.000000000000000000e+00,0.000000000000000000e+00,1.712000798470669771e-03,-2.709545027500773196e-03,0.000000000000000000e+00
0.000000000000000000e+00,0.000000000000000000e+00,1.639280868378751948e-04,1.661685614489372782e-03,-2.657344983579463388e-03,0.000000000000000000e+00
0.000000000000000000e+00,0.000000000000000000e+00,0.000000000000000000e+00,1.726751414049876310e-03,-2.687459719168387717e-03,0.000000000000000000e+00
0.000000000000000000e+00,0.000000000000000000e+00,1.111741801745015287e-04,1.676636360112533988e-03,-2.634793928872231593e-03,0.000000000000000000e+00
0.000000000000000000e+00,0.000000000000000000e+00,7.618529000734768877e-05,1.741886292539980303e-03,-2.664558456468678858e-03,0.000000000000000000e+00
0.000000000000000000e+00,0.000000000000000000e+00,0.000000000000000000e+00,1.692570003076987462e-03,-2.611470662713763491e-03,0.000000000000000000e+00
0.000000000000000000e+00,0.000000000000000000e+00,2.127143431278924763e-05,1.741931768898406481e-03,-2.541836068976672039e-03,0.000000000000000000e+00
0.000000000000000000e+00,0.000000000000000000e+00,-1.474111621501213993e-05,1.709039904867326121e-03,-2.586933977927476005e-03,0.000000000000000000e+00
0.000000000000000000e+00,0.000000000000000000e+00,0.000000000000000000e+00,1.759258131244223478e-03,-2.516969339452279630e-03,0.000000000000000000e+00
0.000000000000000000e+00,0.000000000000000000e+00,2.690467816760973432e-05,1.710569127831606303e-03,-2.462589155662581620e-03,0.000000000000000000e+00
0.000000000000000000e+00,0.000000000000000000e+00,0.000000000000000000e+00,1.776939461969329059e-03,-2.490966659114739190e-03,0.000000000000000000e+00
0.000000000000000000e+00,0.000000000000000000e+00,-3.162791253604687626e-05,1.728753278652920373e-03,-2.435989026640933766e-03,0.000000000000000000e+00
0.000000000000000000e+00,0.000000000000000000e+00,-6.935796528396321475e-05,1.795501933763048348e-03,-2.463895131542333684e-03,0.000000000000000000e+00
0.000000000000000000e+00,0.000000000000000000e+00,0.000000000000000000e+00,1.747759326862219353e-03,-2.408725567005734480e-03,0.000000000000000000e+00
0.000000000000000000e+00,0.000000000000000000e+00,-1.300587431536615816e-04,1.799104886911081190e-03,-2.337074749031945592e-03,0.000000000000000000e+00
0.000000000000000000e+00,0.000000000000000000e+00,0.000000000000000000e+00,1.767735946777149181e-03,-2.380023289252471141e-03,0.000000000000000000e+00
0.000000000000000000e+00,0.000000000000000000e+00,0.000000000000000000e+00,1.819512413703150422e-03,-2.308272820406728765e-03,0.000000000000000000e+00
0.000000000000000000e+00,0.000000000000000000e+00,-1.329184834513484159e-04,1.788408248708534681e-03,-2.350330493525224027e-03,0.000000000000000000e+00
0.000000000000000000e+00,0.000000000000000000e+00,0.000000000000000000e+00,1.840478726013450306e-03,-2.278229451927536731e-03,0.000000000000000000e+00
0.000000000000000000e+00,0.000000000000000000e+00,-1.972520627763927822e-04,1.794245801456059155e-03,-2.220912407064922368e-03,0.000000000000000000e+00
0.000000000000000000e+00,0.000000000000000000e+00,0.000000000000000000e+00,1.862255553639280414e-03,-2.247180093888336005e-03,0.000000000000000000e+00
0.000000000000000000e+00,0.000000000000000000e+00,0.000000000000000000e+00,1.816389359075465393e-03,-2.189737945979285116e-03,0.000000000000000000e+00
0.000000000000000000e+00,0.000000000000000000e+00,-3.042451952873032267e-04,1.869738541785358026e-03,-2.116040553718872425e-03,0.000000000000000000e+00
0.000000000000000000e+00,0.000000000000000000e+00,0.000000000000000000e+00,1.839666871916501023e-03,-2.156984947349498138e-03,0.000000000000000000e+00
0.000000000000000000e+00,0.000000000000000000e+00,-2.734210078879609380e-04,1.893425330124986605e-03,-2.082840330256414529e-03,0.000000000000000000e+00
0.000000000000000000e+00,0.000000000000000000e+00,0.000000000000000000e+00,1.863519734213947565e-03,-2.123371913015738299e-03,0.000000000000000000e+00
0.000000000000000000e+00,0.000000000000000000e+00,0.000000000000000000e+00,1.917606343190936258e-03,-2.049251763955393935e-03,0.000000000000000000e+00
0.000000000000000000e+00,0.000000000000000000e+00,-3.857908339755964852e-04,1.873339929122570672e-03,-1.989562175251502387e-03,0.000000000000000000e+00
0.000000000000000000e+00,0.000000000000000000e+00,0.000000000000000000e+00,1.942742473879155440e-03,-2.014164116198299825e-03,0.000000000000000000e+00
0.000000000000000000e+00,0.000000000000000000e+00,-4.574291357604820399e-04,1.898986664047593032e-03,-1.953855623028814305e-03,0.000000000000000000e+00
0.000000000000000000e+00,0.000000000000000000e+00,-5.013808339040128461e-04,1.969203610095226174e-03,-1.977577780368397833e-03,0.000000000000000000e+00
0.000000000000000000e+00,0.000000000000000000e+00,0.000000000000000000e+00,1.925334329295536051e-03,-1.917708556485278604e-03,0.000000000000000000e+00
0.000000000000000000e+00,0.000000000000000000e+00,-4.763490851156571872e-04,1.981116546002638715e-03,-1.841473840537557463e-03,0.000000000000000000e+00
0.000000000000000000e+00,0.000000000000000000e+00,0.000000000000000000e+00,1.952583673782593010e-03,-1.880058397682356219e-03,0.000000000000000000e+00
0.000000000000000000e+00,0.000000000000000000e+00,-5.516468898508034317e-04,2.008886744786390639e-03,-1.803275830898063911e-03,0.000000000000000000e+00
0.000000000000000000e+00,0.000000000000000000e+00,0.000000000000000000e+00,1.965741509875162940e-03,-1.742523559989474224e-03,0.000000000000000000e+00
0.000000000000000000e+00,0.000000000000000000e+00,0.000000000000000000e+00,2.037116113971726428e-03,-1.764914382765374323e-03,0.000000000000000000e+00
0.000000000000000000e+00,0.000000000000000000e+00,-6.748278320125782135e-04,1.995326087834997045e-03,-1.702181157100944326e-03,0.000000000000000000e+00
0.000000000000000000e+00,0.000000000000000000e+00,0.000000000000000000e+00,2.051705572840512026e-03,-1.625886134050479048e-03,0.000000000000000000e+00
0.000000000000000000e+00,0.000000000000000000e+00,-7.538060682873386599e-04,2.025234084319643170e-03,-1.661417633701574824e-03,0.000000000000000000e+00
0.000000000000000000e+00,0.000000000000000000e+00,0.000000000000000000e+00,2.082220390299593937e-03,-1.584561168378885443e-03,0.000000000000000000e+00
0.000000000000000000e+00,0.000000000000000000e+00,-7.353657297135086706e-04,2.041363388843896783e-03,-1.520663405869564526e-03,0.000000000000000000e+00
0.000000000000000000e+00,0.000000000000000000e+00,0.000000000000000000e+00,2.113395658341787886e-03,-1.542411050623533619e-03,0.000000000000000000e+00
0.000000000000000000e+00,0.000000000000000000e+00,0.000000000000000000e+00,2.072623035982323891e-03,-1.478895374975947030e-03,0.000000000000000000e+00
0.000000000000000000e+00,0.000000000000000000e+00,-8.661643700941130128e-04,2.146075497950109424e-03,-1.498327966335401490e-03,0.000000000000000000e+00
0.000000000000000000e+00,0.000000000000000000e+00,0.000000000000000000e+00,2.105119826650292403e-03,-1.435192763882965628e-03,0.000000000000000000e+00
0.000000000000000000e+00,0.000000000000000000e+00,-9.503131168119680235e-04,2.065527312871652792e-03,-1.369678645821384043e-03,0.000000000000000000e+00
0.000000000000000000e+00,0.000000000000000000e+00,0.000000000000000000e+00,2.138477745371569760e-03,-1.390486761716200337e-03,0.000000000000000000e+00
0.000000000000000000e+00,0.000000000000000000e+00,-1.035956238662070995e-03,2.099385371789517195e-03,-1.324322157406654073e-03,0.000000000000000000e+00
0.000000000000000000e+00,0.000000000000000000e+00,0.000000000000000000e+00,2.158474908631857758e-03,-1.245621953489109424e-03,0.000000000000000000e+00
0.000000000000000000e+00,0.000000000000000000e+00,0.000000000000000000e+00,2.133738633389170580e-03,-1.279120267836539315e-03,0.000000000000000000e+00
0.000000000000000000e+00,0.000000000000000000e+00,-1.075453666645550914e-03,2.194286654116079597e-03,-1.197715981445115086e-03,0.000000000000000000e+00
0.000000000000000000e+00,0.000000000000000000e+00,0.000000000000000000e+00,2.155028810773229608e-03,-1.132875450123159433e-03,0.000000000000000000e+00
0.000000000000000000e+00,0.000000000000000000e+00,-1.164790624423590274e-03,2.230352073087343585e-03,-1.149868022833887195e-03,0.000000000000000000e+00
0.000000000000000000e+00,0.000000000000000000e+00,0.000000000000000000e+00,2.191543363680659162e-03,-1.084598029464846347e-03,0.000000000000000000e+00
0.000000000000000000e+00,0.000000000000000000e+00,-1.255626911086682798e-03,2.253077508629275014e-03,-1.002031073246318531e-03,0.000000000000000000e+00
0.000000000000000000e+00,0.000000000000000000e+00,0.000000000000000000e+00,2.228936102607215197e-03,-1.035318280529010093e-03,0.000000000000000000e+00
0.000000000000000000e+00,0.000000000000000000e+00,-1.248970194245141961e-03,2.291045607330658221e-03,-9.520579710325002528e-04,0.000000000000000000e+00
0.000000000000000000e+00,0.000000000000000000e+00,0.000000000000000000e+00,2.253300183196471629e-03,-8.858158219328185479e-04,0.000000000000000000e+00
0.000000000000000000e+00,0.000000000000000000e+00,0.000000000000000000e+00,2.329423659263807345e-03,-9.028604049636027029e-04,0.000000000000000000e+00
0.000000000000000000e+00,0.000000000000000000e+00,-1.397302500410679479e-03,2.293118710786276430e-03,-8.329157381033545221e-04,0.000000000000000000e+00
0.000000000000000000e+00,0.000000000000000000e+00,0.000000000000000000e+00,2.355151195889693128e-03,-7.520739434175513494e-04,0.000000000000000000e+00
0.000000000000000000e+00,0.000000000000000000e+00,-1.493349852000131405e-03,2.333245095165191116e-03,-7.804758334017786701e-04,0.000000000000000000e+00
0.000000000000000000e+00,0.000000000000000000e+00,0.000000000000000000e+00,2.296730250518352889e-03,-7.131460061206434942e-04,0.000000000000000000e+00
0.000000000000000000e+00,0.000000000000000000e+00,-1.590902929568048562e-03,2.360380811451377910e-03,-6.279992948122222309e-04,0.000000000000000000e+00
0.000000000000000000e+00,0.000000000000000000e+00,0.000000000000000000e+00,2.338234657887405810e-03,-6.592968864312168109e-04,0.000000000000000000e+00
0.000000000000000000e+00,0.000000000000000000e+00,-1.689963135481305050e-03,2.402362073993473141e-03,-5.735348122565901144e-04,0.000000000000000000e+00
0.000000000000000000e+00,0.000000000000000000e+00,-1.746956637094429542e-03,2.367399100653921028e-03,-5.033192666599218016e-04,0.000000000000000000e+00
0.000000000000000000e+00,0.000000000000000000e+00,-1.691481570231255765e-03,2.445297511284067523e-03,-5.179487475635937734e-04,0.000000000000000000e+00
0.000000000000000000e+00,0.000000000000000000e+00,0.000000000000000000e+00,2.410422213432572569e-03,-4.492936109338971362e-04,0.000000000000000000e+00
0.000000000000000000e+00,0.000000000000000000e+00,0.000000000000000000e+00,2.475325417543028372e-03,-3.646979536168631908e-04,0.000000000000000000e+00
0.000000000000000000e+00,0.000000000000000000e+00,-1.851976928793919565e-03,2.455073201255862994e-03,-3.901543784614643485e-04,0.000000000000000000e+00
0.000000000000000000e+00,0.000000000000000000e+00,0.000000000000000000e+00,2.520116201258248978e-03,-3.073641619431577432e-04,0.000000000000000000e+00
0.000000000000000000e+00,0.000000000000000000e+00,-1.956276383640558839e-03,2.500235925926335128e-03,-3.321160116403129299e-04,0.000000000000000000e+00
0.000000000000000000e+00,0.000000000000000000e+00,0.000000000000000000e+00,2.466719613191559191e-03,-2.624404168493285616e-04,0.000000000000000000e+00
0.000000000000000000e+00,0.000000000000000000e+00,-2.062089456008037777e-03,2.532834124740594890e-03,-1.739841371868529893e-04,0.000000000000000000e+00
0.000000000000000000e+00,0.000000000000000000e+00,0.000000000000000000e+00,2.513329517728979390e-03,-2.030270345832960177e-04,0.000000000000000000e+00
0.000000000000000000e+00,0.000000000000000000e+00,-2.169417568977751506e-03,2.579890387359590632e-03,-1.139218122364276617e-04,0.000000000000000000e+00
0.000000000000000000e+00,0.000000000000000000e+00,0.000000000000000000e+00,2.547609784659732313e-03,-4.349433559780457870e-05,0.000000000000000000e+00
0.000000000000000000e+00,0.000000000000000000e+00,-2.278262149444544062e-03,2.627861369549848187e-03,-5.285228631908288523e-05,0.000000000000000000e+00
0.000000000000000000e+00,0.000000000000000000e+00,0.000000000000000000e+00,2.596176702590380359e-03,1.818494203514875451e-05,0.000000000000000000e+00
0.000000000000000000e+00,0.000000000000000000e+00,-2.289510387605558136e-03,2.663531822896566224e-03,1.084721300824316301e-04,0.000000000000000000e+00
0.000000000000000000e+00,0.000000000000000000e+00,0.000000000000000000e+00,2.645633576964789846e-03,8.061104461334206439e-05,0.000000000000000000e+00
0.000000000000000000e+00,0.000000000000000000e+00,-2.401382304267306745e-03,2.614290449824301088e-03,1.583895103115105145e-04,0.000000000000000000e+00
0.000000000000000000e+00,0.000000000000000000e+00,0.000000000000000000e+00,2.683002359338826359e-03,2.431855735172544497e-04,0.000000000000000000e+00
0.000000000000000000e+00,0.000000000000000000e+00,-2.514775079139961421e-03,2.651984655571025008e-03,3.217009835418909022e-04,0.000000000000000000e+00
0.000000000000000000e+00,0.000000000000000000e+00,0.000000000000000000e+00,2.734406940968270305e-03,3.076181916322404120e-04,0.000000000000000000e+00
0.000000000000000000e+00,0.000000000000000000e+00,-2.629690154317748316e-03,2.703786719950879418e-03,3.868951187382069310e-04,0.000000000000000000e+00
0.000000000000000000e+00,0.000000000000000000e+00,-2.694238146366196782e-03,2.773253405931947174e-03,4.759550337577021653e-04,0.000000000000000000e+00
0.000000000000000000e+00,0.000000000000000000e+00,-2.746128975777569446e-03,2.756521190961585578e-03,4.530961305084593455e-04,0.000000000000000000e+00
0.000000000000000000e+00,0.000000000000000000e+00,0.000000000000000000e+00,2.827241802471847087e-03,5.389436175803688500e-04,0.000000000000000000e+00
0.000000000000000000e+00,0.000000000000000000e+00,-2.764931007685936075e-03,2.797314481745123357e-03,6.196123021700139077e-04,0.000000000000000000e+00
0.000000000000000000e+00,0.000000000000000000e+00,0.000000000000000000e+00,2.782360952688800459e-03,5.936746693556427257e-04,0.000000000000000000e+00
0.000000000000000000e+00,0.000000000000000000e+00,-2.884412208891554055e-03,2.851995640164764478e-03,6.878397953291490955e-04,0.000000000000000000e+00
0.000000000000000000e+00,0.000000000000000000e+00,0.000000000000000000e+00,2.824981424286776566e-03,7.613925167840041031e-04,0.000000000000000000e+00
0.000000000000000000e+00,0.000000000000000000e+00,-3.005421603703904883e-03,2.808438813193102172e-03,7.443349907500296844e-04,0.000000000000000000e+00
0.000000000000000000e+00,0.000000000000000000e+00,0.000000000000000000e+00,2.682847135391908111e-03,8.058168018854616754e-04,0.000000000000000000e+00
0.000000000000000000e+00,0.000000000000000000e+00,-3.127960653553386264e-03,2.653954386729844798e-03,8.885099116890854453e-04,0.000000000000000000e+00
0.000000000000000000e+00,0.000000000000000000e+00,0.000000000000000000e+00,2.541632009533056902e-03,8.515571624755427504e-04,0.000000000000000000e+00
0.000000000000000000e+00,0.000000000000000000e+00,-3.252030823818158160e-03,2.513121735664203705e-03,9.348057283791888104e-04,0.000000000000000000e+00
0.000000000000000000e+00,0.000000000000000000e+00,-3.320945443463443544e-03,2.499054981462415798e-03,9.151545231369696701e-04,0.000000000000000000e+00
0.000000000000000000e+00,0.000000000000000000e+00,-3.278425963055288037e-03,2.472395526320459499e-03,9.950554851930028602e-04,0.000000000000000000e+00
0.000000000000000000e+00,0.000000000000000000e+00,0.000000000000000000e+00,2.448068834970063001e-03,1.071100773461376721e-03,0.000000000000000000e+00
0.000000000000000000e+00,0.000000000000000000e+00,-3.405553743164850804e-03,2.333404066237608140e-03,1.043873523948832737e-03,0.000000000000000000e+00
0.000000000000000000e+00,0.000000000000000000e+00,0.000000000000000000e+00,2.309727978824005490e-03,1.120623959994154761e-03,0.000000000000000000e+00
0.000000000000000000e+00,0.000000000000000000e+00,-3.534217148566860291e-03,2.182960659786999189e-03,1.193220395721815603e-03,0.000000000000000000e+00
0.000000000000000000e+00,0.000000000000000000e+00,0.000000000000000000e+00,2.172321936036780698e-03,1.171461829084036177e-03,0.000000000000000000e+00
0.000000000000000000e+00,0.000000000000000000e+00,-3.664417660351863577e-03,2.045893153096001605e-03,1.244648258308729983e-03,0.000000000000000000e+00
0.000000000000000000e+00,0.000000000000000000e+00,0.000000000000000000e+00,2.023774657006982558e-03,1.322883997680032730e-03,0.000000000000000000e+00
0.000000000000000000e+00,0.000000000000000000e+00,-3.796156763618322404e-03,1.909756152815576032e-03,1.297375595692207501e-03,0.000000000000000000e+00
0.000000000000000000e+00,0.000000000000000000e+00,0.000000000000000000e+00,1.888216118380525721e-03,1.376564057689551313e-03,0.000000000000000000e+00
0.000000000000000000e+00,0.000000000000000000e+00,-3.830184776126747438e-03,1.774507302662515530e-03,1.351506144805161716e-03,0.000000000000000000e+00
0.000000000000000000e+00,0.000000000000000000e+00,0.000000000000000000e+00,1.753711032824845084e-03,1.431340866194903694e-03,0.000000000000000000e+00
0.000000000000000000e+00,0.000000000000000000e+00,-3.964996908930753725e-03,1.640237558038605678e-03,1.406824791320639752e-03,0.000000000000000000e+00
0.000000000000000000e+00,0.000000000000000000e+00,0.000000000000000000e+00,1.620156496214386621e-03,1.487430898275909907e-03,0.000000000000000000e+00
0.000000000000000000e+00,0.000000000000000000e+00,-4.101352196578066274e-03,1.494895403185489977e-03,1.562717081025236359e-03,0.000000000000000000e+00
0.000000000000000000e+00,0.000000000000000000e+00,-4.064812473809193381e-03,1.484112851515982396e-03,1.547884332814101604e-03,0.000000000000000000e+00
0.000000000000000000e+00,0.000000000000000000e+00,0.000000000000000000e+00,1.365871209285551835e-03,1.617902182153199697e-03,0.000000000000000000e+00
0.000000000000000000e+00,0.000000000000000000e+00,-4.203512329272010226e-03,1.352245880911418863e-03,1.606405847771075332e-03,0.000000000000000000e+00
0.000000000000000000e+00,0.000000000000000000e+00,0.000000000000000000e+00,1.234744105709340012e-03,1.677302291257374428e-03,0.000000000000000000e+00
0.000000000000000000e+00,0.000000000000000000e+00,-4.343759135841996494e-03,1.221328935369071517e-03,1.666224132800874251e-03,0.000000000000000000e+00
0.000000000000000000e+00,0.000000000000000000e+00,0.000000000000000000e+00,1.104421490619511559e-03,1.738144093224414793e-03,0.000000000000000000e+00
0.000000000000000000e+00,0.000000000000000000e+00,-4.386256798490253787e-03,1.091292325361327724e-03,1.727412784275325890e-03,0.000000000000000000e+00
0.000000000000000000e+00,0.000000000000000000e+00,0.000000000000000000e+00,1.074559278832598608e-03,1.811665249443102088e-03,0.000000000000000000e+00
0.000000000000000000e+00,0.000000000000000000e+00,-4.529593868679890334e-03,9.505865125670701771e-04,1.889131116529565784e-03,0.000000000000000000e+00
0.000000000000000000e+00,0.000000000000000000e+00,-4.496666021496585619e-03,9.418315309333840247e-04,1.876971400437728831e-03,0.000000000000000000e+00
0.000000000000000000e+00,0.000000000000000000e+00,0.000000000000000000e+00,8.269860126015604607e-04,1.951014905009883921e-03,0.000000000000000000e+00
0.000000000000000000e+00,0.000000000000000000e+00,-4.642358200607081369e-03,8.143056042722779169e-04,1.941277624036595985e-03,0.000000000000000000e+00
0.000000000000000000e+00,0.000000000000000000e+00,0.000000000000000000e+00,7.002648392668842092e-04,2.016252071899864162e-03,0.000000000000000000e+00
0.000000000000000000e+00,0.000000000000000000e+00,-4.789604279028661545e-03,6.877456255669071091e-04,2.006878440305925534e-03,0.000000000000000000e+00
0.000000000000000000e+00,0.000000000000000000e+00,0.000000000000000000e+00,6.736952471921853203e-04,2.094129841629512739e-03,0.000000000000000000e+00
0.000000000000000000e+00,0.000000000000000000e+00,-4.839071966512877888e-03,5.620583649701021457e-04,2.073824440944844593e-03,0.000000000000000000e+00
0.000000000000000000e+00,0.000000000000000000e+00,-4.908304755979316092e-03,5.549729875178242801e-04,2.063686566763033546e-03,0.000000000000000000e+00
0.000000000000000000e+00,0.000000000000000000e+00,0.000000000000000000e+00,4.425701998855835484e-04,2.140975005568573203e-03,0.000000000000000000e+00
0.000000000000000000e+00,0.000000000000000000e+00,-4.960123200460901660e-03,4.307118735873901607e-04,2.132516406358691587e-03,0.000000000000000000e+00
0.000000000000000000e+00,0.000000000000000000e+00,0.000000000000000000e+00,4.186480001768799752e-04,2.221783166755780803e-03,0.000000000000000000e+00
0.000000000000000000e+00,0.000000000000000000e+00,-5.112839614811607106e-03,3.075255274386293463e-04,2.202588610955158108e-03,0.000000000000000000e+00
0.000000000000000000e+00,0.000000000000000000e+00,-5.084762263582454957e-03,2.902331738176644558e-04,2.293337815668655341e-03,0.000000000000000000e+00
0.000000000000000000e+00,0.000000000000000000e+00,-5.167756038858866557e-03,1.852100748883585594e-04,2.273987250086401991e-03,0.000000000000000000e+00
0.000000000000000000e+00,0.000000000000000000e+00,-5.140482442288386508e-03,1.684470692343954335e-04,2.365341752744924524e-03,0.000000000000000000e+00
0.000000000000000000e+00,0.000000000000000000e+00,0.000000000000000000e+00,1.694096745143980343e-04,2.357369484945075200e-03,0.000000000000000000e+00
0.000000000000000000e+00,0.000000000000000000e+00,-5.297123961863727491e-03,4.775893360151196160e-05,2.438597917783765900e-03,0.000000000000000000e+00
0.000000000000000000e+00,0.000000000000000000e+00,-5.271075555821303979e-03,4.288367739558666790e-05,2.431458541317349942e-03,0.000000000000000000e+00
0.000000000000000000e+00,0.000000000000000000e+00,0.000000000000000000e+00,4.485627437333938872e-05,2.424699697385172825e-03,0.000000000000000000e+00
0.000000000000000000e+00,0.000000000000000000e+00,-5.430092459537453307e-03,-7.634768287824137301e-05,2.506601357647859907e-03,0.000000000000000000e+00
0.000000000000000000e+00,0.000000000000000000e+00,0.000000000000000000e+00,-7.376086174559759456e-05,2.500794083128133477e-03,0.000000000000000000e+00
0.000000000000000000e+00,0.000000000000000000e+00,-5.491285038415518426e-03,-9.531310212048134238e-05,2.593985447504132749e-03,0.000000000000000000e+00
0.000000000000000000e+00,0.000000000000000000e+00,-5.566666984808251936e-03,-1.983048633103842034e-04,2.577367632974492812e-03,0.000000000000000000e+00
0.000000000000000000e+00,0.000000000000000000e+00,0.000000000000000000e+00,-1.946694913028679252e-04,2.572786250669107516e-03,0.000000000000000000e+00
0.000000000000000000e+00,0.000000000000000000e+00,-5.630229218636310061e-03,-2.157956385854014800e-04,2.666528081679712513e-03,0.000000000000000000e+00
0.000000000000000000e+00,0.000000000000000000e+00,0.000000000000000000e+00,-3.108050482875102105e-04,2.652052593498540473e-03,0.000000000000000000e+00
0.000000000000000000e+00,0.000000000000000000e+00,-5.695349186049099462e-03,-3.209288728716793424e-04,2.646651116024798141e-03,0.000000000000000000e+00
0.000000000000000000e+00,0.000000000000000000e+00,-5.673374560200645546e-03,-3.342491104695545696e-04,2.741843320445224927e-03,0.000000000000000000e+00
0.000000000000000000e+00,0.000000000000000000e+00,0.000000000000000000e+00,-4.280336810044138574e-04,2.728703770556430153e-03,0.000000000000000000e+00
0.000000000000000000e+00,0.000000000000000000e+00,-5.840284701872293198e-03,-4.485275788871093605e-04,2.823252476605330775e-03,0.000000000000000000e+00
0.000000000000000000e+00,0.000000000000000000e+00,-5.819543422001319244e-03,-4.503871143351423291e-04,2.819900704254205050e-03,0.000000000000000000e+00
0.000000000000000000e+00,0.000000000000000000e+00,0.000000000000000000e+00,-5.433382672812570036e-04,2.808100179653008621e-03,0.000000000000000000e+00
0.000000000000000000e+00,0.000000000000000000e+00,-5.889413131739758452e-03,-5.633248851823070402e-04,2.903194021751070997e-03,0.000000000000000000e+00
0.000000000000000000e+00,0.000000000000000000e+00,0.000000000000000000e+00,-5.556974341901499415e-04,2.902677648123311305e-03,0.000000000000000000e+00
0.000000000000000000e+00,0.000000000000000000e+00,-6.060285460632057995e-03,-5.651585832583280950e-04,2.898811041690646430e-03,0.000000000000000000e+00
0.000000000000000000e+00,0.000000000000000000e+00,-6.041592231677530601e-03,-6.757770556055705136e-04,2.985885888298909011e-03,0.000000000000000000e+00
0.000000000000000000e+00,0.000000000000000000e+00,0.000000000000000000e+00,-6.672743907046863043e-04,2.986606975055396823e-03,0.000000000000000000e+00
0.000000000000000000e+00,0.000000000000000000e+00,-6.115413208653433172e-03,-6.763547343846340468e-04,2.983268293692886708e-03,0.000000000000000000e+00
0.000000000000000000e+00,0.000000000000000000e+00,-6.197407146822766881e-03,-7.860174901523857673e-04,3.071333523185325234e-03,0.000000000000000000e+00
0.000000000000000000e+00,0.000000000000000000e+00,0.000000000000000000e+00,-7.763141632827208483e-04,3.073329092951198466e-03,0.000000000000000000e+00
0.000000000000000000e+00,0.000000000000000000e+00,-6.273618371862321220e-03,-7.851812190263836484e-04,3.070479353444600934e-03,0.000000000000000000e+00
0.000000000000000000e+00,0.000000000000000000e+00,-6.257399638819117690e-03,-7.947320757141418043e-04,3.169783568169126566e-03,0.000000000000000000e+00
0.000000000000000000e+00,0.000000000000000000e+00,0.000000000000000000e+00,-8.834218261876136680e-04,3.162760537563116120e-03,0.000000000000000000e+00
0.000000000000000000e+00,0.000000000000000000e+00,-6.335999175097670882e-03,-8.919424116695417234e-04,3.160430772103543090e-03,0.000000000000000000e+00
0.000000000000000000e+00,0.000000000000000000e+00,-6.420492255960050763e-03,-8.903505323340625034e-04,3.161153935268049085e-03,0.000000000000000000e+00
0.000000000000000000e+00,0.000000000000000000e+00,0.000000000000000000e+00,-8.884277517762217968e-04,3.264813146787545750e-03,0.000000000000000000e+00
0.000000000000000000e+00,0.000000000000000000e+00,-6.501489847577157817e-03,-9.963000293911376207e-04,3.253143228591574496e-03,0.000000000000000000e+00
0.000000000000000000e+00,0.000000000000000000e+00,-6.487753382997333250e-03,-9.941550715950756099e-04,3.254726803577615360e-03,0.000000000000000000e+00
0.000000000000000000e+00,0.000000000000000000e+00,0.000000000000000000e+00,-9.910066263729699898e-04,3.359643076542080664e-03,0.000000000000000000e+00
0.000000000000000000e+00,0.000000000000000000e+00,-6.571147323413889692e-03,-9.990824347306203040e-04,3.358581241901589711e-03,0.000000000000000000e+00
0.000000000000000000e+00,0.000000000000000000e+00,-6.558652893200582826e-03,-1.095712444905312232e-03,3.351041285765098566e-03,0.000000000000000000e+00
0.000000000000000000e+00,0.000000000000000000e+00,0.000000000000000000e+00,-1.081702792795846690e-03,3.357676143292884913e-03,0.000000000000000000e+00
0.000000000000000000e+00,0.000000000000000000e+00,-6.644447267844170828e-03,-1.099097939894288752e-03,3.456666882118498204e-03,0.000000000000000000e+00
0.000000000000000000e+00,0.000000000000000000e+00,-6.633196876496426711e-03,-1.095503281105807310e-03,3.459966477549893376e-03,0.000000000000000000e+00
0.000000000000000000e+00,0.000000000000000000e+00,-6.731824473608074601e-03,-1.091586046304478990e-03,3.463918168501869867e-03,0.000000000000000000e+00
0.000000000000000000e+00,0.000000000000000000e+00,-6.721395781157278419e-03,-1.187042762091292331e-03,3.457974831325936419e-03,0.000000000000000000e+00
0.000000000000000000e+00,0.000000000000000000e+00,-6.711391437617356126e-03,-1.182748223856098548e-03,3.462147160408186788e-03,0.000000000000000000e+00
0.000000000000000000e+00,0.000000000000000000e+00,0.000000000000000000e+00,-1.176088136668251849e-03,3.570438738183807914e-03,0.000000000000000000e+00
0.000000000000000000e+00,0.000000000000000000e+00,-6.801998978493470349e-03,-1.183082788135851734e-03,3.571238315488119586e-03,0.000000000000000000e+00
0.000000000000000000e+00,0.000000000000000000e+00,-6.793242696169353619e-03,-1.178053931077210860e-03,3.576252787322252349e-03,0.000000000000000000e+00
0.000000000000000000e+00,0.000000000000000000e+00,0.000000000000000000e+00,-1.260282826162750780e-03,3.576556745927311071e-03,0.000000000000000000e+00
0.000000000000000000e+00,0.000000000000000000e+00,-6.886262989906723198e-03,-1.276351562721844603e-03,3.677435604588717797e-03,0.000000000000000000e+00
0.000000000000000000e+00,0.000000000000000000e+00,-6.878756786688193514e-03,-1.270584803178647672e-03,3.683322409672091114e-03,0.000000000000000000e+00
0.000000000000000000e+00,0.000000000000000000e+00,0.000000000000000000e+00,-1.251985831573709795e-03,3.694184849873789062e-03,0.000000000000000000e+00
0.000000000000000000e+00,0.000000000000000000e+00,-6.974193960424102286e-03,-1.258255113246179585e-03,3.696339833258718843e-03,0.000000000000000000e+00
0.000000000000000000e+00,0.000000000000000000e+00,-6.967939858708816110e-03,-1.251776898822529443e-03,3.703068221745081830e-03,0.000000000000000000e+00
0.000000000000000000e+00,0.000000000000000000e+00,-6.962112314130810241e-03,-1.354065472152159383e-03,3.800168250367563089e-03,0.000000000000000000e+00
0.000000000000000000e+00,0.000000000000000000e+00,-7.065798050110893604e-03,-1.346997240156612430e-03,3.807905530922618687e-03,0.000000000000000000e+00
0.000000000000000000e+00,0.000000000000000000e+00,-7.060798076822182370e-03,-1.339773609379308131e-03,3.815505712979676018e-03,0.000000000000000000e+00
0.000000000000000000e+00,0.000000000000000000e+00,-7.056225327049161361e-03,-1.332311050300311528e-03,3.823386164709876179e-03,0.000000000000000000e+00
0.000000000000000000e+00,0.000000000000000000e+00,0.000000000000000000e+00,-1.311184184231262151e-03,3.836579572678990718e-03,0.000000000000000000e+00
0.000000000000000000e+00,0.000000000000000000e+00,-7.157337620739500327e-03,-1.316579380945083434e-03,3.840407337912759515e-03,0.000000000000000000e+00
0.000000000000000000e+00,0.000000000000000000e+00,-7.154021698599822947e-03,-1.417230437834617312e-03,3.939430377007884822e-03,0.000000000000000000e+00
0.000000000000000000e+00,0.000000000000000000e+00,-7.151133886980874654e-03,-1.408776963486681752e-03,3.948462383747877898e-03,0.000000000000000000e+00
0.000000000000000000e+00,0.000000000000000000e+00,-7.157999749700143070e-03,-1.400205436695922982e-03,3.958174655927530240e-03,0.000000000000000000e+00
0.000000000000000000e+00,0.000000000000000000e+00,-7.155939020765485735e-03,-1.391268788899792906e-03,3.967767805286482978e-03,0.000000000000000000e+00
0.000000000000000000e+00,0.000000000000000000e+00,-7.154307086081595352e-03,-1.382090360363049612e-03,3.977641054026577992e-03,0.000000000000000000e+00
0.000000000000000000e+00,0.000000000000000000e+00,0.000000000000000000e+00,-1.358495896084277454e-03,3.993079427497124578e-03,0.000000000000000000e+00
0.000000000000000000e+00,0.000000000000000000e+00,-7.261112441970072641e-03,-1.371996429400413990e-03,4.098252895657751235e-03,0.000000000000000000e+00
0.000000000000000000e+00,0.000000000000000000e+00,-7.260742130118640406e-03,-1.362058848961863891e-03,4.108966959182724053e-03,0.000000000000000000e+00
0.000000000000000000e+00,0.000000000000000000e+00,-7.260801503506655527e-03,-1.451465992141223000e-03,4.110939405993469832e-03,0.000000000000000000e+00
0.000000000000000000e+00,0.000000000000000000e+00,0.000000000000000000e+00,-1.426168776650804659e-03,4.127862633404200121e-03,0.000000000000000000e+00
0.000000000000000000e+00,0.000000000000000000e+00,-7.271293389009750481e-03,-1.430498191532148314e-03,4.134245107239524486e-03,0.000000000000000000e+00
0.000000000000000000e+00,0.000000000000000000e+00,-7.272613549770913510e-03,-1.419583647789600259e-03,4.146110109135054018e-03,0.000000000000000000e+00
0.000000000000000000e+00,0.000000000000000000e+00,0.000000000000000000e+00,-1.393390659324866832e-03,4.163767750540590257e-03,0.000000000000000000e+00
0.000000000000000000e+00,0.000000000000000000e+00,-7.385135106671055806e-03,-1.396921876878802612e-03,4.171135432354724365e-03,0.000000000000000000e+00
0.000000000000000000e+00,0.000000000000000000e+00,-7.387721708878093249e-03,-1.394107420083673474e-03,4.283449002531462824e-03,0.000000000000000000e+00
0.000000000000000000e+00,0.000000000000000000e+00,-7.390739578012842786e-03,-1.382178832168967164e-03,4.296434255788256044e-03,0.000000000000000000e+00
0.000000000000000000e+00,0.000000000000000000e+00,0.000000000000000000e+00,-1.354156468471034991e-03,4.315166422808307950e-03,0.000000000000000000e+00
0.000000000000000000e+00,0.000000000000000000e+00,-7.506548772708459757e-03,-1.457090897657971904e-03,4.314968160623573225e-03,0.000000000000000000e+00
0.000000000000000000e+00,0.000000000000000000e+00,-7.510835817271737692e-03,-1.444419477131445636e-03,4.328823295091247317e-03,0.000000000000000000e+00
0.000000000000000000e+00,0.000000000000000000e+00,-7.515555026122790715e-03,-1.431500177751083430e-03,4.342958164498426227e-03,0.000000000000000000e+00
0.000000000000000000e+00,0.000000000000000000e+00,0.000000000000000000e+00,-1.402037640069075941e-03,4.363111480968826644e-03,0.000000000000000000e+00
0.000000000000000000e+00,0.000000000000000000e+00,-7.535041636569012914e-03,-1.405039435684906843e-03,4.372508233710087518e-03,0.000000000000000000e+00
0.000000000000000000e+00,0.000000000000000000e+00,-7.541029365323869554e-03,-1.391372759559081958e-03,4.387483599771571999e-03,0.000000000000000000e+00
0.000000000000000000e+00,0.000000000000000000e+00,-7.547450171889840721e-03,-1.386022635057377770e-03,4.502367249641081419e-03,0.000000000000000000e+00
0.000000000000000000e+00,0.000000000000000000e+00,0.000000000000000000e+00,-1.354847253593360890e-03,4.523502487651927945e-03,0.000000000000000000e+00
0.000000000000000000e+00,0.000000000000000000e+00,-7.669852987066434237e-03,-1.357261920696787054e-03,4.534204602527009201e-03,0.000000000000000000e+00
0.000000000000000000e+00,0.000000000000000000e+00,-7.677548504386041799e-03,-1.342563134257091948e-03,4.550299385716450803e-03,0.000000000000000000e+00
0.000000000000000000e+00,0.000000000000000000e+00,-7.685678001520659074e-03,-1.327613239633382855e-03,4.566673747811030373e-03,0.000000000000000000e+00
0.000000000000000000e+00,0.000000000000000000e+00,-7.702783516820905022e-03,-1.312525440460546875e-03,4.583789509354022074e-03,0.000000000000000000e+00
0.000000000000000000e+00,0.000000000000000000e+00,-7.612114623647508321e-03,-1.297310296801139741e-03,4.600696448640765636e-03,0.000000000000000000e+00
0.000000000000000000e+00,0.000000000000000000e+00,-7.621515017391354563e-03,-1.281603847167356314e-03,4.617911843301808310e-03,0.000000000000000000e+00
0.000000000000000000e+00,0.000000000000000000e+00,-7.631350322594196434e-03,-1.365293867928782292e-03,4.627076455510789610e-03,0.000000000000000000e+00
0.000000000000000000e+00,0.000000000000000000e+00,0.000000000000000000e+00,-1.331417310077909200e-03,4.650463830908883878e-03,0.000000000000000000e+00
0.000000000000000000e+00,0.000000000000000000e+00,-7.760373449843356239e-03,-1.332488661613705390e-03,4.663463535037033411e-03,0.000000000000000000e+00
0.000000000000000000e+00,0.000000000000000000e+00,-7.771489075001050857e-03,-1.315766636133446814e-03,4.681827273422872401e-03,0.000000000000000000e+00
0.000000000000000000e+00,0.000000000000000000e+00,-7.683386388455928397e-03,-1.299034762556956508e-03,4.700442141818830973e-03,0.000000000000000000e+00
0.000000000000000000e+00,0.000000000000000000e+00,0.000000000000000000e+00,-1.263722384621801531e-03,4.724731813418491660e-03,0.000000000000000000e+00
0.000000000000000000e+00,0.000000000000000000e+00,-7.815731340373307037e-03,-1.264181821202738044e-03,4.739072018260644288e-03,0.000000000000000000e+00
0.000000000000000000e+00,0.000000000000000000e+00,-7.828562700916617129e-03,-1.246438297200472452e-03,4.758555199749523595e-03,0.000000000000000000e+00
0.000000000000000000e+00,0.000000000000000000e+00,-7.841830802012153892e-03,-1.228438822067042359e-03,4.778317742683056354e-03,0.000000000000000000e+00
0.000000000000000000e+00,0.000000000000000000e+00,0.000000000000000000e+00,-1.191893807011679129e-03,4.803469679072192022e-03,0.000000000000000000e+00
0.000000000000000000e+00,0.000000000000000000e+00,-7.877841805740696396e-03,-1.191772119212796549e-03,4.819165587192431217e-03,0.000000000000000000e+00
0.000000000000000000e+00,0.000000000000000000e+00,-7.892392701868561344e-03,-1.181003984779711901e-03,4.939447524393758039e-03,0.000000000000000000e+00
0.000000000000000000e+00,0.000000000000000000e+00,-7.907381263275529634e-03,-1.161945601202822717e-03,4.960329369788860424e-03,0.000000000000000000e+00
0.000000000000000000e+00,0.000000000000000000e+00,-7.922807714898399620e-03,-1.142629283279175982e-03,4.981490492571815677e-03,0.000000000000000000e+00
0.000000000000000000e+00,0.000000000000000000e+00,0.000000000000000000e+00,-1.103764629403758413e-03,5.007771373212281663e-03,0.000000000000000000e+00
0.000000000000000000e+00,0.000000000000000000e+00,-7.962994738344547976e-03,-1.103313799506574523e-03,5.025155450200169578e-03,0.000000000000000000e+00
0.000000000000000000e+00,0.000000000000000000e+00,-7.979707572005350150e-03,-1.083219308902174738e-03,5.047156405826290666e-03,0.000000000000000000e+00
0.000000000000000000e+00,0.000000000000000000e+00,-7.996859223414361922e-03,-1.062865277187806856e-03,5.069436580762295974e-03,0.000000000000000000e+00
0.000000000000000000e+00,0.000000000000000000e+00,0.000000000000000000e+00,-1.022415488032946129e-03,5.096569569022338375e-03,0.000000000000000000e+00
0.000000000000000000e+00,0.000000000000000000e+00,-8.040384510691968994e-03,-1.021461400067193983e-03,5.115348156413477253e-03,0.000000000000000000e+00
0.000000000000000000e+00,0.000000000000000000e+00,-8.058825438096297450e-03,-1.000324273513487384e-03,5.138468104138772460e-03,0.000000000000000000e+00
0.000000000000000000e+00,0.000000000000000000e+00,-8.077706113059730450e-03,-9.789260012668750312e-04,5.161867215465566067e-03,0.000000000000000000e+00
0.000000000000000000e+00,0.000000000000000000e+00,-7.997330157578488863e-03,-9.575318081904807569e-04,5.185535138273161815e-03,0.000000000000000000e+00
0.000000000000000000e+00,0.000000000000000000e+00,0.000000000000000000e+00,-9.147720746562892913e-04,5.213714853068523308e-03,0.000000000000000000e+00
0.000000000000000000e+00,0.000000000000000000e+00,-8.144750611558986692e-03,-9.132339789074627422e-04,5.234264459522104153e-03,0.000000000000000000e+00
0.000000000000000000e+00,0.000000000000000000e+00,-8.165364143459473076e-03,-8.907849477095871726e-04,5.258782401354845232e-03,0.000000000000000000e+00
0.000000000000000000e+00,0.000000000000000000e+00,-8.086713492695964470e-03,-8.683425527533303323e-04,5.283573617733944468e-03,0.000000000000000000e+00
0.000000000000000000e+00,0.000000000000000000e+00,-8.108206152640847625e-03,-8.453679225185976170e-04,5.308650884126797642e-03,0.000000000000000000e+00
0.000000000000000000e+00,0.000000000000000000e+00,-8.137791277060921202e-03,-8.221938696190071554e-04,5.334542031398137839e-03,0.000000000000000000e+00
0.000000000000000000e+00,0.000000000000000000e+00,-8.160138623753315432e-03,-7.986886742619353280e-04,5.360179898740106280e-03,0.000000000000000000e+00
0.000000000000000000e+00,0.000000000000000000e+00,-8.083214984555444141e-03,-7.751929073738568921e-04,5.386095784152854227e-03,0.000000000000000000e+00
0.000000000000000000e+00,0.000000000000000000e+00,-8.106443406015380673e-03,-7.511589954597574104e-04,5.412292958978189364e-03,0.000000000000000000e+00
0.000000000000000000e+00,0.000000000000000000e+00,-8.130114149486901073e-03,-7.268595838581592495e-04,5.438769163630826319e-03,0.000000000000000000e+00
0.000000000000000000e+00,0.000000000000000000e+00,-8.161740169431330738e-03,-7.023467796830753325e-04,5.466071924815432866e-03,0.000000000000000000e+00
0.000000000000000000e+00,0.000000000000000000e+00,-8.086547693614973970e-03,-6.704381460998304560e-04,5.393381371383331249e-03,0.000000000000000000e+00
0.000000000000000000e+00,0.000000000000000000e+00,-8.111515835452443035e-03,-6.380427547013651102e-04,5.320967065676331792e-03,0.000000000000000000e+00
0.000000000000000000e+00,0.000000000000000000e+00,-8.136927250327941064e-03,-6.054377243057094959e-04,5.248831696762159930e-03,0.000000000000000000e+00
0.000000000000000000e+00,0.000000000000000000e+00,-8.063053885151985276e-03,-5.728848421321604050e-04,5.176981860124762851e-03,0.000000000000000000e+00
0.000000000000000000e+00,0.000000000000000000e+00,0.000000000000000000e+00,-5.192167421566029617e-04,5.108046310326994771e-03,0.000000000000000000e+00
0.000000000000000000e+00,0.000000000000000000e+00,-8.223170461949565538e-03,-5.063949995315903795e-04,5.034602951206878889e-03,0.000000000000000000e+00
0.000000000000000000e+00,0.000000000000000000e+00,-8.150595996839137339e-03,-4.731946704991248326e-04,4.963585677855854306e-03,0.000000000000000000e+00
0.000000000000000000e+00,0.000000000000000000e+00,-8.178196507707007068e-03,-4.395277567852122372e-04,4.892838667231638045e-03,0.000000000000000000e+00
0.000000000000000000e+00,0.000000000000000000e+00,-8.206241702254321937e-03,-4.056484456284138794e-04,4.822370545436706520e-03,0.000000000000000000e+00
0.000000000000000000e+00,0.000000000000000000e+00,0.000000000000000000e+00,-3.524657214738491362e-04,4.754130781880770706e-03,0.000000000000000000e+00
0.000000000000000000e+00,0.000000000000000000e+00,-8.270877275290203223e-03,-3.372701479889666501e-04,4.682739186719932049e-03,0.000000000000000000e+00
0.000000000000000000e+00,0.000000000000000000e+00,-8.200487019097675925e-03,-3.029799599933919504e-04,4.613115777190964460e-03,0.000000000000000000e+00
0.000000000000000000e+00,0.000000000000000000e+00,-8.230282745525894714e-03,-2.682396156014050072e-04,4.543757189730096048e-03,0.000000000000000000e+00
0.000000000000000000e+00,0.000000000000000000e+00,-8.260524341537111084e-03,-2.332845762084989356e-04,4.474677461382822394e-03,0.000000000000000000e+00
0.000000000000000000e+00,0.000000000000000000e+00,-8.191461512551697841e-03,-1.983355884552206994e-04,4.405895264918931360e-03,0.000000000000000000e+00
0.000000000000000000e+00,0.000000000000000000e+00,0.000000000000000000e+00,-1.450983271814587638e-04,4.338429292880856269e-03,0.000000000000000000e+00
0.000000000000000000e+00,0.000000000000000000e+00,-8.261220538332876215e-03,-1.273406530522937848e-04,4.269558819405123301e-03,0.000000000000000000e+00
0.000000000000000000e+00,0.000000000000000000e+00,-8.293217616992231908e-03,-9.151534326712787806e-05,4.201588733769995310e-03,0.000000000000000000e+00
0.000000000000000000e+00,0.000000000000000000e+00,-8.225904534803906917e-03,-6.254013947355867309e-05,4.233683974702103989e-03,0.000000000000000000e+00
0.000000000000000000e+00,0.000000000000000000e+00,-8.258793371432903915e-03,-2.624844785093974732e-05,4.166272810758864936e-03,0.000000000000000000e+00
0.000000000000000000e+00,0.000000000000000000e+00,0.000000000000000000e+00,2.728511342353634461e-05,4.099459865051320248e-03,0.000000000000000000e+00
0.000000000000000000e+00,0.000000000000000000e+00,-8.332828276909568649e-03,4.700538779493062256e-05,4.032689256808386948e-03,0.000000000000000000e+00
0.000000000000000000e+00,0.000000000000000000e+00,-8.367032861688742870e-03,8.395547818293867186e-05,3.966107778209082210e-03,0.000000000000000000e+00
0.000000000000000000e+00,0.000000000000000000e+00,-8.301919427601179777e-03,1.209309082162638148e-04,3.899835466971321787e-03,0.000000000000000000e+00
0.000000000000000000e+00,0.000000000000000000e+00,-8.337018216864913039e-03,1.583234888221484577e-04,3.833812930364855279e-03,0.000000000000000000e+00
0.000000000000000000e+00,0.000000000000000000e+00,-8.272794885658674852e-03,1.957493244003659708e-04,3.768102279348720975e-03,0.000000000000000000e+00
0.000000000000000000e+00,0.000000000000000000e+00,0.000000000000000000e+00,2.490135200465815046e-04,3.701993606173823587e-03,0.000000000000000000e+00
0.000000000000000000e+00,0.000000000000000000e+00,-8.351987759991878410e-03,2.716814351770741346e-04,3.637816230055182683e-03,0.000000000000000000e+00
0.000000000000000000e+00,0.000000000000000000e+00,-8.289078425506423570e-03,3.097879451156775672e-04,3.572940929086260761e-03,0.000000000000000000e+00
0.000000000000000000e+00,0.000000000000000000e+00,-8.326390873195753037e-03,3.482963599090447334e-04,3.508308558001934502e-03,0.000000000000000000e+00
0.000000000000000000e+00,0.000000000000000000e+00,-8.264374225597946252e-03,3.868576087232663456e-04,3.443995157388144226e-03,0.000000000000000000e+00
0.000000000000000000e+00,0.000000000000000000e+00,-8.302584327306624518e-03,4.258147543459150507e-04,3.379921820298956939e-03,0.000000000000000000e+00
0.000000000000000000e+00,0.000000000000000000e+00,0.000000000000000000e+00,4.785600689971580834e-04,3.314545339308670041e-03,0.000000000000000000e+00
0.000000000000000000e+00,0.000000000000000000e+00,-8.386954105104598919e-03,4.046646648927850354e-04,3.246476261525422721e-03,0.000000000000000000e+00
0.000000000000000000e+00,0.000000000000000000e+00,-8.326703941765985911e-03,4.441406008180860785e-04,3.183301978248719369e-03,0.000000000000000000e+00
0.000000000000000000e+00,0.000000000000000000e+00,-8.266900564479625138e-03,4.838479725932073915e-04,3.120409522995575436e-03,0.000000000000000000e+00
0.000000000000000000e+00,0.000000000000000000e+00,-8.307333120016633862e-03,5.175521822236475288e-04,3.157549345156054725e-03,0.000000000000000000e+00
0.000000000000000000e+00,0.000000000000000000e+00,-8.248426036531926464e-03,5.577432653388995909e-04,3.095219343534668342e-03,0.000000000000000000e+00
0.000000000000000000e+00,0.000000000000000000e+00,-8.289759706890635280e-03,5.983149572225453326e-04,3.033123626718715968e-03,0.000000000000000000e+00
0.000000000000000000e+00,0.000000000000000000e+00,0.000000000000000000e+00,6.512734393241403907e-04,2.968984963693568555e-03,0.000000000000000000e+00
0.000000000000000000e+00,0.000000000000000000e+00,-8.280406783988388669e-03,6.800724646153783869e-04,2.910107996081506658e-03,0.000000000000000000e+00
0.000000000000000000e+00,0.000000000000000000e+00,-8.323068126909846653e-03,7.213321025957918726e-04,2.848843942932163548e-03,0.000000000000000000e+00
0.000000000000000000e+00,0.000000000000000000e+00,-8.266383509346157676e-03,7.626847581583969752e-04,2.787912766350889460e-03,0.000000000000000000e+00
0.000000000000000000e+00,0.000000000000000000e+00,-8.309948459072569182e-03,8.044037701564679807e-04,2.727207899610077993e-03,0.000000000000000000e+00
0.000000000000000000e+00,0.000000000000000000e+00,-8.254163751549340247e-03,8.462231658703509886e-04,2.666839251071945627e-03,0.000000000000000000e+00
0.000000000000000000e+00,0.000000000000000000e+00,-8.198828454697021373e-03,7.884723084523799800e-04,2.600593541973245798e-03,0.000000000000000000e+00
0.000000000000000000e+00,0.000000000000000000e+00,0.000000000000000000e+00,8.357270075776135343e-04,2.637391063747173553e-03,0.000000000000000000e+00
0.000000000000000000e+00,0.000000000000000000e+00,-8.295366789744905087e-03,8.675178433681556348e-04,2.581258755269501791e-03,0.000000000000000000e+00
0.000000000000000000e+00,0.000000000000000000e+00,-8.241361471900221156e-03,9.103023591481842688e-04,2.522032360903706666e-03,0.000000000000000000e+00
0.000000000000000000e+00,0.000000000000000000e+00,-8.287616353593780377e-03,9.534418416314303143e-04,2.463026901185602809e-03,0.000000000000000000e+00
0.000000000000000000e+00,0.000000000000000000e+00,-8.234514069020435270e-03,9.966981932939722628e-04,2.404363315082041694e-03,0.000000000000000000e+00
0.000000000000000000e+00,0.000000000000000000e+00,-8.181862785370410882e-03,1.040192664375123172e-03,2.345982070032453723e-03,0.000000000000000000e+00
0.000000000000000000e+00,0.000000000000000000e+00,-8.229478312556685535e-03,1.084033951280771475e-03,2.287816470096648916e-03,0.000000000000000000e+00
0.000000000000000000e+00,0.000000000000000000e+00,0.000000000000000000e+00,1.031834216259519543e-03,2.319877003115108569e-03,0.000000000000000000e+00
0.000000000000000000e+00,0.000000000000000000e+00,-8.232324201713903458e-03,1.066677859975641946e-03,2.266501715197493869e-03,0.000000000000000000e+00
0.000000000000000000e+00,0.000000000000000000e+00,-8.181459806599669302e-03,1.111149331202863390e-03,2.209263450550575519e-03,0.000000000000000000e+00
0.000000000000000000e+00,0.000000000000000000e+00,-8.230867900657251254e-03,1.155962231269234411e-03,2.152238334181092849e-03,0.000000000000000000e+00
0.000000000000000000e+00,0.000000000000000000e+00,-8.180910190701627671e-03,1.200911451648089840e-03,2.095563234021109288e-03,0.000000000000000000e+00
0.000000000000000000e+00,0.000000000000000000e+00,-8.131405340137747365e-03,1.246101695794134007e-03,2.039170710496504817e-03,0.000000000000000000e+00
0.000000000000000000e+00,0.000000000000000000e+00,-8.182179390535943356e-03,1.291625518320563357e-03,1.982985711766529005e-03,0.000000000000000000e+00
0.000000000000000000e+00,0.000000000000000000e+00,0.000000000000000000e+00,1.339883247095441376e-03,2.021741457708767231e-03,0.000000000000000000e+00
0.000000000000000000e+00,0.000000000000000000e+00,-8.191164663188893469e-03,1.277841121384025056e-03,1.965793173306193582e-03,0.000000000000000000e+00
0.000000000000000000e+00,0.000000000000000000e+00,-8.143454219222859974e-03,1.324020211953773948e-03,1.910544388969446193e-03,0.000000000000000000e+00
0.000000000000000000e+00,0.000000000000000000e+00,-8.196028081683116168e-03,1.370527889192357839e-03,1.855500193482824542e-03,0.000000000000000000e+00
0.000000000000000000e+00,0.000000000000000000e+00,-8.149227983801578604e-03,1.417190625010843240e-03,1.800814946128671259e-03,0.000000000000000000e+00
0.000000000000000000e+00,0.000000000000000000e+00,-8.102882607842488635e-03,1.458432731748675283e-03,1.846250662320550419e-03,0.000000000000000000e+00
0.000000000000000000e+00,0.000000000000000000e+00,-8.056992219501690061e-03,1.505606002401371898e-03,1.792131305277126253e-03,0.000000000000000000e+00
0.000000000000000000e+00,0.000000000000000000e+00,-8.011557084536926818e-03,1.453185425132457733e-03,1.732674861336826319e-03,0.000000000000000000e+00
0.000000000000000000e+00,0.000000000000000000e+00,0.000000000000000000e+00,1.507839429377044738e-03,1.673147554397362916e-03,0.000000000000000000e+00
0.000000000000000000e+00,0.000000000000000000e+00,-8.127436053882181738e-03,1.549061793795755487e-03,1.625882760194042199e-03,0.000000000000000000e+00
0.000000000000000000e+00,0.000000000000000000e+00,-8.083348686290809521e-03,1.591671474049077568e-03,1.672756550792558767e-03,0.000000000000000000e+00
0.000000000000000000e+00,0.000000000000000000e+00,-8.039717649104907021e-03,1.540244452147483158e-03,1.614543468070948288e-03,0.000000000000000000e+00
0.000000000000000000e+00,0.000000000000000000e+00,-7.996543208452253776e-03,1.389214728830056797e-03,1.551158503022146687e-03,0.000000000000000000e+00
0.000000000000000000e+00,0.000000000000000000e+00,-7.953825630524009177e-03,1.338280673982829034e-03,1.493622323518525126e-03,0.000000000000000000e+00
0.000000000000000000e+00,0.000000000000000000e+00,-8.011411213324104441e-03,1.287659142671175897e-03,1.436341984061132110e-03,0.000000000000000000e+00
0.000000000000000000e+00,0.000000000000000000e+00,-7.969609749224882550e-03,1.331638823444430920e-03,1.484740621409200373e-03,0.000000000000000000e+00
0.000000000000000000e+00,0.000000000000000000e+00,-7.928265938883830369e-03,1.281467296821053739e-03,1.428167278424378106e-03,0.000000000000000000e+00
0.000000000000000000e+00,0.000000000000000000e+00,0.000000000000000000e+00,1.237072190489074686e-03,1.367180531316063152e-03,0.000000000000000000e+00
0.000000000000000000e+00,0.000000000000000000e+00,-7.952294532524547405e-03,1.082191076831662052e-03,1.310708555352034380e-03,0.000000000000000000e+00
0.000000000000000000e+00,0.000000000000000000e+00,-7.912304253283035382e-03,1.032758263936276637e-03,1.255136233916452192e-03,0.000000000000000000e+00
0.000000000000000000e+00,0.000000000000000000e+00,-7.872772715762157980e-03,9.782619956655352802e-04,1.299751203150297831e-03,0.000000000000000000e+00
0.000000000000000000e+00,0.000000000000000000e+00,-7.833700186715270714e-03,1.029211209986973484e-03,1.250124574199445613e-03,0.000000000000000000e+00
0.000000000000000000e+00,0.000000000000000000e+00,-7.795086932960606889e-03,9.805507848465449140e-04,1.195511950735170508e-03,0.000000000000000000e+00
0.000000000000000000e+00,0.000000000000000000e+00,-7.856790712348106498e-03,9.321937892841720887e-04,1.141174416349138550e-03,0.000000000000000000e+00
0.000000000000000000e+00,0.000000000000000000e+00,-7.819098325472733854e-03,7.841724893841874435e-04,1.081998237570952308e-03,0.000000000000000000e+00
0.000000000000000000e+00,0.000000000000000000e+00,-7.781866006962322342e-03,8.361241198396670996e-04,1.033590040236639354e-03,0.000000000000000000e+00
0.000000000000000000e+00,0.000000000000000000e+00,0.000000000000000000e+00,7.875493952486101179e-04,1.077209075653309117e-03,0.000000000000000000e+00
0.000000000000000000e+00,0.000000000000000000e+00,0.000000000000000000e+00,7.400373957685557613e-04,1.024348290414932999e-03,0.000000000000000000e+00
0.000000000000000000e+00,0.000000000000000000e+00,-7.778055456037042195e-03,6.888947163709909643e-04,9.745843924773624775e-04,0.000000000000000000e+00
0.000000000000000000e+00,0.000000000000000000e+00,-7.742645270421883059e-03,6.420112526202071453e-04,9.222613869900423995e-04,0.000000000000000000e+00
0.000000000000000000e+00,0.000000000000000000e+00,-7.807561862905748780e-03,4.955510881354837196e-04,8.651516393473955395e-04,0.000000000000000000e+00
0.000000000000000000e+00,0.000000000000000000e+00,-7.773076256322097519e-03,4.441148403736046454e-04,9.133781650509560385e-04,0.000000000000000000e+00
0.000000000000000000e+00,0.000000000000000000e+00,-7.739052603682515172e-03,3.980130864988211392e-04,8.620603774028046421e-04,0.000000000000000000e+00
0.000000000000000000e+00,0.000000000000000000e+00,-7.705491172583933332e-03,4.520379746649194879e-04,8.160842657576186177e-04,0.000000000000000000e+00
0.000000000000000000e+00,0.000000000000000000e+00,-7.572521091483466228e-03,4.064103416614761361e-04,7.654222891704252126e-04,0.000000000000000000e+00
0.000000000000000000e+00,0.000000000000000000e+00,-7.539883478581977695e-03,3.610771841694450607e-04,7.150608420465051152e-04,0.000000000000000000e+00
0.000000000000000000e+00,0.000000000000000000e+00,0.000000000000000000e+00,2.186284903885615805e-04,6.593186138878388836e-04,0.000000000000000000e+00
0.000000000000000000e+00,0.000000000000000000e+00,0.000000000000000000e+00,2.690175636592684327e-04,7.142289934367867382e-04,0.000000000000000000e+00
0.000000000000000000e+00,0.000000000000000000e+00,-7.649533338574026481e-03,3.216748370809457752e-04,6.707500180580047580e-04,0.000000000000000000e+00
0.000000000000000000e+00,0.000000000000000000e+00,-7.618730269053178815e-03,2.773814622153917674e-04,6.216744153132758603e-04,0.000000000000000000e+00
0.000000000000000000e+00,0.000000000000000000e+00,-7.588391318638795791e-03,2.333459062437039230e-04,5.729255684586590045e-04,0.000000000000000000e+00
0.000000000000000000e+00,0.000000000000000000e+00,-7.558516755486781140e-03,1.895685724983747550e-04,5.245034564878793461e-04,0.000000000000000000e+00
0.000000000000000000e+00,0.000000000000000000e+00,-7.529106847820685004e-03,1.412338061242008334e-04,5.762908720208483526e-04,0.000000000000000000e+00
0.000000000000000000e+00,0.000000000000000000e+00,-7.400281116766913719e-03,-1.913560795491347682e-06,5.237298881461007307e-04,0.000000000000000000e+00
0.000000000000000000e+00,0.000000000000000000e+00,-7.371799966216972810e-03,5.499294546189431305e-05,4.810852577528983089e-04,0.000000000000000000e+00
0.000000000000000000e+00,0.000000000000000000e+00,-7.343784283620847196e-03,1.227609539939653002e-05,4.339676705779632756e-04,0.000000000000000000e+00
0.000000000000000000e+00,0.000000000000000000e+00,-7.316234337445922352e-03,6.970301181353640257e-05,3.919121567122246970e-04,0.000000000000000000e+00
0.000000000000000000e+00,0.000000000000000000e+00,0.000000000000000000e+00,2.877015487379175340e-05,3.453575570024017966e-04,0.000000000000000000e+00
0.000000000000000000e+00,0.000000000000000000e+00,0.000000000000000000e+00,-1.763105414642751612e-05,3.992572154652897914e-04,0.000000000000000000e+00
0.000000000000000000e+00,0.000000000000000000e+00,-7.341059346679080014e-03,-1.606540297253573316e-04,3.486892521933793068e-04,0.000000000000000000e+00
0.000000000000000000e+00,0.000000000000000000e+00,-7.315354693144766884e-03,-1.021570199624843747e-04,3.078480522175492382e-04,0.000000000000000000e+00
0.000000000000000000e+00,0.000000000000000000e+00,-7.290117142381376258e-03,-1.432915586747202628e-04,2.626667345056546443e-04,0.000000000000000000e+00
0.000000000000000000e+00,0.000000000000000000e+00,-7.265346963291245165e-03,-8.426931955577469339e-05,2.224149050584757709e-04,0.000000000000000000e+00
0.000000000000000000e+00,0.000000000000000000e+00,-7.241044424848582829e-03,-1.248780916930474210e-04,1.778654876594813511e-04,0.000000000000000000e+00
0.000000000000000000e+00,0.000000000000000000e+00,-7.117317825159960067e-03,-1.697963361046054631e-04,2.335295169182521598e-04,0.000000000000000000e+00
0.000000000000000000e+00,0.000000000000000000e+00,-7.093950097086520155e-03,-2.098546743083763483e-04,1.896311218266333635e-04,0.000000000000000000e+00
0.000000000000000000e+00,0.000000000000000000e+00,-7.071050824188995429e-03,-3.495436733455552138e-04,1.415360399152869992e-04,0.000000000000000000e+00
0.000000000000000000e+00,0.000000000000000000e+00,-7.048620275687682117e-03,-3.890733731035664138e-04,9.831180732470620634e-05,0.000000000000000000e+00
0.000000000000000000e+00,0.000000000000000000e+00,-7.026658720871318230e-03,-4.283380941963143814e-04,5.541404540029214290e-05,0.000000000000000000e+00
0.000000000000000000e+00,0.000000000000000000e+00,0.000000000000000000e+00,-4.673386335595219876e-04,1.443624806340276789e-05,0.000000000000000000e+00
0.000000000000000000e+00,0.000000000000000000e+00,0.000000000000000000e+00,-5.103102581301977025e-04,7.228464000705314696e-05,0.000000000000000000e+00
0.000000000000000000e+00,0.000000000000000000e+00,0.000000000000000000e+00,-5.489070454305355895e-04,3.049122739372418789e-05,0.000000000000000000e+00
0.000000000000000000e+00,0.000000000000000000e+00,-7.047919352571658212e-03,-5.871930809496749828e-04,-1.298796540739258238e-05,0.000000000000000000e+00
0.000000000000000000e+00,0.000000000000000000e+00,-7.028286772423038634e-03,-7.250172088240920253e-04,-5.862664489812451004e-05,0.000000000000000000e+00
0.000000000000000000e+00,0.000000000000000000e+00,-6.909223716901451325e-03,-7.626666385709660219e-04,-9.958537266513567833e-05,0.000000000000000000e+00
0.000000000000000000e+00,0.000000000000000000e+00,-6.890531468684797656e-03,-8.000483561549972394e-04,-1.401812834408356267e-04,0.000000000000000000e+00
0.000000000000000000e+00,0.000000000000000000e+00,-6.872310401532440507e-03,-8.414752359376129285e-04,-8.054488871373032650e-05,0.000000000000000000e+00
0.000000000000000000e+00,0.000000000000000000e+00,-6.854560785359688733e-03,-8.782993452986683760e-04,-1.204880293062183432e-04,0.000000000000000000e+00
0.000000000000000000e+00,0.000000000000000000e+00,-6.737377303492921889e-03,-9.148500701678254727e-04,-1.601512015366839397e-04,0.000000000000000000e+00
0.000000000000000000e+00,0.000000000000000000e+00,-6.720570219322765174e-03,-9.511340804226198079e-04,-1.994437071185482802e-04,0.000000000000000000e+00
0.000000000000000000e+00,0.000000000000000000e+00,-6.704235403258394788e-03,-9.871483829360888466e-04,-2.384099211690994416e-04,0.000000000000000000e+00
0.000000000000000000e+00,0.000000000000000000e+00,-6.588464322750941897e-03,-1.122789477866467439e-03,-2.813211843150140558e-04,0.000000000000000000e+00
0.000000000000000000e+00,0.000000000000000000e+00,0.000000000000000000e+00,-1.059490635120230451e-03,-3.119641216477852391e-04,0.000000000000000000e+00
0.000000000000000000e+00,0.000000000000000000e+00,0.000000000000000000e+00,-9.987373305965219217e-04,-2.460693273242837986e-04,0.000000000000000000e+00
0.000000000000000000e+00,0.000000000000000000e+00,0.000000000000000000e+00,-1.033795570272166842e-03,-2.835450214934906454e-04,0.000000000000000000e+00
0.000000000000000000e+00,0.000000000000000000e+00,0.000000000000000000e+00,-1.068559837381743982e-03,-3.207963459025738734e-04,0.000000000000000000e+00
0.000000000000000000e+00,0.000000000000000000e+00,-6.620380374165629397e-03,-1.101862356242789285e-03,-3.613725431508410307e-04,0.000000000000000000e+00
0.000000000000000000e+00,0.000000000000000000e+00,-6.607338179555603819e-03,-1.135960389987002205e-03,-3.980793171931449269e-04,0.000000000000000000e+00
0.000000000000000000e+00,0.000000000000000000e+00,-6.594770447253514405e-03,-1.169785562064291603e-03,-4.344598632901618455e-04,0.000000000000000000e+00
0.000000000000000000e+00,0.000000000000000000e+00,-6.482762875287805329e-03,-1.103400822300314253e-03,-4.665221591730012531e-04,0.000000000000000000e+00
0.000000000000000000e+00,0.000000000000000000e+00,-6.471143774357685993e-03,-1.236594965063238889e-03,-5.063059737329163182e-04,0.000000000000000000e+00
0.000000000000000000e+00,0.000000000000000000e+00,-6.459999954935635030e-03,-1.173692551006632950e-03,-4.377791915613673656e-04,0.000000000000000000e+00
0.000000000000000000e+00,0.000000000000000000e+00,-6.349414106382722349e-03,-1.206380810674332303e-03,-4.729391647174496067e-04,0.000000000000000000e+00
0.000000000000000000e+00,0.000000000000000000e+00,-6.339220576186600613e-03,-1.238811907140766402e-03,-5.077126717526858190e-04,0.000000000000000000e+00
0.000000000000000000e+00,0.000000000000000000e+00,-6.229583683722932780e-03,-1.270945313212941581e-03,-5.422254418422716663e-04,0.000000000000000000e+00
0.000000000000000000e+00,0.000000000000000000e+00,-6.220341552500795006e-03,-1.302824082661406752e-03,-5.763482587043174815e-04,0.000000000000000000e+00
0.000000000000000000e+00,0.000000000000000000e+00,-6.211576071499152855e-03,-1.334426925404550183e-03,-6.101448797762725222e-04,0.000000000000000000e+00
0.000000000000000000e+00,0.000000000000000000e+00,0.000000000000000000e+00,-1.367820951174270050e-03,-6.395731003174497109e-04,0.000000000000000000e+00
0.000000000000000000e+00,0.000000000000000000e+00,0.000000000000000000e+00,-1.498910752067650343e-03,-6.762127548157435830e-04,0.000000000000000000e+00
0.000000000000000000e+00,0.000000000000000000e+00,0.000000000000000000e+00,-1.433457759266620890e-03,-6.052815500208544308e-04,0.000000000000000000e+00
0.000000000000000000e+00,0.000000000000000000e+00,0.000000000000000000e+00,-1.464033971254274924e-03,-6.376871123916459660e-04,0.000000000000000000e+00
0.000000000000000000e+00,0.000000000000000000e+00,-6.178829630807253920e-03,-1.492257292293962343e-03,-6.743816978264751457e-04,0.000000000000000000e+00
0.000000000000000000e+00,0.000000000000000000e+00,-6.072985116710144515e-03,-1.422220014167808935e-03,-7.024995133894899749e-04,0.000000000000000000e+00
0.000000000000000000e+00,0.000000000000000000e+00,-6.067542438685276027e-03,-1.451861623382822179e-03,-7.340379828419095216e-04,0.000000000000000000e+00
0.000000000000000000e+00,0.000000000000000000e+00,-6.062578620573554240e-03,-1.381294997785983318e-03,-7.614873385461038389e-04,0.000000000000000000e+00
0.000000000000000000e+00,0.000000000000000000e+00,-5.958166877791853944e-03,-1.410343276417705665e-03,-7.924668644910437716e-04,0.000000000000000000e+00
0.000000000000000000e+00,0.000000000000000000e+00,-5.954160590456158801e-03,-1.439145107378837557e-03,-8.230485603208798073e-04,0.000000000000000000e+00
0.000000000000000000e+00,0.000000000000000000e+00,-5.850705193028576945e-03,-1.571271113072392764e-03,-7.571629317606722248e-04,0.000000000000000000e+00
0.000000000000000000e+00,0.000000000000000000e+00,-5.847657548845659921e-03,-1.599490684794271271e-03,-7.870735406329736148e-04,0.000000000000000000e+00
0.000000000000000000e+00,0.000000000000000000e+00,-5.745159629912722360e-03,-1.627393955810654564e-03,-8.167420521494080229e-04,0.000000000000000000e+00
0.000000000000000000e+00,0.000000000000000000e+00,-5.743071741622262499e-03,-1.555119864341999222e-03,-8.423448406331349040e-04,0.000000000000000000e+00
0.000000000000000000e+00,0.000000000000000000e+00,-5.641532434578256511e-03,-1.582455774410737549e-03,-8.713804982052305919e-04,0.000000000000000000e+00
0.000000000000000000e+00,0.000000000000000000e+00,-5.640405415282899459e-03,-1.609546571421931584e-03,-9.000094363151063407e-04,0.000000000000000000e+00
0.000000000000000000e+00,0.000000000000000000e+00,-5.539825853777997043e-03,-1.636313906102254559e-03,-9.283970229355349496e-04,0.000000000000000000e+00
0.000000000000000000e+00,0.000000000000000000e+00,0.000000000000000000e+00,-1.665648221610305235e-03,-9.518539586453062668e-04,0.000000000000000000e+00
0.000000000000000000e+00,0.000000000000000000e+00,0.000000000000000000e+00,-1.695258570587387936e-03,-8.794853654815098024e-04,0.000000000000000000e+00
0.000000000000000000e+00,0.000000000000000000e+00,0.000000000000000000e+00,-1.721274672293104935e-03,-9.067409296038093577e-04,0.000000000000000000e+00
0.000000000000000000e+00,0.000000000000000000e+00,0.000000000000000000e+00,-1.846956162160573456e-03,-9.369206404856869966e-04,0.000000000000000000e+00
0.000000000000000000e+00,0.000000000000000000e+00,0.000000000000000000e+00,-1.772452675473212835e-03,-9.602744877514300670e-04,0.000000000000000000e+00
0.000000000000000000e+00,0.000000000000000000e+00,-5.549649196682168197e-03,-1.794871723659430523e-03,-9.915379922590893645e-04,0.000000000000000000e+00
0.000000000000000000e+00,0.000000000000000000e+00,-5.452422896267798864e-03,-1.819628606716496922e-03,-1.017655657405210252e-03,0.000000000000000000e+00
0.000000000000000000e+00,0.000000000000000000e+00,-5.455616110909825532e-03,-1.844143886156876739e-03,-1.043354285512898506e-03,0.000000000000000000e+00
0.000000000000000000e+00,0.000000000000000000e+00,-5.359354702852924500e-03,-1.868325720659736637e-03,-1.068823444744926646e-03,0.000000000000000000e+00
0.000000000000000000e+00,0.000000000000000000e+00,-5.363514950677042079e-03,-1.892267689871941902e-03,-1.093870963806205243e-03,0.000000000000000000e+00
0.000000000000000000e+00,0.000000000000000000e+00,-5.268219570250942153e-03,-1.919276335373723075e-03,-1.018750012549746306e-03,0.000000000000000000e+00
0.000000000000000000e+00,0.000000000000000000e+00,-5.173407304262103018e-03,-1.942577626384373859e-03,-1.043246644564396709e-03,0.000000000000000000e+00
0.000000000000000000e+00,0.000000000000000000e+00,-5.179019749715086003e-03,-1.965636570171238121e-03,-1.067317978325607510e-03,0.000000000000000000e+00
0.000000000000000000e+00,0.000000000000000000e+00,-5.085175218984603826e-03,-2.088301252368468010e-03,-1.094519945858498907e-03,0.000000000000000000e+00
0.000000000000000000e+00,0.000000000000000000e+00,-5.091757493130652339e-03,-2.010841377553322998e-03,-1.114585919113874604e-03,0.000000000000000000e+00
0.000000000000000000e+00,0.000000000000000000e+00,-4.998881833557959793e-03,-2.032984240301544988e-03,-1.137784860033546957e-03,0.000000000000000000e+00
0.000000000000000000e+00,0.000000000000000000e+00,-5.006435053016517443e-03,-2.054887889315008820e-03,-1.160553673880115053e-03,0.000000000000000000e+00
0.000000000000000000e+00,0.000000000000000000e+00,-4.914529400760540151e-03,-2.076449432550607922e-03,-1.183103598746196522e-03,0.000000000000000000e+00
0.000000000000000000e+00,0.000000000000000000e+00,-4.823108867512012309e-03,-1.997776758216628958e-03,-1.202058502663413920e-03,0.000000000000000000e+00
0.000000000000000000e+00,0.000000000000000000e+00,-4.832120174002630525e-03,-2.018809533414096195e-03,-1.223870390179898539e-03,0.000000000000000000e+00
0.000000000000000000e+00,0.000000000000000000e+00,0.000000000000000000e+00,-2.045648809298028503e-03,-1.140779552447653347e-03,0.000000000000000000e+00
0.000000000000000000e+00,0.000000000000000000e+00,0.000000000000000000e+00,-2.066138050140109428e-03,-1.161883180876761325e-03,0.000000000000000000e+00
0.000000000000000000e+00,0.000000000000000000e+00,0.000000000000000000e+00,-2.086335971008823620e-03,-1.182660475631298544e-03,0.000000000000000000e+00
0.000000000000000000e+00,0.000000000000000000e+00,0.000000000000000000e+00,-2.106242204483854685e-03,-1.203111428997989674e-03,0.000000000000000000e+00
0.000000000000000000e+00,0.000000000000000000e+00,0.000000000000000000e+00,-2.225816382996237408e-03,-1.226156033415502083e-03,0.000000000000000000e+00
0.000000000000000000e+00,0.000000000000000000e+00,0.000000000000000000e+00,-2.245138138826652252e-03,-1.245934281472381618e-03,0.000000000000000000e+00
0.000000000000000000e+00,0.000000000000000000e+00,0.000000000000000000e+00,-2.264047140455693885e-03,-1.265616129554649784e-03,0.000000000000000000e+00
0.000000000000000000e+00,0.000000000000000000e+00,0.000000000000000000e+00,-2.282781042334480759e-03,-1.284743548081807886e-03,0.000000000000000000e+00
0.000000000000000000e+00,0.000000000000000000e+00,-4.738435176022967078e-03,-2.198175701354927822e-03,-1.305907391562058416e-03,0.000000000000000000e+00
0.000000000000000000e+00,0.000000000000000000e+00,-4.652358867974592908e-03,-2.216209207144105055e-03,-1.324574806543612300e-03,0.000000000000000000e+00
0.000000000000000000e+00,0.000000000000000000e+00,-4.666722564408164187e-03,-2.237061012569725033e-03,-1.242849094376679078e-03,0.000000000000000000e+00
0.000000000000000000e+00,0.000000000000000000e+00,-4.581624272800925365e-03,-2.254489138047913524e-03,-1.260866435895248525e-03,0.000000000000000000e+00
0.000000000000000000e+00,0.000000000000000000e+00,-4.497015135328591255e-03,-2.271620777388138907e-03,-1.278559214507421233e-03,0.000000000000000000e+00
0.000000000000000000e+00,0.000000000000000000e+00,-4.512848767871807665e-03,-2.288514087391502194e-03,-1.295809428143614725e-03,0.000000000000000000e+00
0.000000000000000000e+00,0.000000000000000000e+00,-4.429219358597293217e-03,-2.305052594128480497e-03,-1.312852070150636154e-03,0.000000000000000000e+00
0.000000000000000000e+00,0.000000000000000000e+00,-4.346079965116956059e-03,-2.321293611820549399e-03,-1.329570015871437381e-03,0.000000000000000000e+00
0.000000000000000000e+00,0.000000000000000000e+00,-4.363386069875019313e-03,-2.337297757516088818e-03,-1.345842735505816496e-03,0.000000000000000000e+00
0.000000000000000000e+00,0.000000000000000000e+00,-4.281228116878219546e-03,-2.452897598418616199e-03,-1.364854295118255768e-03,0.000000000000000000e+00
0.000000000000000000e+00,0.000000000000000000e+00,-4.199561041553115208e-03,-2.368290943813033261e-03,-1.377653079134919922e-03,0.000000000000000000e+00
0.000000000000000000e+00,0.000000000000000000e+00,-4.218342155707343645e-03,-2.383402746101012312e-03,-1.392948090406549624e-03,0.000000000000000000e+00
0.000000000000000000e+00,0.000000000000000000e+00,-4.137658233681210454e-03,-2.398152873655426832e-03,-1.408040261817336417e-03,0.000000000000000000e+00
0.000000000000000000e+00,0.000000000000000000e+00,-4.057466051416628791e-03,-2.412603516364737570e-03,-1.422807462034114635e-03,0.000000000000000000e+00
0.000000000000000000e+00,0.000000000000000000e+00,-4.077724713232851704e-03,-2.429683606743432162e-03,-1.337170104455609899e-03,0.000000000000000000e+00
0.000000000000000000e+00,0.000000000000000000e+00,-3.998517397617439885e-03,-2.443521035101855164e-03,-1.351286357839911719e-03,0.000000000000000000e+00
0.000000000000000000e+00,0.000000000000000000e+00,0.000000000000000000e+00,-2.459976623200854640e-03,-1.360387910270520646e-03,0.000000000000000000e+00
0.000000000000000000e+00,0.000000000000000000e+00,0.000000000000000000e+00,-2.473317691107257410e-03,-1.373675175456340845e-03,0.000000000000000000e+00
0.000000000000000000e+00,0.000000000000000000e+00,0.000000000000000000e+00,-2.486358924345788424e-03,-1.386635555819624478e-03,0.000000000000000000e+00
0.000000000000000000e+00,0.000000000000000000e+00,0.000000000000000000e+00,-2.498966523622359048e-03,-1.399522475484822788e-03,0.000000000000000000e+00
0.000000000000000000e+00,0.000000000000000000e+00,0.000000000000000000e+00,-2.511405725201143468e-03,-1.411830323019765653e-03,0.000000000000000000e+00
0.000000000000000000e+00,0.000000000000000000e+00,0.000000000000000000e+00,-2.523544010616163291e-03,-1.423811241720065492e-03,0.000000000000000000e+00
0.000000000000000000e+00,0.000000000000000000e+00,0.000000000000000000e+00,-2.535243925184560432e-03,-1.435722311101928460e-03,0.000000000000000000e+00
0.000000000000000000e+00,0.000000000000000000e+00,0.000000000000000000e+00,-2.546778108915681571e-03,-1.447050515985363016e-03,0.000000000000000000e+00
0.000000000000000000e+00,0.000000000000000000e+00,0.000000000000000000e+00,-2.657840930839538984e-03,-1.460821112173562274e-03,0.000000000000000000e+00
0.000000000000000000e+00,0.000000000000000000e+00,0.000000000000000000e+00,-2.568799652567177461e-03,-1.468986462884955442e-03,0.000000000000000000e+00
0.000000000000000000e+00,0.000000000000000000e+00,-3.862299001765487089e-03,-2.576565640201050437e-03,-1.484314221266513608e-03,0.000000000000000000e+00
0.000000000000000000e+00,0.000000000000000000e+00,-3.789010434710348221e-03,-2.586780856817407284e-03,-1.494522917310334978e-03,0.000000000000000000e+00
0.000000000000000000e+00,0.000000000000000000e+00,-3.716217944661383363e-03,-2.599327358568162376e-03,-1.404440591262037883e-03,0.000000000000000000e+00
0.000000000000000000e+00,0.000000000000000000e+00,-3.743886289678779750e-03,-2.608984114278002815e-03,-1.413863923089464687e-03,0.000000000000000000e+00
0.000000000000000000e+00,0.000000000000000000e+00,-3.672087284823636558e-03,-2.618271843248347157e-03,-1.423094795598728139e-03,0.000000000000000000e+00
0.000000000000000000e+00,0.000000000000000000e+00,-3.600785220526871513e-03,-2.627254153935930717e-03,-1.431999824118595187e-03,0.000000000000000000e+00
0.000000000000000000e+00,0.000000000000000000e+00,-3.529980385714591180e-03,-2.635930726945597338e-03,-1.440578950602115988e-03,0.000000000000000000e+00
0.000000000000000000e+00,0.000000000000000000e+00,-3.459673069328874154e-03,-2.644301243277917286e-03,-1.448832116668760531e-03,0.000000000000000000e+00
0.000000000000000000e+00,0.000000000000000000e+00,-3.489830502853786143e-03,-2.652431980820323196e-03,-1.456623251870121103e-03,0.000000000000000000e+00
0.000000000000000000e+00,0.000000000000000000e+00,-3.420519538334931223e-03,-2.660189815541446311e-03,-1.464223928089717665e-03,0.000000000000000000e+00
0.000000000000000000e+00,0.000000000000000000e+00,-3.351706956141088916e-03,-2.667640623523813079e-03,-1.471498482980697440e-03,0.000000000000000000e+00
0.000000000000000000e+00,0.000000000000000000e+00,-3.283393045297982715e-03,-2.674784087336084040e-03,-1.478446856815869136e-03,0.000000000000000000e+00
0.000000000000000000e+00,0.000000000000000000e+00,-3.315546988368864995e-03,-2.681687965053013937e-03,-1.484931517230541698e-03,0.000000000000000000e+00
0.000000000000000000e+00,0.000000000000000000e+00,-3.248231722283801640e-03,-2.688216115266758161e-03,-1.491227020998229765e-03,0.000000000000000000e+00
0.000000000000000000e+00,0.000000000000000000e+00,-3.181415991733918449e-03,-2.694435955927848830e-03,-1.497196178759601422e-03,0.000000000000000000e+00
0.000000000000000000e+00,0.000000000000000000e+00,-3.115100085824264783e-03,-2.700347171187248482e-03,-1.502838929423889894e-03,0.000000000000000000e+00
0.000000000000000000e+00,0.000000000000000000e+00,-3.049284293679402607e-03,-2.705949445593616720e-03,-1.508155211553996716e-03,0.000000000000000000e+00
0.000000000000000000e+00,0.000000000000000000e+00,-3.083940113866344597e-03,-2.811278470272813267e-03,-1.515420178045512106e-03,0.000000000000000000e+00
0.000000000000000000e+00,0.000000000000000000e+00,-3.019125835632115694e-03,-2.816262257851495730e-03,-1.520069851844814282e-03,0.000000000000000000e+00
0.000000000000000000e+00,0.000000000000000000e+00,-2.954812535698369148e-03,-2.820936143791688208e-03,-1.524392912062666992e-03,0.000000000000000000e+00
0.000000000000000000e+00,0.000000000000000000e+00,0.000000000000000000e+00,-2.827791258482426073e-03,-1.524449292373278135e-03,0.000000000000000000e+00
0.000000000000000000e+00,0.000000000000000000e+00,0.000000000000000000e+00,-2.834158256804109044e-03,-1.427936634579204597e-03,0.000000000000000000e+00
0.000000000000000000e+00,0.000000000000000000e+00,0.000000000000000000e+00,-2.837847952111727245e-03,-1.431363241427438537e-03,0.000000000000000000e+00
0.000000000000000000e+00,0.000000000000000000e+00,0.000000000000000000e+00,-2.841363343824454546e-03,-1.434175738293581859e-03,0.000000000000000000e+00
0.000000000000000000e+00,0.000000000000000000e+00,0.000000000000000000e+00,-2.844430083380533603e-03,-1.436948098531161920e-03,0.000000000000000000e+00
0.000000000000000000e+00,0.000000000000000000e+00,0.000000000000000000e+00,-2.847322495779347484e-03,-1.439105621935375147e-03,0.000000000000000000e+00
0.000000000000000000e+00,0.000000000000000000e+00,0.000000000000000000e+00,-2.849765034212747850e-03,-1.441223480108323914e-03,0.000000000000000000e+00
0.000000000000000000e+00,0.000000000000000000e+00,0.000000000000000000e+00,-2.852033093618033810e-03,-1.442725902906242565e-03,0.000000000000000000e+00
0.000000000000000000e+00,0.000000000000000000e+00,0.000000000000000000e+00,-2.853850184731610007e-03,-1.444189004385967520e-03,0.000000000000000000e+00
0.000000000000000000e+00,0.000000000000000000e+00,0.000000000000000000e+00,-2.855354014851041455e-03,-1.445324702043310205e-03,0.000000000000000000e+00
0.000000000000000000e+00,0.000000000000000000e+00,0.000000000000000000e+00,-2.856682913258801193e-03,-1.445844291391119515e-03,0.000000000000000000e+00
0.000000000000000000e+00,0.000000000000000000e+00,0.000000000000000000e+00,-2.857559457283165294e-03,-1.446324819893161744e-03,0.000000000000000000e+00
0.000000000000000000e+00,0.000000000000000000e+00,0.000000000000000000e+00,-2.858260596314665669e-03,-1.446188962952845228e-03,0.000000000000000000e+00
0.000000000000000000e+00,0.000000000000000000e+00,0.000000000000000000e+00,-2.858508606019438680e-03,-1.446014069696827976e-03,0.000000000000000000e+00
0.000000000000000000e+00,0.000000000000000000e+00,0.000000000000000000e+00,-2.858580608617322660e-03,-1.445222642700872036e-03,0.000000000000000000e+00
0.000000000000000000e+00,0.000000000000000000e+00,-2.696211019676370783e-03,-2.856249910553444651e-03,-1.448244354502339166e-03,0.000000000000000000e+00
0.000000000000000000e+00,0.000000000000000000e+00,-2.640447446021032367e-03,-2.855594692255691933e-03,-1.447005238624560772e-03,0.000000000000000000e+00
0.000000000000000000e+00,0.000000000000000000e+00,-2.585190073493034372e-03,-2.854623868392106630e-03,-1.445438407401924757e-03,0.000000000000000000e+00
0.000000000000000000e+00,0.000000000000000000e+00,-2.530439191716747291e-03,-2.853337132373504580e-03,-1.443543791533827237e-03,0.000000000000000000e+00
0.000000000000000000e+00,0.000000000000000000e+00,-2.576172703304135253e-03,-2.851800685977514630e-03,-1.441175952383459908e-03,0.000000000000000000e+00
0.000000000000000000e+00,0.000000000000000000e+00,-2.522436020132782022e-03,-2.849881111286442156e-03,-1.438625671855930281e-03,0.000000000000000000e+00
0.000000000000000000e+00,0.000000000000000000e+00,-2.469206693993901240e-03,-2.847644691348968828e-03,-1.435747412964014135e-03,0.000000000000000000e+00
0.000000000000000000e+00,0.000000000000000000e+00,-2.416485014597711395e-03,-2.845091121225563121e-03,-1.432541104910101289e-03,0.000000000000000000e+00
0.000000000000000000e+00,0.000000000000000000e+00,-2.364271271671965994e-03,-2.842220096395568080e-03,-1.429006676518977366e-03,0.000000000000000000e+00
0.000000000000000000e+00,0.000000000000000000e+00,-2.312565754961697691e-03,-2.839031312757442013e-03,-1.425144056236414981e-03,0.000000000000000000e+00
0.000000000000000000e+00,0.000000000000000000e+00,-2.261368754233539485e-03,-2.835524466627009025e-03,-1.420953172125924381e-03,0.000000000000000000e+00
0.000000000000000000e+00,0.000000000000000000e+00,-2.310660693557803173e-03,-2.831764780178200758e-03,-1.416289737854065220e-03,0.000000000000000000e+00
0.000000000000000000e+00,0.000000000000000000e+00,-2.260481922587437818e-03,-2.827620692450872990e-03,-1.411442337889441201e-03,0.000000000000000000e+00
0.000000000000000000e+00,0.000000000000000000e+00,-2.210812534373598690e-03,-2.823157617799603759e-03,-1.406266472463185311e-03,0.000000000000000000e+00
0.000000000000000000e+00,0.000000000000000000e+00,-2.161652818767202926e-03,-2.818375254210545543e-03,-1.400762068109074861e-03,0.000000000000000000e+00
0.000000000000000000e+00,0.000000000000000000e+00,-2.113003065638112150e-03,-2.813273300092725658e-03,-1.394929050974135767e-03,0.000000000000000000e+00
0.000000000000000000e+00,0.000000000000000000e+00,-2.064863564873677896e-03,-2.807851454279179475e-03,-1.388767346817903776e-03,0.000000000000000000e+00
0.000000000000000000e+00,0.000000000000000000e+00,-2.017234606381368856e-03,-2.802109416025641998e-03,-1.382276881009845580e-03,0.000000000000000000e+00
0.000000000000000000e+00,0.000000000000000000e+00,-1.970116480085998354e-03,-2.796046885013791800e-03,-1.375457578530185632e-03,0.000000000000000000e+00
0.000000000000000000e+00,0.000000000000000000e+00,-1.923509475934248938e-03,-2.789663561348390899e-03,-1.368309363964865903e-03,0.000000000000000000e+00
0.000000000000000000e+00,0.000000000000000000e+00,-1.977397011827885555e-03,-2.783022255611706294e-03,-1.360690614218923889e-03,0.000000000000000000e+00
0.000000000000000000e+00,0.000000000000000000e+00,-1.931813425975765402e-03,-2.775996097781611559e-03,-1.352884725199971199e-03,0.000000000000000000e+00
0.000000000000000000e+00,0.000000000000000000e+00,-1.886741829673392211e-03,-2.768648234154549772e-03,-1.344749712015696087e-03,0.000000000000000000e+00
0.000000000000000000e+00,0.000000000000000000e+00,-1.842182512951085838e-03,-2.860956726346693731e-03,-1.338127587888601668e-03,0.000000000000000000e+00
0.000000000000000000e+00,0.000000000000000000e+00,-1.798135765859423156e-03,-2.854794494161609544e-03,-1.229343484462627279e-03,0.000000000000000000e+00
0.000000000000000000e+00,0.000000000000000000e+00,0.000000000000000000e+00,-2.847823458767662075e-03,-1.217827409178103178e-03,0.000000000000000000e+00
0.000000000000000000e+00,0.000000000000000000e+00,0.000000000000000000e+00,-2.839138523249018498e-03,-1.208430698073254504e-03,0.000000000000000000e+00
0.000000000000000000e+00,0.000000000000000000e+00,0.000000000000000000e+00,-2.830245833305600200e-03,-1.198418629452067431e-03,0.000000000000000000e+00
0.000000000000000000e+00,0.000000000000000000e+00,0.000000000000000000e+00,-2.820914129070706267e-03,-1.188362087933936273e-03,0.000000000000000000e+00
0.000000000000000000e+00,0.000000000000000000e+00,0.000000000000000000e+00,-2.811259064597559920e-03,-1.177975044223761314e-03,0.000000000000000000e+00
0.000000000000000000e+00,0.000000000000000000e+00,0.000000000000000000e+00,-2.801280357309199331e-03,-1.167257405655533140e-03,0.000000000000000000e+00
0.000000000000000000e+00,0.000000000000000000e+00,0.000000000000000000e+00,-2.791088692488896683e-03,-1.155928111699951882e-03,0.000000000000000000e+00
0.000000000000000000e+00,0.000000000000000000e+00,0.000000000000000000e+00,-2.780460759629121981e-03,-1.144550097621890861e-03,0.000000000000000000e+00
0.000000000000000000e+00,0.000000000000000000e+00,0.000000000000000000e+00,-2.769508302999712512e-03,-1.132841243908426325e-03,0.000000000000000000e+00
0.000000000000000000e+00,0.000000000000000000e+00,0.000000000000000000e+00,-2.758338633587653632e-03,-1.120523864327127236e-03,0.000000000000000000e+00
0.000000000000000000e+00,0.000000000000000000e+00,0.000000000000000000e+00,-2.746735090375707067e-03,-1.108154244651552572e-03,0.000000000000000000e+00
0.000000000000000000e+00,0.000000000000000000e+00,0.000000000000000000e+00,-2.734806141652001976e-03,-1.095453541351759999e-03,0.000000000000000000e+00
0.000000000000000000e+00,0.000000000000000000e+00,0.000000000000000000e+00,-2.722551504274806078e-03,-1.082421662322858094e-03,0.000000000000000000e+00
0.000000000000000000e+00,0.000000000000000000e+00,0.000000000000000000e+00,-2.710073530763024152e-03,-1.068785879802723777e-03,0.000000000000000000e+00
0.000000000000000000e+00,0.000000000000000000e+00,0.000000000000000000e+00,-2.697165344658358777e-03,-1.055092695008204295e-03,0.000000000000000000e+00
0.000000000000000000e+00,0.000000000000000000e+00,0.000000000000000000e+00,-2.683930587125571421e-03,-1.041068091527338688e-03,0.000000000000000000e+00
0.000000000000000000e+00,0.000000000000000000e+00,0.000000000000000000e+00,-2.670368974706072152e-03,-1.026711977576262591e-03,0.000000000000000000e+00
0.000000000000000000e+00,0.000000000000000000e+00,0.000000000000000000e+00,-2.656577375305335664e-03,-1.011757110006973430e-03,0.000000000000000000e+00
0.000000000000000000e+00,0.000000000000000000e+00,0.000000000000000000e+00,-2.642359749009948189e-03,-9.967391534878959625e-04,0.000000000000000000e+00
0.000000000000000000e+00,0.000000000000000000e+00,0.000000000000000000e+00,-2.627814384020377148e-03,-9.813894445724856419e-04,0.000000000000000000e+00
0.000000000000000000e+00,0.000000000000000000e+00,0.000000000000000000e+00,-2.612940996560064733e-03,-9.657078917972173465e-04,0.000000000000000000e+00
0.000000000000000000e+00,0.000000000000000000e+00,0.000000000000000000e+00,-2.597830442573667575e-03,-9.494332639713807392e-04,0.000000000000000000e+00
0.000000000000000000e+00,0.000000000000000000e+00,0.000000000000000000e+00,-2.582298573085894944e-03,-9.330893348268552712e-04,0.000000000000000000e+00
0.000000000000000000e+00,0.000000000000000000e+00,0.000000000000000000e+00,-2.566437796288401074e-03,-9.164133209288221824e-04,0.000000000000000000e+00
0.000000000000000000e+00,0.000000000000000000e+00,0.000000000000000000e+00,-2.548817828083138615e-03,-9.993951311302708487e-04,0.000000000000000000e+00
0.000000000000000000e+00,0.000000000000000000e+00,-1.435247965139509717e-03,-2.531603203611859036e-03,-9.838717510068778743e-04,0.000000000000000000e+00
0.000000000000000000e+00,0.000000000000000000e+00,-1.505128486950310911e-03,-2.514836018632195073e-03,-9.660219178296163044e-04,0.000000000000000000e+00
0.000000000000000000e+00,0.000000000000000000e+00,-1.475541143219938865e-03,-2.397703630683875077e-03,-9.465047633700091620e-04,0.000000000000000000e+00
0.000000000000000000e+00,0.000000000000000000e+00,-1.446474808072223828e-03,-2.380229274415014782e-03,-9.281312399335372391e-04,0.000000000000000000e+00
0.000000000000000000e+00,0.000000000000000000e+00,-1.417929772231025501e-03,-2.362423737581370760e-03,-9.094260090144806394e-04,0.000000000000000000e+00
0.000000000000000000e+00,0.000000000000000000e+00,-1.389906326436591297e-03,-2.444275774691412242e-03,-8.918184684555309364e-04,0.000000000000000000e+00
0.000000000000000000e+00,0.000000000000000000e+00,-1.362404761449894676e-03,-2.325817985637583258e-03,-8.710200630699839333e-04,0.000000000000000000e+00
0.000000000000000000e+00,0.000000000000000000e+00,-1.335425368051877497e-03,-2.307017203363466874e-03,-8.513191661194365783e-04,0.000000000000000000e+00
0.000000000000000000e+00,0.000000000000000000e+00,-1.308968437043458695e-03,-2.287884106198159653e-03,-8.312861978343035006e-04,0.000000000000000000e+00
0.000000000000000000e+00,0.000000000000000000e+00,-1.283034259245887081e-03,-2.268418411690435559e-03,-8.109210661515963911e-04,0.000000000000000000e+00
0.000000000000000000e+00,0.000000000000000000e+00,-1.257623125499428372e-03,-2.248619837843882693e-03,-7.902236785665262648e-04,0.000000000000000000e+00
0.000000000000000000e+00,0.000000000000000000e+00,-1.232735326663263490e-03,-2.228488103116176445e-03,-7.691939421312546767e-04,0.000000000000000000e+00
0.000000000000000000e+00,0.000000000000000000e+00,-1.208371153617398717e-03,-2.208022926420242626e-03,-7.478317634525505440e-04,0.000000000000000000e+00
0.000000000000000000e+00,0.000000000000000000e+00,-1.184530897262690624e-03,-2.187224027124307774e-03,-7.261370486909951008e-04,0.000000000000000000e+00
0.000000000000000000e+00,0.000000000000000000e+00,-1.161214848519306073e-03,-2.166091125053841177e-03,-7.041097035602144998e-04,0.000000000000000000e+00
0.000000000000000000e+00,0.000000000000000000e+00,-1.238415136280164325e-03,-2.144655353732908068e-03,-6.816415561120372536e-04,0.000000000000000000e+00
0.000000000000000000e+00,0.000000000000000000e+00,-1.216148568662368942e-03,-2.122852520918488625e-03,-6.589497900627963633e-04,0.000000000000000000e+00
0.000000000000000000e+00,0.000000000000000000e+00,-1.194407079472555901e-03,-2.100714830892782149e-03,-6.359251248065707525e-04,0.000000000000000000e+00
0.000000000000000000e+00,0.000000000000000000e+00,-1.173190959722161071e-03,-2.078242005299502700e-03,-6.125674642592000450e-04,0.000000000000000000e+00
0.000000000000000000e+00,0.000000000000000000e+00,-1.152500500439833982e-03,-2.055433766244389726e-03,-5.888767118846858616e-04,0.000000000000000000e+00
0.000000000000000000e+00,0.000000000000000000e+00,-1.132335992676352298e-03,-2.032289836292603367e-03,-5.648527706910419282e-04,0.000000000000000000e+00
0.000000000000000000e+00,0.000000000000000000e+00,-1.112697727500549984e-03,-2.008809938472888666e-03,-5.404955432317325951e-04,0.000000000000000000e+00
0.000000000000000000e+00,0.000000000000000000e+00,-1.093585996004111435e-03,-1.984993796273858482e-03,-5.158049316015307509e-04,0.000000000000000000e+00
0.000000000000000000e+00,0.000000000000000000e+00,-1.075001089296266686e-03,-1.960841133649492574e-03,-4.907808374379711959e-04,0.000000000000000000e+00
0.000000000000000000e+00,0.000000000000000000e+00,-1.056943298507505681e-03,-1.936351675016644795e-03,-4.654231619187519718e-04,0.000000000000000000e+00
0.000000000000000000e+00,0.000000000000000000e+00,-1.039412914789367062e-03,-1.911525145255990252e-03,-4.397318057598376042e-04,0.000000000000000000e+00
0.000000000000000000e+00,0.000000000000000000e+00,-1.022410229311823725e-03,-1.886361269715084929e-03,-4.137066692164523404e-04,0.000000000000000000e+00
0.000000000000000000e+00,0.000000000000000000e+00,-1.005935533264859039e-03,-1.860859774207317260e-03,-3.873476520802692467e-04,0.000000000000000000e+00
0.000000000000000000e+00,0.000000000000000000e+00,-9.899891178607319545e-04,-1.835020385011414817e-03,-3.606546536772716198e-04,0.000000000000000000e+00
0.000000000000000000e+00,0.000000000000000000e+00,-1.074565711801466709e-03,-1.808857524681486929e-03,-3.335367635402732706e-04,0.000000000000000000e+00
0.000000000000000000e+00,0.000000000000000000e+00,-1.059676895764905891e-03,-1.782340207494172331e-03,-3.061768573489489598e-04,0.000000000000000000e+00
0.000000000000000000e+00,0.000000000000000000e+00,-1.045317232211773716e-03,-1.755484161392765986e-03,-2.784826818375043525e-04,0.000000000000000000e+00
0.000000000000000000e+00,0.000000000000000000e+00,-1.031487012443379862e-03,-1.728289114516587443e-03,-2.504541344660741239e-04,0.000000000000000000e+00
0.000000000000000000e+00,0.000000000000000000e+00,-1.018186527783166914e-03,-1.700754795474463277e-03,-2.220911122230696756e-04,0.000000000000000000e+00
0.000000000000000000e+00,0.000000000000000000e+00,-1.005416069573220094e-03,-1.672880933347680680e-03,-1.933935116257404273e-04,0.000000000000000000e+00
0.000000000000000000e+00,0.000000000000000000e+00,-9.931759291779528997e-04,-1.644667257687168309e-03,-1.643612287166774542e-04,0.000000000000000000e+00
0.000000000000000000e+00,0.000000000000000000e+00,-9.814663979799448552e-04,-1.616113498518782646e-03,-1.349941590652650985e-04,0.000000000000000000e+00
0.000000000000000000e+00,0.000000000000000000e+00,-9.702877673842055664e-04,-1.587219386339935260e-03,-1.052921977641921151e-04,0.000000000000000000e+00
0.000000000000000000e+00,0.000000000000000000e+00,-9.596403288140005440e-04,-1.557984652123658781e-03,-7.525523942999810941e-05,0.000000000000000000e+00
0.000000000000000000e+00,0.000000000000000000e+00,0.000000000000000000e+00,-1.528582993652771727e-03,-4.416042786809046966e-05,0.000000000000000000e+00
0.000000000000000000e+00,0.000000000000000000e+00,0.000000000000000000e+00,-1.498648548945546999e-03,-1.347152265439993668e-05,0.000000000000000000e+00
0.000000000000000000e+00,0.000000000000000000e+00,0.000000000000000000e+00,-1.468372777525428496e-03,1.755325111571330587e-05,0.000000000000000000e+00
0.000000000000000000e+00,0.000000000000000000e+00,0.000000000000000000e+00,-1.437749106562469237e-03,4.905769589507325695e-05,0.000000000000000000e+00
0.000000000000000000e+00,0.000000000000000000e+00,0.000000000000000000e+00,-1.406786694138406624e-03,8.075134504519900988e-05,0.000000000000000000e+00
0.000000000000000000e+00,0.000000000000000000e+00,0.000000000000000000e+00,-1.375482058660115747e-03,1.127810922556000267e-04,0.000000000000000000e+00
0.000000000000000000e+00,0.000000000000000000e+00,0.000000000000000000e+00,-1.343834912485353250e-03,1.451470251626124294e-04,0.000000000000000000e+00
0.000000000000000000e+00,0.000000000000000000e+00,0.000000000000000000e+00,-1.311844967893383007e-03,1.778492313302144218e-04,0.000000000000000000e+00
0.000000000000000000e+00,0.000000000000000000e+00,0.000000000000000000e+00,-1.279511937091304397e-03,2.108877982453022035e-04,0.000000000000000000e+00
0.000000000000000000e+00,0.000000000000000000e+00,0.000000000000000000e+00,-1.246809985845809265e-03,2.443872669561099852e-04,0.000000000000000000e+00
0.000000000000000000e+00,0.000000000000000000e+00,0.000000000000000000e+00,-1.213786589859822129e-03,2.780954884477855951e-04,0.000000000000000000e+00
0.000000000000000000e+00,0.000000000000000000e+00,0.000000000000000000e+00,-1.180419209803051928e-03,3.121402986700112792e-04,0.000000000000000000e+00
0.000000000000000000e+00,0.000000000000000000e+00,0.000000000000000000e+00,-1.146707557562631763e-03,3.465217847915930648e-04,0.000000000000000000e+00
0.000000000000000000e+00,0.000000000000000000e+00,0.000000000000000000e+00,-1.112651344950088550e-03,3.812400339060582205e-04,0.000000000000000000e+00
0.000000000000000000e+00,0.000000000000000000e+00,0.000000000000000000e+00,-1.078250283702231194e-03,4.162951330320997789e-04,0.000000000000000000e+00
0.000000000000000000e+00,0.000000000000000000e+00,0.000000000000000000e+00,-1.043458053827883703e-03,4.517911374578294052e-04,0.000000000000000000e+00
0.000000000000000000e+00,0.000000000000000000e+00,0.000000000000000000e+00,-1.008362896686709753e-03,4.875166638271376945e-04,0.000000000000000000e+00
0.000000000000000000e+00,0.000000000000000000e+00,0.000000000000000000e+00,-9.729219915304287980e-04,5.235792666707498634e-04,0.000000000000000000e+00
0.000000000000000000e+00,0.000000000000000000e+00,0.000000000000000000e+00,-9.371350497764385779e-04,5.599790326885939647e-04,0.000000000000000000e+00
0.000000000000000000e+00,0.000000000000000000e+00,0.000000000000000000e+00,-9.010017827674188240e-04,5.967160485053171239e-04,0.000000000000000000e+00
0.000000000000000000e+00,0.000000000000000000e+00,0.000000000000000000e+00,-8.645219017724414812e-04,6.337904006689489347e-04,0.000000000000000000e+00
0.000000000000000000e+00,0.000000000000000000e+00,0.000000000000000000e+00,-8.276273726297578293e-04,6.712844303027030481e-04,0.000000000000000000e+00
0.000000000000000000e+00,0.000000000000000000e+00,0.000000000000000000e+00,-7.904496585015019505e-04,7.090299758468296843e-04,0.000000000000000000e+00
0.000000000000000000e+00,0.000000000000000000e+00,0.000000000000000000e+00,-7.529244294856018982e-04,7.471130826827133108e-04,0.000000000000000000e+00
0.000000000000000000e+00,0.000000000000000000e+00,0.000000000000000000e+00,-7.150513965318294751e-04,7.855338370398397187e-04,0.000000000000000000e+00
0.000000000000000000e+00,0.000000000000000000e+00,0.000000000000000000e+00,-6.768302705127959840e-04,8.242923250746487466e-04,0.000000000000000000e+00
0.000000000000000000e+00,0.000000000000000000e+00,0.000000000000000000e+00,-6.381739808350994636e-04,8.634518514723083481e-04,0.000000000000000000e+00
0.000000000000000000e+00,0.000000000000000000e+00,0.000000000000000000e+00,-5.992518908889410412e-04,9.028821549063193591e-04,0.000000000000000000e+00
0.000000000000000000e+00,0.000000000000000000e+00,0.000000000000000000e+00,-5.599808057016320006e-04,9.426504156853411382e-04,0.000000000000000000e+00
0.000000000000000000e+00,0.000000000000000000e+00,0.000000000000000000e+00,-5.203604358287039489e-04,9.827567196445904409e-04,0.000000000000000000e+00
0.000000000000000000e+00,0.000000000000000000e+00,0.000000000000000000e+00,-4.803904917487500370e-04,1.023201152546462283e-03,0.000000000000000000e+00
0.000000000000000000e+00,0.000000000000000000e+00,0.000000000000000000e+00,-4.399640082113354111e-04,1.064027124420693958e-03,0.000000000000000000e+00
0.000000000000000000e+00,0.000000000000000000e+00,0.000000000000000000e+00,-3.992899648128656054e-04,1.105143990144169617e-03,0.000000000000000000e+00
0.000000000000000000e+00,0.000000000000000000e+00,0.000000000000000000e+00,-3.582654437555010674e-04,1.146599207201416280e-03,0.000000000000000000e+00
0.000000000000000000e+00,0.000000000000000000e+00,0.000000000000000000e+00,-3.168901552000891186e-04,1.188392861034945737e-03,0.000000000000000000e+00
0.000000000000000000e+00,0.000000000000000000e+00,0.000000000000000000e+00,-2.751638092324260043e-04,1.230525037011540859e-03,0.000000000000000000e+00
0.000000000000000000e+00,0.000000000000000000e+00,0.000000000000000000e+00,-2.329586853780929445e-04,1.273018389937927326e-03,0.000000000000000000e+00
0.000000000000000000e+00,0.000000000000000000e+00,0.000000000000000000e+00,-1.905251001024232949e-04,1.315823611561779986e-03,0.000000000000000000e+00
0.000000000000000000e+00,0.000000000000000000e+00,0.000000000000000000e+00,-1.477395526862101960e-04,1.358967576444562644e-03,0.000000000000000000e+00
0.000000000000000000e+00,0.000000000000000000e+00,0.000000000000000000e+00,-1.046017528963938403e-04,1.402450369634071145e-03,0.000000000000000000e+00
0.000000000000000000e+00,0.000000000000000000e+00,0.000000000000000000e+00,-6.096675489064562470e-05,1.446277420570876238e-03,0.000000000000000000e+00
0.000000000000000000e+00,0.000000000000000000e+00,0.000000000000000000e+00,-1.711918665880940438e-05,1.490433732524997683e-03,0.000000000000000000e+00
0.000000000000000000e+00,0.000000000000000000e+00,0.000000000000000000e+00,2.708153970654159082e-05,1.534929092869459499e-03,0.000000000000000000e+00
0.000000000000000000e+00,0.000000000000000000e+00,0.000000000000000000e+00,7.163571475921060028e-05,1.579763586334631976e-03,0.000000000000000000e+00
0.000000000000000000e+00,0.000000000000000000e+00,0.000000000000000000e+00,1.167060631718230823e-04,1.624924863527261228e-03,0.000000000000000000e+00
0.000000000000000000e+00,0.000000000000000000e+00,0.000000000000000000e+00,1.619725388022352774e-04,1.670433345871704355e-03,0.000000000000000000e+00
0.000000000000000000e+00,0.000000000000000000e+00,0.000000000000000000e+00,2.075933699116072617e-04,1.716281180388004070e-03,0.000000000000000000e+00
0.000000000000000000e+00,0.000000000000000000e+00,0.000000000000000000e+00,2.535688473704889034e-04,1.762468451485530276e-03,0.000000000000000000e+00
0.000000000000000000e+00,0.000000000000000000e+00,0.000000000000000000e+00,3.000800293516681094e-04,1.808964476275326180e-03,0.000000000000000000e+00
0.000000000000000000e+00,0.000000000000000000e+00,0.000000000000000000e+00,3.467703425271695394e-04,1.855826203365423333e-03,0.000000000000000000e+00
0.000000000000000000e+00,0.000000000000000000e+00,0.000000000000000000e+00,3.938162098775510600e-04,1.903027585057207819e-03,0.000000000000000000e+00
0.000000000000000000e+00,0.000000000000000000e+00,0.000000000000000000e+00,4.414128044240017701e-04,1.950523823610553903e-03,0.000000000000000000e+00
0.000000000000000000e+00,0.000000000000000000e+00,0.000000000000000000e+00,4.891754282086990813e-04,1.998399992264414827e-03,0.000000000000000000e+00
0.000000000000000000e+00,0.000000000000000000e+00,0.000000000000000000e+00,5.372945147803509514e-04,2.046616032751441550e-03,0.000000000000000000e+00
0.000000000000000000e+00,0.000000000000000000e+00,0.000000000000000000e+00,5.857703555735005452e-04,2.095172028919198813e-03,0.000000000000000000e+00
0.000000000000000000e+00,0.000000000000000000e+00,0.000000000000000000e+00,6.348174306627374364e-04,2.144003875974639841e-03,0.000000000000000000e+00
0.000000000000000000e+00,0.000000000000000000e+00,0.000000000000000000e+00,6.840125683195141804e-04,2.193235120925190410e-03,0.000000000000000000e+00
0.000000000000000000e+00,0.000000000000000000e+00,0.000000000000000000e+00,7.335653698428146186e-04,2.242806537756370216e-03,0.000000000000000000e+00
0.000000000000000000e+00,0.000000000000000000e+00,0.000000000000000000e+00,7.837051617018975236e-04,2.292639175279238134e-03,0.000000000000000000e+00
0.000000000000000000e+00,0.000000000000000000e+00,0.000000000000000000e+00,8.339791848422928311e-04,2.342886167829779341e-03,0.000000000000000000e+00
0.000000000000000000e+00,0.000000000000000000e+00,0.000000000000000000e+00,8.846117822812749054e-04,2.393473547672091833e-03,0.000000000000000000e+00
0.000000000000000000e+00,0.000000000000000000e+00,-2.749537368300392602e-03,9.324864946703685263e-04,2.445592236708754499e-03,0.000000000000000000e+00
0.000000000000000000e+00,0.000000000000000000e+00,-2.772935716193408208e-03,9.837425259729968337e-04,2.496937610024990012e-03,0.000000000000000000e+00
0.000000000000000000e+00,0.000000000000000000e+00,-2.796883971439452325e-03,1.035355665044489486e-03,2.548625572960110022e-03,0.000000000000000000e+00
0.000000000000000000e+00,0.000000000000000000e+00,-2.821382427004074343e-03,1.087326148752616349e-03,2.600656264614989877e-03,0.000000000000000000e+00
0.000000000000000000e+00,0.000000000000000000e+00,-2.846431375876570281e-03,1.139654213442671451e-03,2.653029824652344566e-03,0.000000000000000000e+00
0.000000000000000000e+00,0.000000000000000000e+00,-2.872031111065900550e-03,1.192340094933910626e-03,2.705746393295994489e-03,0.000000000000000000e+00
0.000000000000000000e+00,0.000000000000000000e+00,-2.898181925604177180e-03,1.245384028520305029e-03,2.758806111333690029e-03,0.000000000000000000e+00
0.000000000000000000e+00,0.000000000000000000e+00,-2.924884112545809035e-03,1.298786248970860546e-03,2.812209120118846269e-03,0.000000000000000000e+00
0.000000000000000000e+00,0.000000000000000000e+00,-2.952137964965879414e-03,1.352546990525495220e-03,2.865955561569360783e-03,0.000000000000000000e+00
0.000000000000000000e+00,0.000000000000000000e+00,-2.979943775962405530e-03,1.406666486898232446e-03,2.920045578171783472e-03,0.000000000000000000e+00
0.000000000000000000e+00,0.000000000000000000e+00,-3.008301838654385638e-03,1.461144971272523938e-03,2.974479312980365074e-03,0.000000000000000000e+00
0.000000000000000000e+00,0.000000000000000000e+00,-3.037212446184734196e-03,1.515982676304109423e-03,3.029256909620118947e-03,0.000000000000000000e+00
0.000000000000000000e+00,0.000000000000000000e+00,-3.066675891715216467e-03,1.571179834116674841e-03,3.084378512285867839e-03,0.000000000000000000e+00
0.000000000000000000e+00,0.000000000000000000e+00,-3.096692468431830499e-03,1.626736676304259494e-03,3.139844265745970510e-03,0.000000000000000000e+00
0.000000000000000000e+00,0.000000000000000000e+00,-3.227262173634580077e-03,1.682813082522144734e-03,3.195569927687922675e-03,0.000000000000000000e+00
0.000000000000000000e+00,0.000000000000000000e+00,-3.258385924913353732e-03,1.739092807203517594e-03,3.251721634365029642e-03,0.000000000000000000e+00
0.000000000000000000e+00,0.000000000000000000e+00,-3.290063686116792910e-03,1.795732926212222991e-03,3.308217912718073445e-03,0.000000000000000000e+00
0.000000000000000000e+00,0.000000000000000000e+00,-3.322295750530093218e-03,1.852733669028559403e-03,3.365058909818064836e-03,0.000000000000000000e+00
0.000000000000000000e+00,0.000000000000000000e+00,-3.355082411460966110e-03,1.910095264598100483e-03,3.422244773315090416e-03,0.000000000000000000e+00
0.000000000000000000e+00,0.000000000000000000e+00,-3.388423962237922804e-03,1.968037362480197505e-03,3.379775831827579267e-03,0.000000000000000000e+00
0.000000000000000000e+00,0.000000000000000000e+00,-3.422320696211671610e-03,2.026324159087598050e-03,3.337652025096519461e-03,0.000000000000000000e+00
0.000000000000000000e+00,0.000000000000000000e+00,-3.456772906755843037e-03,2.084955965078460604e-03,3.295873501677569657e-03,0.000000000000000000e+00
0.000000000000000000e+00,0.000000000000000000e+00,-3.491780887265287167e-03,2.143933090630400530e-03,3.254440410680275748e-03,0.000000000000000000e+00
0.000000000000000000e+00,0.000000000000000000e+00,-3.527344931159463737e-03,2.203255845442339718e-03,3.213352901771400656e-03,0.000000000000000000e+00
0.000000000000000000e+00,0.000000000000000000e+00,-3.563465331877080974e-03,2.262924538730056150e-03,3.172611125173143212e-03,0.000000000000000000e+00
0.000000000000000000e+00,0.000000000000000000e+00,-3.600142382880490519e-03,2.322939479228585628e-03,3.132215231667366540e-03,0.000000000000000000e+00
0.000000000000000000e+00,0.000000000000000000e+00,-3.637376377652765721e-03,2.383300975189094496e-03,3.092165372594477425e-03,0.000000000000000000e+00
0.000000000000000000e+00,0.000000000000000000e+00,-3.675167609703443566e-03,2.444009334381163842e-03,3.052461699858768831e-03,0.000000000000000000e+00
0.000000000000000000e+00,0.000000000000000000e+00,-3.713516372559717057e-03,2.405064904736529344e-03,3.012958690060037800e-03,0.000000000000000000e+00
0.000000000000000000e+00,0.000000000000000000e+00,-3.752422959772730524e-03,2.366467918165883737e-03,2.973818281407470711e-03,0.000000000000000000e+00
0.000000000000000000e+00,0.000000000000000000e+00,-3.791887664917223139e-03,2.328218679947206132e-03,2.935040543776645545e-03,0.000000000000000000e+00
0.000000000000000000e+00,0.000000000000000000e+00,-3.831910781587611909e-03,2.290317494840067841e-03,2.896625547549552902e-03,0.000000000000000000e+00
0.000000000000000000e+00,0.000000000000000000e+00,-3.872492603403960426e-03,2.252764667090639654e-03,2.858573363619053807e-03,0.000000000000000000e+00
0.000000000000000000e+00,0.000000000000000000e+00,-3.913633424006743473e-03,2.215560500424945938e-03,2.820884063387083841e-03,0.000000000000000000e+00
0.000000000000000000e+00,0.000000000000000000e+00,-3.955333537058152403e-03,2.178705298051872644e-03,2.783557718767090423e-03,0.000000000000000000e+00
0.000000000000000000e+00,0.000000000000000000e+00,-3.997593236246186482e-03,2.142199362662402726e-03,2.746594402187599402e-03,0.000000000000000000e+00
0.000000000000000000e+00,0.000000000000000000e+00,-4.040412815275866952e-03,2.106042996425536943e-03,2.709994186588187901e-03,0.000000000000000000e+00
0.000000000000000000e+00,0.000000000000000000e+00,-4.083792567880208287e-03,2.070236500992172698e-03,2.673757145427502636e-03,0.000000000000000000e+00
0.000000000000000000e+00,0.000000000000000000e+00,-4.127732787811995603e-03,2.034780177491247316e-03,2.637883352679684223e-03,0.000000000000000000e+00
0.000000000000000000e+00,0.000000000000000000e+00,-4.172233768846432718e-03,1.999674326529078412e-03,2.602372882836817471e-03,0.000000000000000000e+00
0.000000000000000000e+00,0.000000000000000000e+00,-4.217295804781026787e-03,1.964919248189376903e-03,2.567225810911146627e-03,0.000000000000000000e+00
0.000000000000000000e+00,0.000000000000000000e+00,-4.162918907515776763e-03,1.930388232271688974e-03,2.532538227455809806e-03,0.000000000000000000e+00
0.000000000000000000e+00,0.000000000000000000e+00,-4.209103923930206277e-03,1.896337305586232860e-03,2.498116456784586163e-03,0.000000000000000000e+00
0.000000000000000000e+00,0.000000000000000000e+00,-4.255850877422964404e-03,1.862638031072393367e-03,2.464058330404857861e-03,0.000000000000000000e+00
0.000000000000000000e+00,0.000000000000000000e+00,-4.303160061872438047e-03,1.729265293915308553e-03,2.530339021619624866e-03,0.000000000000000000e+00
0.000000000000000000e+00,0.000000000000000000e+00,-4.351031771178967902e-03,1.696277800674443788e-03,2.497016044918967757e-03,0.000000000000000000e+00
0.000000000000000000e+00,0.000000000000000000e+00,-4.399466299263954210e-03,1.663642823337549079e-03,2.464056917732803439e-03,0.000000000000000000e+00
0.000000000000000000e+00,0.000000000000000000e+00,-4.348463617792178854e-03,1.631238674157043473e-03,2.431542670816666182e-03,0.000000000000000000e+00
0.000000000000000000e+00,0.000000000000000000e+00,-4.398024657869338376e-03,1.599311220276770961e-03,2.399309865901039316e-03,0.000000000000000000e+00
0.000000000000000000e+00,0.000000000000000000e+00,-4.448149399214373564e-03,1.567737152173327144e-03,2.367441166376075753e-03,0.000000000000000000e+00
0.000000000000000000e+00,0.000000000000000000e+00,-4.498838135827036046e-03,1.536516764608524639e-03,2.335936652523188523e-03,0.000000000000000000e+00
0.000000000000000000e+00,0.000000000000000000e+00,-4.550091161733625655e-03,1.505650351814771847e-03,2.304796405160294652e-03,0.000000000000000000e+00
0.000000000000000000e+00,0.000000000000000000e+00,-4.501908430657059271e-03,1.475024074409088826e-03,2.274093592345264453e-03,0.000000000000000000e+00
0.000000000000000000e+00,0.000000000000000000e+00,-4.554290912383665048e-03,1.444868006188624026e-03,2.243680600156160079e-03,0.000000000000000000e+00
0.000000000000000000e+00,0.000000000000000000e+00,-4.607238566145435699e-03,1.415066774525770973e-03,2.213632138379688450e-03,0.000000000000000000e+00
0.000000000000000000e+00,0.000000000000000000e+00,-4.660751686047600109e-03,1.385620671504997825e-03,2.183948289987661714e-03,0.000000000000000000e+00
0.000000000000000000e+00,0.000000000000000000e+00,-4.614830221399753886e-03,1.356421818338213398e-03,2.154696263118052735e-03,0.000000000000000000e+00
0.000000000000000000e+00,0.000000000000000000e+00,-4.669475152809830082e-03,1.327688289989862247e-03,2.125740442964080441e-03,0.000000000000000000e+00
0.000000000000000000e+00,0.000000000000000000e+00,-4.724686433300147141e-03,1.299310745550204173e-03,2.097149506628982231e-03,0.000000000000000000e+00
0.000000000000000000e+00,0.000000000000000000e+00,-4.680464015362045468e-03,1.271185591636067591e-03,2.068986387151687100e-03,0.000000000000000000e+00
0.000000000000000000e+00,0.000000000000000000e+00,-4.736808874556153529e-03,1.243522273932909936e-03,2.041124079419755124e-03,0.000000000000000000e+00
0.000000000000000000e+00,0.000000000000000000e+00,-4.793720965912113760e-03,1.216215790478309853e-03,2.013626930869537833e-03,0.000000000000000000e+00
0.000000000000000000e+00,0.000000000000000000e+00,-4.751200247580310114e-03,1.189166671703667695e-03,1.986553762570909040e-03,0.000000000000000000e+00
0.000000000000000000e+00,0.000000000000000000e+00,-4.809247685038689837e-03,1.162576057053961399e-03,1.959785852928522427e-03,0.000000000000000000e+00
0.000000000000000000e+00,0.000000000000000000e+00,-4.867863237883664207e-03,1.136343122044726267e-03,1.933383382794265576e-03,0.000000000000000000e+00
0.000000000000000000e+00,0.000000000000000000e+00,-4.827046872194082350e-03,1.110372358996972435e-03,1.907401224570747390e-03,0.000000000000000000e+00
0.000000000000000000e+00,0.000000000000000000e+00,-4.886799538744167164e-03,1.084856924820879528e-03,1.881728613658156454e-03,0.000000000000000000e+00
0.000000000000000000e+00,0.000000000000000000e+00,-4.947121204046936102e-03,1.059700010704726610e-03,1.856421727577301168e-03,0.000000000000000000e+00
0.000000000000000000e+00,0.000000000000000000e+00,-4.908011844175170189e-03,1.034809908599220634e-03,1.831531653535680175e-03,0.000000000000000000e+00
0.000000000000000000e+00,0.000000000000000000e+00,-4.969472390990271361e-03,1.010372117257139161e-03,1.806955257068026868e-03,0.000000000000000000e+00
0.000000000000000000e+00,0.000000000000000000e+00,-4.931502512190543384e-03,9.862041349435154199e-04,1.782793444158099370e-03,0.000000000000000000e+00
0.000000000000000000e+00,0.000000000000000000e+00,-4.994103119329311793e-03,9.624865300090974015e-04,1.758947975346658761e-03,0.000000000000000000e+00
0.000000000000000000e+00,0.000000000000000000e+00,-4.957273900895381620e-03,9.390416562434136111e-04,1.735514936375563526e-03,0.000000000000000000e+00
0.000000000000000000e+00,0.000000000000000000e+00,-5.021015747239588982e-03,9.160452967982523047e-04,1.712400837809259675e-03,0.000000000000000000e+00
0.000000000000000000e+00,0.000000000000000000e+00,-5.085328654295204025e-03,8.935551196338617150e-04,1.789653963248084801e-03,0.000000000000000000e+00
0.000000000000000000e+00,0.000000000000000000e+00,-5.050212632991661794e-03,8.711979447640110430e-04,1.767315606535535977e-03,0.000000000000000000e+00
0.000000000000000000e+00,0.000000000000000000e+00,-5.115668547504521185e-03,8.492916057129452521e-04,1.745299987976751260e-03,0.000000000000000000e+00
0.000000000000000000e+00,0.000000000000000000e+00,-5.081696134950066009e-03,8.276599520402657534e-04,1.723691689361028399e-03,0.000000000000000000e+00
0.000000000000000000e+00,0.000000000000000000e+00,-5.148296235991519851e-03,8.064774470999611089e-04,1.702408549860271987e-03,0.000000000000000000e+00
0.000000000000000000e+00,0.000000000000000000e+00,-5.115468611573325587e-03,7.855722870036659566e-04,1.681530838380584231e-03,0.000000000000000000e+00
0.000000000000000000e+00,0.000000000000000000e+00,-5.183214078284916967e-03,6.651137686668950541e-04,1.661151474932872144e-03,0.000000000000000000e+00
0.000000000000000000e+00,0.000000000000000000e+00,-5.151532421413339453e-03,6.449360739070585666e-04,1.641006468405195248e-03,0.000000000000000000e+00
0.000000000000000000e+00,0.000000000000000000e+00,-5.220424433007134039e-03,6.252043266206145332e-04,1.621196222991525297e-03,0.000000000000000000e+00
0.000000000000000000e+00,0.000000000000000000e+00,-5.189889923116696412e-03,6.057550560601820261e-04,1.601782818387471885e-03,0.000000000000000000e+00
0.000000000000000000e+00,0.000000000000000000e+00,-5.159929433430953186e-03,5.866708381049173544e-04,1.582734945841662291e-03,0.000000000000000000e+00
0.000000000000000000e+00,0.000000000000000000e+00,-5.230543475425152196e-03,5.680303692355925891e-04,1.564025124960369446e-03,0.000000000000000000e+00
0.000000000000000000e+00,0.000000000000000000e+00,-5.201731901844391937e-03,5.496759926263186094e-04,1.545709688894778824e-03,0.000000000000000000e+00
0.000000000000000000e+00,0.000000000000000000e+00,-5.273495437172946720e-03,5.317639959940680203e-04,1.527734408518276491e-03,0.000000000000000000e+00
0.000000000000000000e+00,0.000000000000000000e+00,-5.245833959184177490e-03,5.141404118013575067e-04,1.510151959154126507e-03,0.000000000000000000e+00
0.000000000000000000e+00,0.000000000000000000e+00,-5.318748167292924184e-03,4.969579094774844450e-04,1.492911698913300909e-03,0.000000000000000000e+00
0.000000000000000000e+00,0.000000000000000000e+00,-5.292237964407205987e-03,4.800660640017422411e-04,1.476062791241150498e-03,0.000000000000000000e+00
0.000000000000000000e+00,0.000000000000000000e+00,-5.266303845479879640e-03,4.635408576027318550e-04,1.459580455332691942e-03,0.000000000000000000e+00
0.000000000000000000e+00,0.000000000000000000e+00,-5.340946276559870552e-03,4.474549081291237279e-04,1.443443229288431323e-03,0.000000000000000000e+00
0.000000000000000000e+00,0.000000000000000000e+00,-5.316165201949247555e-03,4.316628324496489554e-04,1.427695294754076707e-03,0.000000000000000000e+00
0.000000000000000000e+00,0.000000000000000000e+00,-5.291961095723700208e-03,4.162380613913207734e-04,1.412314391825411110e-03,0.000000000000000000e+00
0.000000000000000000e+00,0.000000000000000000e+00,-5.368334404057872877e-03,4.012508829207448390e-04,1.397281360840051199e-03,0.000000000000000000e+00
0.000000000000000000e+00,0.000000000000000000e+00,-5.345285111392707525e-03,3.865606237021062229e-04,1.382635729855886996e-03,0.000000000000000000e+00
0.000000000000000000e+00,0.000000000000000000e+00,-5.322813671542172588e-03,3.722383291510402412e-04,1.368357595820558640e-03,0.000000000000000000e+00
0.000000000000000000e+00,0.000000000000000000e+00,-5.400920511556859399e-03,3.583521237208299004e-04,1.354429936963068857e-03,0.000000000000000000e+00
0.000000000000000000e+00,0.000000000000000000e+00,-5.379605654545246973e-03,3.447657111974596717e-04,1.340887956397925941e-03,0.000000000000000000e+00
0.000000000000000000e+00,0.000000000000000000e+00,-5.358869534782800988e-03,3.315479178641632168e-04,1.327713943658491305e-03,0.000000000000000000e+00
0.000000000000000000e+00,0.000000000000000000e+00,-5.438712561048671991e-03,3.187648713208428145e-04,1.314892850304220061e-03,0.000000000000000000e+00
0.000000000000000000e+00,0.000000000000000000e+00,-5.419134793435943613e-03,3.062843192164023181e-04,1.302455883578696643e-03,0.000000000000000000e+00
0.000000000000000000e+00,0.000000000000000000e+00,-5.400136647509783464e-03,2.941730352721362357e-04,1.290387361119159576e-03,0.000000000000000000e+00
0.000000000000000000e+00,0.000000000000000000e+00,-5.381718418018763446e-03,2.824312283602825407e-04,1.278687449067801097e-03,0.000000000000000000e+00
0.000000000000000000e+00,0.000000000000000000e+00,-5.463880490308976531e-03,2.711226226407458710e-04,1.267343470229551679e-03,0.000000000000000000e+00
0.000000000000000000e+00,0.000000000000000000e+00,-5.446622972007450145e-03,2.601198396397879893e-04,1.256381823714186694e-03,0.000000000000000000e+00
0.000000000000000000e+00,0.000000000000000000e+00,-5.429946254583704543e-03,2.494871751884222052e-04,1.245789271526069825e-03,0.000000000000000000e+00
0.000000000000000000e+00,0.000000000000000000e+00,-5.413850632786603063e-03,2.392248356545543283e-04,1.235565982322501003e-03,0.000000000000000000e+00
0.000000000000000000e+00,0.000000000000000000e+00,-5.498336470779674294e-03,2.293944395160535767e-04,1.225701356975706854e-03,0.000000000000000000e+00
0.000000000000000000e+00,0.000000000000000000e+00,-5.483403919252254587e-03,2.198728867642536051e-04,1.216217572726101476e-03,0.000000000000000000e+00
0.000000000000000000e+00,0.000000000000000000e+00,-5.469053347797562213e-03,2.107222929438311862e-04,1.207103542913073825e-03,0.000000000000000000e+00
0.000000000000000000e+00,0.000000000000000000e+00,-5.455285051164758016e-03,2.019428619011806743e-04,1.198359438727046632e-03,0.000000000000000000e+00
0.000000000000000000e+00,0.000000000000000000e+00,-5.442099324102420838e-03,1.935347968482320187e-04,1.189985431997413927e-03,0.000000000000000000e+00
0.000000000000000000e+00,0.000000000000000000e+00,-5.529496507544689500e-03,1.855575035451362102e-04,1.181973105644553877e-03,0.000000000000000000e+00
0.000000000000000000e+00,0.000000000000000000e+00,-5.517476799578467130e-03,1.778923914585853249e-04,1.174340190547187466e-03,0.000000000000000000e+00
0.000000000000000000e+00,0.000000000000000000e+00,-5.506040545635473675e-03,1.705992699219044189e-04,1.167077873861275747e-03,0.000000000000000000e+00
0.000000000000000000e+00,0.000000000000000000e+00,-5.495188040461842886e-03,1.636783396026918885e-04,1.160186329970348471e-03,0.000000000000000000e+00
0.000000000000000000e+00,0.000000000000000000e+00,-5.484919578808022771e-03,1.571298005312060685e-04,1.153665733905413337e-03,0.000000000000000000e+00
0.000000000000000000e+00,0.000000000000000000e+00,-5.475235455419177368e-03,1.509538520926637106e-04,1.147516261339264583e-03,0.000000000000000000e+00
0.000000000000000000e+00,0.000000000000000000e+00,-5.566135989075959856e-03,1.452078621627962956e-04,1.141731504774736545e-03,0.000000000000000000e+00
0.000000000000000000e+00,0.000000000000000000e+00,-5.557621423372417421e-03,1.397774170548071119e-04,1.136325077044750883e-03,0.000000000000000000e+00
0.000000000000000000e+00,0.000000000000000000e+00,-5.549692080393044818e-03,1.347201756867325614e-04,1.131290285291145165e-03,0.000000000000000000e+00
0.000000000000000000e+00,0.000000000000000000e+00,-5.542348254885568273e-03,1.300363348781938190e-04,1.126627307771824139e-03,0.000000000000000000e+00
0.000000000000000000e+00,0.000000000000000000e+00,-5.535590241598310757e-03,1.257260908020613676e-04,1.122336323396029827e-03,0.000000000000000000e+00
0.000000000000000000e+00,0.000000000000000000e+00,-5.529418335279909225e-03,1.217896389840405748e-04,1.118417511725925111e-03,0.000000000000000000e+00
0.000000000000000000e+00,0.000000000000000000e+00,-5.523832830678312815e-03,1.182271742999272795e-04,1.114871052975941043e-03,0.000000000000000000e+00
0.000000000000000000e+00,0.000000000000000000e+00,-5.518834022542502826e-03,1.150388909767335595e-04,1.111697128016082142e-03,0.000000000000000000e+00
0.000000000000000000e+00,0.000000000000000000e+00,-5.514422205620361610e-03,1.122249825892726030e-04,1.108895918371251808e-03,0.000000000000000000e+00
0.000000000000000000e+00,0.000000000000000000e+00,-5.510597674659761108e-03,1.097856420605335039e-04,1.106467606223018917e-03,0.000000000000000000e+00
0.000000000000000000e+00,0.000000000000000000e+00,-5.507360724408648725e-03,1.077210616599878599e-04,1.104412374410729996e-03,0.000000000000000000e+00
0.000000000000000000e+00,0.000000000000000000e+00,-5.504711649617137666e-03,1.060314330041927652e-04,1.102730406433812720e-03,0.000000000000000000e+00
0.000000000000000000e+00,0.000000000000000000e+00,-5.602650746012699350e-03,1.047720776170703018e-04,1.101417311781200834e-03,0.000000000000000000e+00
0.000000000000000000e+00,0.000000000000000000e+00,-5.601178305838182096e-03,1.038328773668554009e-04,1.100482470991094282e-03,0.000000000000000000e+00
0.000000000000000000e+00,0.000000000000000000e+00,-5.600294625584291419e-03,1.032692186850620193e-04,1.099921429950532223e-03,0.000000000000000000e+00
0.000000000000000000e+00,0.000000000000000000e+00,0.000000000000000000e+00,1.061600000000773036e-04,1.099440000000000139e-03,0.000000000000000000e+00
0.000000000000000000e+00,0.000000000000000000e+00,0.000000000000000000e+00,1.061600000000773036e-04,1.099440000000000139e-03,0.000000000000000000e+00
0.000000000000000000e+00,0.000000000000000000e+00,0.000000000000000000e+00,1.062700000000749156e-04,1.099430000000000199e-03,8.305206241301932302e-06
0.000000000000000000e+00,0.000000000000000000e+00,0.000000000000000000e+00,1.062700000000749156e-04,1.099430000000000199e-03,-6.689084167332826070e-05
0.000000000000000000e+00,0.000000000000000000e+00,0.000000000000000000e+00,1.069599999998782636e-04,1.199419999999999653e-03,-2.575564370170535522e-05
0.000000000000000000e+00,0.000000000000000000e+00,0.000000000000000000e+00,1.070800000000371455e-04,1.199409999999999712e-03,-6.845669980162782942e-05
0.000000000000000000e+00,0.000000000000000000e+00,0.000000000000000000e+00,1.071999999999739828e-04,1.199399999999999772e-03,4.838490069075662703e-06
0.000000000000000000e+00,0.000000000000000000e+00,0.000000000000000000e+00,2.071999999999629694e-04,1.198799999999999866e-03,-6.037574047351723650e-06
0.000000000000000000e+00,0.000000000000000000e+00,0.000000000000000000e+00,2.073199999998998067e-04,1.198779999999999984e-03,-1.252392108769262435e-06
0.000000000000000000e+00,0.000000000000000000e+00,0.000000000000000000e+00,2.080600000000654148e-04,1.298760000000000366e-03,1.902653592701641916e-05
0.000000000000000000e+00,0.000000000000000000e+00,0.000000000000000000e+00,2.081899999999414774e-04,1.298740000000000484e-03,-4.536828989776253707e-05
0.000000000000000000e+00,0.000000000000000000e+00,0.000000000000000000e+00,3.089599999999137481e-04,1.398080000000000329e-03,5.395630459065214879e-06
0.000000000000000000e+00,0.000000000000000000e+00,0.000000000000000000e+00,3.090999999999510806e-04,1.398050000000000508e-03,-2.884920296032655873e-05
0.000000000000000000e+00,0.000000000000000000e+00,0.000000000000000000e+00,4.092399999999773996e-04,1.397360000000000269e-03,-4.827029011374162071e-05
0.000000000000000000e+00,0.000000000000000000e+00,0.000000000000000000e+00,4.100499999999396294e-04,1.497320000000000768e-03,-5.303513095894496487e-05
0.000000000000000000e+00,0.000000000000000000e+00,0.000000000000000000e+00,4.110399999999181375e-04,1.597239999999999771e-03,-4.331122545379872957e-05
0.000000000000000000e+00,0.000000000000000000e+00,0.000000000000000000e+00,5.112000000000449518e-04,1.596499999999999829e-03,-1.926607355608178640e-05
0.000000000000000000e+00,0.000000000000000000e+00,0.000000000000000000e+00,5.120699999998645779e-04,1.696450000000000388e-03,1.893282477638535966e-05
0.000000000000000000e+00,0.000000000000000000e+00,0.000000000000000000e+00,6.122399999999306175e-04,1.695680000000000624e-03,-2.888203041417902739e-05
0.000000000000000000e+00,0.000000000000000000e+00,0.000000000000000000e+00,7.133200000000172736e-04,1.794820000000000790e-03,-6.287813908562034371e-05
0.000000000000000000e+00,0.000000000000000000e+00,0.000000000000000000e+00,6.142499999999273541e-04,1.895500000000000483e-03,1.677699880428540347e-05
0.000000000000000000e+00,0.000000000000000000e+00,0.000000000000000000e+00,6.151999999999269164e-04,1.995440000000000234e-03,9.915883297698102616e-06
0.000000000000000000e+00,0.000000000000000000e+00,0.000000000000000000e+00,6.148200000000159093e-04,1.895320000000000685e-03,1.637101443684174651e-05
0.000000000000000000e+00,0.000000000000000000e+00,0.000000000000000000e+00,5.150099999999824263e-04,1.896050000000000686e-03,-6.402510773609315642e-05
0.000000000000000000e+00,0.000000000000000000e+00,0.000000000000000000e+00,5.153899999998934334e-04,1.895949999999999545e-03,-3.143998317894913797e-05
0.000000000000000000e+00,0.000000000000000000e+00,0.000000000000000000e+00,5.155799999998489369e-04,1.895899999999999842e-03,1.395888815050594367e-05
0.000000000000000000e+00,0.000000000000000000e+00,0.000000000000000000e+00,5.159599999999819886e-04,1.895800000000000436e-03,-2.799599370555128086e-05
0.000000000000000000e+00,0.000000000000000000e+00,0.000000000000000000e+00,4.163399999999040091e-04,1.896559999999999392e-03,-5.747212870493845216e-05
0.000000000000000000e+00,0.000000000000000000e+00,0.000000000000000000e+00,4.165299999998595126e-04,1.896519999999999630e-03,2.536298319454066696e-05
0.000000000000000000e+00,0.000000000000000000e+00,0.000000000000000000e+00,4.169099999999925643e-04,1.896440000000000105e-03,2.034184203510147615e-05
0.000000000000000000e+00,0.000000000000000000e+00,0.000000000000000000e+00,4.170999999999480679e-04,1.896400000000000342e-03,2.729694785891245701e-05
0.000000000000000000e+00,0.000000000000000000e+00,0.000000000000000000e+00,4.174799999998590749e-04,1.896320000000000817e-03,-5.393919929183588202e-05
0.000000000000000000e+00,0.000000000000000000e+00,0.000000000000000000e+00,4.178599999999921266e-04,1.896239999999999558e-03,-2.353409937493056159e-05
0.000000000000000000e+00,0.000000000000000000e+00,0.000000000000000000e+00,4.182399999999031337e-04,1.896160000000000033e-03,1.834474765179117117e-05
0.000000000000000000e+00,0.000000000000000000e+00,0.000000000000000000e+00,4.184299999998586372e-04,1.896120000000000271e-03,-2.847015816945241973e-05
0.000000000000000000e+00,0.000000000000000000e+00,0.000000000000000000e+00,4.188099999999916889e-04,1.896040000000001613e-03,-6.414631679646509710e-05
0.000000000000000000e+00,0.000000000000000000e+00,-1.010033668013391069e-02,4.095724789921501171e-04,1.897870661306770698e-03,1.114877181292162067e-05
0.000000000000000000e+00,0.000000000000000000e+00,-1.020034001360058465e-02,4.101778439375946259e-04,1.997846603360383961e-03,-2.752392299118500141e-06
0.000000000000000000e+00,0.000000000000000000e+00,-1.030034334706725514e-02,4.102781870334277310e-04,1.997828311489639307e-03,-6.017309090333711197e-06
0.000000000000000000e+00,0.000000000000000000e+00,-1.030034334706725514e-02,4.102781870334277310e-04,1.997828311489639307e-03,1.186521481427726954e-06
0.000000000000000000e+00,0.000000000000000000e+00,-1.040034668053392737e-02,4.103785333595182604e-04,1.997810036306927554e-03,1.869159945837306491e-05
0.000000000000000000e+00,0.000000000000000000e+00,-1.050035001400060133e-02,4.104788829153102354e-04,1.997791777812452096e-03,-5.366957511732106667e-05
0.000000000000000000e+00,0.000000000000000000e+00,-1.060035334746727356e-02,4.111092611079219562e-04,2.097768217888442820e-03,-1.606450220344168844e-05
0.000000000000000000e+00,0.000000000000000000e+00,-1.070035668093394406e-02,4.112146171693768261e-04,2.097750081525119343e-03,-6.866068175781503413e-05
0.000000000000000000e+00,0.000000000000000000e+00,-1.070035668093394406e-02,4.112146171693768261e-04,2.097750081525119343e-03,-1.162561373824200217e-05
0.000000000000000000e+00,0.000000000000000000e+00,-1.080036001440061802e-02,5.113148366755810486e-04,2.097191937181259232e-03,-4.512679810253494850e-05
0.000000000000000000e+00,0.000000000000000000e+00,-1.090036334786729025e-02,5.119653151406439087e-04,2.197163786467929650e-03,3.066826519151910624e-05
0.000000000000000000e+00,0.000000000000000000e+00,-1.100036668133396074e-02,5.120757721500359327e-04,2.197140793892458921e-03,1.559207618609392831e-05
0.000000000000000000e+00,0.000000000000000000e+00,-1.110037001480063470e-02,5.121862332052778749e-04,2.197117819678665387e-03,9.477134923371877129e-06
0.000000000000000000e+00,0.000000000000000000e+00,-1.110037001480063470e-02,5.127412588088024487e-04,2.297112953664829423e-03,1.215594144556020328e-05
0.000000000000000000e+00,0.000000000000000000e+00,-1.120037334826730693e-02,5.128567239312467737e-04,2.297090090733906829e-03,2.346099579485227959e-05
0.000000000000000000e+00,0.000000000000000000e+00,-1.130037668173397916e-02,6.129675137529854269e-04,2.296502221355719957e-03,-5.677520198654750772e-05
0.000000000000000000e+00,0.000000000000000000e+00,-1.140038001520065139e-02,6.136531071923153821e-04,2.396469812053988319e-03,-2.872015185646781266e-05
0.000000000000000000e+00,0.000000000000000000e+00,-1.150038334866732362e-02,6.137736798520146029e-04,2.396442102125960830e-03,7.458646227281873209e-06
0.000000000000000000e+00,0.000000000000000000e+00,-1.150038334866732362e-02,6.137736798520146029e-04,2.396442102125960830e-03,-4.840630769310794168e-05
0.000000000000000000e+00,0.000000000000000000e+00,-1.160038668213399585e-02,6.144742830336614482e-04,2.496410019157943583e-03,3.517486424575722026e-06
0.000000000000000000e+00,0.000000000000000000e+00,-1.170039001560066981e-02,7.145955694232085072e-04,2.495797420735398897e-03,-3.693747137747949161e-05
0.000000000000000000e+00,0.000000000000000000e+00,-1.180039334906734030e-02,7.147212545752396626e-04,2.495764868847548303e-03,3.006131894289776341e-05
0.000000000000000000e+00,0.000000000000000000e+00,-1.180039334906734030e-02,7.153112802170172833e-04,2.595760670781105048e-03,4.346357427909008919e-06
0.000000000000000000e+00,0.000000000000000000e+00,-1.190039668253401427e-02,7.154419710375615939e-04,2.595728238523393148e-03,-1.424985588023564009e-05
0.000000000000000000e+00,0.000000000000000000e+00,-1.200040001600068650e-02,7.155726675369965305e-04,2.595695827974997451e-03,-2.589482093937056639e-05
0.000000000000000000e+00,0.000000000000000000e+00,-1.200040001600068650e-02,8.161686934132858116e-04,2.695091802650820094e-03,-3.075603770728851938e-05
0.000000000000000000e+00,0.000000000000000000e+00,-1.210040334946735872e-02,8.163044959818466402e-04,2.695054514263063236e-03,-2.900100614178224845e-05
0.000000000000000000e+00,0.000000000000000000e+00,-1.210040334946735872e-02,8.163044959818466402e-04,2.695054514263063236e-03,-2.079722620071389194e-05
0.000000000000000000e+00,0.000000000000000000e+00,-1.220040668293403095e-02,8.170503305889150131e-04,2.795013450376707554e-03,-6.312197841820688105e-06
0.000000000000000000e+00,0.000000000000000000e+00,-1.230041001640070318e-02,9.171874501617055184e-04,2.794361283683342422e-03,1.428657897703522472e-05
0.000000000000000000e+00,0.000000000000000000e+00,-1.230041001640070318e-02,9.171874501617055184e-04,2.794361283683342422e-03,-5.916839570190013387e-05
0.000000000000000000e+00,0.000000000000000000e+00,-1.240041334986737541e-02,9.179484005553414190e-04,2.894315572875884052e-03,-2.684462183649705125e-05
0.000000000000000000e+00,0.000000000000000000e+00,-1.240041334986737541e-02,9.179484005553414190e-04,2.894315572875884052e-03,1.109040061549049216e-05
0.000000000000000000e+00,0.000000000000000000e+00,-1.250041668333404937e-02,9.180943327767381815e-04,2.894273582252020627e-03,-4.553082830377475076e-05
0.000000000000000000e+00,0.000000000000000000e+00,-1.250041668333404937e-02,1.018715868883414118e-03,2.993645067577445449e-03,3.124191447892443740e-06
0.000000000000000000e+00,0.000000000000000000e+00,-1.260042001680071987e-02,1.018866912951756510e-03,2.993598205826205130e-03,-4.311204008730640247e-05
0.000000000000000000e+00,0.000000000000000000e+00,-1.260042001680071987e-02,1.018866912951756510e-03,2.993598205826205130e-03,1.559297713282781217e-05
0.000000000000000000e+00,0.000000000000000000e+00,-1.270042335026739209e-02,1.019017965164580085e-03,2.993551369139113485e-03,-2.092825684950339049e-05
0.000000000000000000e+00,0.000000000000000000e+00,-1.270042335026739209e-02,1.019652990428183276e-03,3.093548089864935589e-03,-5.284324199214540663e-05
0.000000000000000000e+00,0.000000000000000000e+00,-1.280042668373406606e-02,1.119805877692036213e-03,3.092861359306931998e-03,1.968052174713963431e-05
0.000000000000000000e+00,0.000000000000000000e+00,-1.280042668373406606e-02,1.119805877692036213e-03,3.092861359306931998e-03,-3.524465589488379180e-06
0.000000000000000000e+00,0.000000000000000000e+00,-1.280042668373406606e-02,1.119805877692036213e-03,3.092861359306931998e-03,-2.262570395981933213e-05
0.000000000000000000e+00,0.000000000000000000e+00,-1.290043001720073829e-02,1.120607078309587357e-03,3.192806613986374185e-03,-3.779069332164597395e-05
0.000000000000000000e+00,0.000000000000000000e+00,-1.290043001720073829e-02,1.120607078309587357e-03,3.192806613986374185e-03,-4.918693363284432074e-05
0.000000000000000000e+00,0.000000000000000000e+00,-1.290043001720073829e-02,1.120607078309587357e-03,3.192806613986374185e-03,-5.698192485115161077e-05
0.000000000000000000e+00,0.000000000000000000e+00,-1.300043335066740878e-02,1.120768262697363713e-03,3.192755068423955549e-03,-6.134316693437447121e-05
0.000000000000000000e+00,0.000000000000000000e+00,-1.300043335066740878e-02,1.120768262697363713e-03,3.192755068423955549e-03,-6.243815984040279599e-05
0.000000000000000000e+00,0.000000000000000000e+00,-1.300043335066740878e-02,1.221415329712901296e-03,3.292102085389535596e-03,-6.043440352693218998e-05
0.000000000000000000e+00,0.000000000000000000e+00,-1.300043335066740878e-02,1.221415329712901296e-03,3.292102085389535596e-03,-5.549939795183866931e-05
0.000000000000000000e+00,0.000000000000000000e+00,-1.300043335066740878e-02,1.221415329712901296e-03,3.292102085389535596e-03,-4.780064307294273895e-05
0.000000000000000000e+00,0.000000000000000000e+00,-1.310043668413408274e-02,1.221581631722248526e-03,3.292045675413966463e-03,-3.750563884800939274e-05
0.000000000000000000e+00,0.000000000000000000e+00,-1.310043668413408274e-02,1.221581631722248526e-03,3.292045675413966463e-03,-2.478188523485913564e-05
0.000000000000000000e+00,0.000000000000000000e+00,-1.310043668413408274e-02,1.221581631722248526e-03,3.292045675413966463e-03,-9.796882191326350409e-06
0.000000000000000000e+00,0.000000000000000000e+00,-1.310043668413408274e-02,1.221581631722248526e-03,3.292045675413966463e-03,7.281870324837846908e-06
0.000000000000000000e+00,0.000000000000000000e+00,-1.310043668413408274e-02,1.221581631722248526e-03,3.292045675413966463e-03,2.628687235578519577e-05
0.000000000000000000e+00,0.000000000000000000e+00,-1.310043668413408274e-02,1.221581631722248526e-03,3.292045675413966463e-03,-5.294937605633542876e-05
0.000000000000000000e+00,0.000000000000000000e+00,-1.310043668413408274e-02,1.221581631722248526e-03,3.292045675413966463e-03,-3.059437486922778060e-05
0.000000000000000000e+00,0.000000000000000000e+00,-1.310043668413408274e-02,1.221581631722248526e-03,3.292045675413966463e-03,-6.815624040756862456e-06
0.000000000000000000e+00,0.000000000000000000e+00,-1.310043668413408274e-02,1.221581631722248526e-03,3.292045675413966463e-03,1.821937647125682069e-05
0.000000000000000000e+00,0.000000000000000000e+00,-1.310043668413408274e-02,1.221581631722248526e-03,3.292045675413966463e-03,-5.565687329098234493e-05
0.000000000000000000e+00,0.000000000000000000e+00,-1.300043335066740878e-02,1.221415329712901296e-03,3.292102085389535596e-03,-2.861187328524750217e-05
0.000000000000000000e+00,0.000000000000000000e+00,-1.300043335066740878e-02,1.221415329712901296e-03,3.292102085389535596e-03,-8.131234694175315525e-07
0.000000000000000000e+00,0.000000000000000000e+00,-1.300043335066740878e-02,1.221415329712901296e-03,3.292102085389535596e-03,2.757187619874257312e-05
0.000000000000000000e+00,0.000000000000000000e+00,-1.300043335066740878e-02,1.221415329712901296e-03,3.292102085389535596e-03,-4.362437423854892415e-05
0.000000000000000000e+00,0.000000000000000000e+00,-1.300043335066740878e-02,1.121418287722252818e-03,3.292752110414552853e-03,-1.456937473914843295e-05
0.000000000000000000e+00,0.000000000000000000e+00,-1.290043001720073829e-02,1.120607078309587357e-03,3.192806613986374185e-03,1.456937473914843295e-05
0.000000000000000000e+00,0.000000000000000000e+00,-1.290043001720073829e-02,1.120607078309587357e-03,3.192806613986374185e-03,-5.637562576145394022e-05
0.000000000000000000e+00,0.000000000000000000e+00,-1.290043001720073829e-02,1.120607078309587357e-03,3.192806613986374185e-03,-2.757187619875645090e-05
0.000000000000000000e+00,0.000000000000000000e+00,-1.280042668373406606e-02,1.120445902882485001e-03,3.192858186287639202e-03,8.131234694314093403e-07
0.000000000000000000e+00,0.000000000000000000e+00,-1.280042668373406606e-02,1.120445902882485001e-03,3.192858186287639202e-03,2.861187328526137996e-05
0.000000000000000000e+00,0.000000000000000000e+00,-1.280042668373406606e-02,1.019809050711056007e-03,3.093501384497389459e-03,-4.434312670903439724e-05
0.000000000000000000e+00,0.000000000000000000e+00,-1.270042335026739209e-02,1.019652990428183276e-03,3.093548089864935589e-03,-1.821937647125682069e-05
0.000000000000000000e+00,0.000000000000000000e+00,-1.270042335026739209e-02,1.019652990428183276e-03,3.093548089864935589e-03,6.815624040756862456e-06
0.000000000000000000e+00,0.000000000000000000e+00,-1.260042001680071987e-02,1.018866912951756510e-03,2.993598205826205130e-03,3.059437486921390281e-05
0.000000000000000000e+00,0.000000000000000000e+00,-1.260042001680071987e-02,9.188702976476243378e-04,2.994228231156498277e-03,-4.705062394367437451e-05
0.000000000000000000e+00,0.000000000000000000e+00,-1.250041668333404937e-02,9.187193581674265143e-04,2.994270092968179860e-03,-2.628687235575050130e-05
0.000000000000000000e+00,0.000000000000000000e+00,-1.250041668333404937e-02,9.180943327767381815e-04,2.894273582252020627e-03,-7.281870324851724696e-06
0.000000000000000000e+00,0.000000000000000000e+00,-1.240041334986737541e-02,8.179519935939044478e-04,2.894935598320810821e-03,9.796882191326350409e-06
0.000000000000000000e+00,0.000000000000000000e+00,-1.230041001640070318e-02,8.171911461216695496e-04,2.794976309176261213e-03,2.478188523487301342e-05
0.000000000000000000e+00,0.000000000000000000e+00,-1.230041001640070318e-02,8.171911461216695496e-04,2.794976309176261213e-03,3.750563884799551495e-05
0.000000000000000000e+00,0.000000000000000000e+00,-1.220040668293403095e-02,7.170541286369083722e-04,2.795623475911467471e-03,-5.219935692704624763e-05
0.000000000000000000e+00,0.000000000000000000e+00,-1.210040334946735872e-02,7.163083952844977609e-04,2.695659539833566293e-03,-4.450060204812950060e-05
0.000000000000000000e+00,0.000000000000000000e+00,-1.210040334946735872e-02,7.157033697140223515e-04,2.595663439136267504e-03,-3.956559647305679661e-05
0.000000000000000000e+00,0.000000000000000000e+00,-1.200040001600068650e-02,6.155766672609337383e-04,2.596295853575188595e-03,-3.756184015960700728e-05
0.000000000000000000e+00,0.000000000000000000e+00,-1.190039668253401427e-02,6.148510447254357291e-04,2.496327363459175958e-03,-3.865683306559369870e-05
0.000000000000000000e+00,0.000000000000000000e+00,-1.180039334906734030e-02,5.153196763500278270e-04,2.596940722064348690e-03,-4.301807514885125361e-05
0.000000000000000000e+00,0.000000000000000000e+00,-1.170039001560066981e-02,5.151891870520166608e-04,2.596963176054705412e-03,-5.081306636715160474e-05
0.000000000000000000e+00,0.000000000000000000e+00,-1.160038668213399585e-02,4.156431205034007603e-04,2.697561284326012616e-03,3.779069332165985173e-05
0.000000000000000000e+00,0.000000000000000000e+00,-1.160038668213399585e-02,5.156387274280361133e-04,2.696981258666563634e-03,2.262570395981239324e-05
0.000000000000000000e+00,0.000000000000000000e+00,-1.150038334866732362e-02,5.155032461610695562e-04,2.697003659796075748e-03,3.524465589481440286e-06
0.000000000000000000e+00,0.000000000000000000e+00,-1.140038001520065139e-02,6.159332098086608281e-04,2.796451473050397176e-03,-1.968052174713963431e-05
0.000000000000000000e+00,0.000000000000000000e+00,-1.130037668173397916e-02,6.157926419671311356e-04,2.796478824662808338e-03,-4.715675800787827443e-05
0.000000000000000000e+00,0.000000000000000000e+00,-1.120037334826730693e-02,7.156473058747748637e-04,2.795946174017630709e-03,2.092825684952420717e-05
0.000000000000000000e+00,0.000000000000000000e+00,-1.110037001480063470e-02,7.155066547979643072e-04,2.795978572388874324e-03,-1.559297713283475106e-05
0.000000000000000000e+00,0.000000000000000000e+00,-1.100036668133396074e-02,8.159110768730660742e-04,2.895456010456647078e-03,4.311204008732028026e-05
0.000000000000000000e+00,0.000000000000000000e+00,-1.090036334786729025e-02,8.157653458661142656e-04,2.895493364353427055e-03,-3.124191447878565953e-06
0.000000000000000000e+00,0.000000000000000000e+00,-1.080036001440061802e-02,9.156144815916948329e-04,2.894990716958841317e-03,4.553082830378168966e-05
0.000000000000000000e+00,0.000000000000000000e+00,-1.070035668093394406e-02,9.154686740165632764e-04,2.895033119322398731e-03,-1.109040061550436995e-05
0.000000000000000000e+00,0.000000000000000000e+00,-1.060035334746727356e-02,9.153228737866157512e-04,2.895075545901886187e-03,2.684462183648317346e-05
0.000000000000000000e+00,0.000000000000000000e+00,-1.050035001400060133e-02,1.015696700218010270e-03,2.994587565304679313e-03,-4.083160429809579162e-05
0.000000000000000000e+00,0.000000000000000000e+00,-1.040034668053392737e-02,1.015545827535187153e-03,2.994634953287657071e-03,-1.428657897704910251e-05
0.000000000000000000e+00,0.000000000000000000e+00,-1.030034334706725514e-02,1.015394963030069727e-03,2.994682366323788390e-03,6.312197841799871423e-06
0.000000000000000000e+00,0.000000000000000000e+00,-1.020034001360058465e-02,1.115238441903849183e-03,2.994219779255573050e-03,2.079722620070001415e-05
0.000000000000000000e+00,0.000000000000000000e+00,-1.010033668013391069e-02,1.115087509171197025e-03,2.994272242472278012e-03,2.900100614181000402e-05
0.000000000000000000e+00,0.000000000000000000e+00,0.000000000000000000e+00,1.130000000000075389e-03,2.988999999999999470e-03,3.075603770727464159e-05
0.000000000000000000e+00,0.000000000000000000e+00,0.000000000000000000e+00,1.230000000000064375e-03,2.987999999999998470e-03,2.589482093937056639e-05
0.000000000000000000e+00,0.000000000000000000e+00,0.000000000000000000e+00,1.229700000000111260e-03,2.988119999999999492e-03,1.424985588024257899e-05
0.000000000000000000e+00,0.000000000000000000e+00,0.000000000000000000e+00,1.229700000000111260e-03,2.988119999999999492e-03,-4.346357427915947813e-06
0.000000000000000000e+00,0.000000000000000000e+00,0.000000000000000000e+00,1.229700000000111260e-03,2.988119999999999492e-03,-3.006131894291858009e-05
0.000000000000000000e+00,0.000000000000000000e+00,0.000000000000000000e+00,1.229700000000111260e-03,2.988119999999999492e-03,3.693747137748643050e-05
0.000000000000000000e+00,0.000000000000000000e+00,0.000000000000000000e+00,1.329700000000100246e-03,2.987129999999998432e-03,-3.517486424554905344e-06
0.000000000000000000e+00,0.000000000000000000e+00,0.000000000000000000e+00,1.329700000000100246e-03,2.987129999999998432e-03,4.840630769308018611e-05
0.000000000000000000e+00,0.000000000000000000e+00,0.000000000000000000e+00,1.329700000000100246e-03,2.987129999999998432e-03,-7.458646227288812103e-06
0.000000000000000000e+00,0.000000000000000000e+00,0.000000000000000000e+00,1.329700000000100246e-03,2.987129999999998432e-03,2.872015185647475155e-05
0.000000000000000000e+00,0.000000000000000000e+00,0.000000000000000000e+00,1.329400000000147131e-03,2.987259999999999395e-03,-4.322479801344841777e-05
0.000000000000000000e+00,0.000000000000000000e+00,0.000000000000000000e+00,1.429400000000136117e-03,2.986280000000000011e-03,-2.346099579488003517e-05
0.000000000000000000e+00,0.000000000000000000e+00,0.000000000000000000e+00,1.429400000000136117e-03,2.986280000000000011e-03,-1.215594144559142831e-05
0.000000000000000000e+00,0.000000000000000000e+00,0.000000000000000000e+00,1.429400000000136117e-03,2.986280000000000011e-03,-9.477134923368407682e-06
0.000000000000000000e+00,0.000000000000000000e+00,0.000000000000000000e+00,1.429400000000136117e-03,2.986280000000000011e-03,-1.559207618610433665e-05
0.000000000000000000e+00,0.000000000000000000e+00,0.000000000000000000e+00,1.429099999999960957e-03,2.986419999999999179e-03,-3.066826519151216734e-05
0.000000000000000000e+00,0.000000000000000000e+00,0.000000000000000000e+00,1.429099999999960957e-03,2.986419999999999179e-03,4.512679810253494850e-05
0.000000000000000000e+00,0.000000000000000000e+00,0.000000000000000000e+00,1.428130000000082944e-03,2.886419999999998917e-03,1.162561373825587996e-05
0.000000000000000000e+00,0.000000000000000000e+00,0.000000000000000000e+00,1.428130000000082944e-03,2.886419999999998917e-03,-3.133931824218089135e-05
0.000000000000000000e+00,0.000000000000000000e+00,0.000000000000000000e+00,1.527840000000058041e-03,2.885599999999998583e-03,1.606450220344168844e-05
0.000000000000000000e+00,0.000000000000000000e+00,0.000000000000000000e+00,1.527840000000058041e-03,2.885599999999998583e-03,5.366957511732106667e-05
0.000000000000000000e+00,0.000000000000000000e+00,0.000000000000000000e+00,1.527840000000058041e-03,2.885599999999998583e-03,-1.869159945837306491e-05
0.000000000000000000e+00,0.000000000000000000e+00,0.000000000000000000e+00,1.527840000000058041e-03,2.885599999999998583e-03,-1.186521481403440825e-06
0.000000000000000000e+00,0.000000000000000000e+00,0.000000000000000000e+00,1.527550000000044150e-03,2.885749999999999427e-03,6.017309090333711197e-06
0.000000000000000000e+00,0.000000000000000000e+00,0.000000000000000000e+00,1.526600000000044588e-03,2.785750000000000032e-03,2.752392299146255716e-06
0.000000000000000000e+00,0.000000000000000000e+00,0.000000000000000000e+00,1.526600000000044588e-03,2.785750000000000032e-03,-1.114877181286264007e-05
0.000000000000000000e+00,0.000000000000000000e+00,0.000000000000000000e+00,1.526600000000044588e-03,2.785750000000000032e-03,-3.585368320352735894e-05
0.000000000000000000e+00,0.000000000000000000e+00,0.000000000000000000e+00,1.526319999999969923e-03,2.785899999999999141e-03,2.847015816945241973e-05
0.000000000000000000e+00,0.000000000000000000e+00,0.000000000000000000e+00,1.526319999999969923e-03,2.785899999999999141e-03,-1.834474765178423228e-05
0.000000000000000000e+00,0.000000000000000000e+00,0.000000000000000000e+00,1.525380000000131631e-03,2.685899999999998879e-03,2.353409937494443938e-05
0.000000000000000000e+00,0.000000000000000000e+00,0.000000000000000000e+00,1.525380000000131631e-03,2.685899999999998879e-03,5.393919929184282092e-05
0.000000000000000000e+00,0.000000000000000000e+00,0.000000000000000000e+00,1.525109999999996191e-03,2.686049999999999723e-03,-2.729694785893327369e-05
0.000000000000000000e+00,0.000000000000000000e+00,0.000000000000000000e+00,1.525109999999996191e-03,2.686049999999999723e-03,-2.034184203514657896e-05
0.000000000000000000e+00,0.000000000000000000e+00,0.000000000000000000e+00,1.525109999999996191e-03,2.686049999999999723e-03,-2.536298319453719752e-05
0.000000000000000000e+00,0.000000000000000000e+00,0.000000000000000000e+00,1.524180000000097124e-03,2.586049999999999460e-03,5.747212870496273829e-05
0.000000000000000000e+00,0.000000000000000000e+00,0.000000000000000000e+00,1.523920000000122954e-03,2.586199999999998569e-03,2.799599370553393363e-05
0.000000000000000000e+00,0.000000000000000000e+00,0.000000000000000000e+00,1.523920000000122954e-03,2.586199999999998569e-03,-1.395888815050941312e-05
0.000000000000000000e+00,0.000000000000000000e+00,0.000000000000000000e+00,1.623920000000111941e-03,2.585279999999998829e-03,3.143998317894566852e-05
0.000000000000000000e+00,0.000000000000000000e+00,0.000000000000000000e+00,1.623660000000137771e-03,2.585439999999999613e-03,-3.597489226388889128e-05
0.000000000000000000e+00,0.000000000000000000e+00,0.000000000000000000e+00,1.622750000000117154e-03,2.485440000000000219e-03,-1.637101443683827706e-05
0.000000000000000000e+00,0.000000000000000000e+00,0.000000000000000000e+00,1.622750000000117154e-03,2.485440000000000219e-03,-9.915883297708510957e-06
0.000000000000000000e+00,0.000000000000000000e+00,0.000000000000000000e+00,1.622750000000117154e-03,2.485440000000000219e-03,-1.677699880430968959e-05
0.000000000000000000e+00,0.000000000000000000e+00,0.000000000000000000e+00,1.622500000000082210e-03,2.485599999999999268e-03,-3.712186091438945956e-05
0.000000000000000000e+00,0.000000000000000000e+00,0.000000000000000000e+00,1.622500000000082210e-03,2.485599999999999268e-03,2.888203041416861905e-05
0.000000000000000000e+00,0.000000000000000000e+00,0.000000000000000000e+00,1.622500000000082210e-03,2.485599999999999268e-03,-1.893282477639229855e-05
0.000000000000000000e+00,0.000000000000000000e+00,0.000000000000000000e+00,1.621600000000000819e-03,2.385599999999998139e-03,1.926607355607831695e-05
0.000000000000000000e+00,0.000000000000000000e+00,0.000000000000000000e+00,1.621360000000127144e-03,2.385759999999998923e-03,4.331122545379526012e-05
0.000000000000000000e+00,0.000000000000000000e+00,0.000000000000000000e+00,1.621360000000127144e-03,2.385759999999998923e-03,5.303513095896231211e-05
0.000000000000000000e+00,0.000000000000000000e+00,0.000000000000000000e+00,1.621360000000127144e-03,2.385759999999998923e-03,4.827029011368610956e-05
0.000000000000000000e+00,0.000000000000000000e+00,0.000000000000000000e+00,1.621360000000127144e-03,2.385759999999998923e-03,2.884920296032655873e-05
0.000000000000000000e+00,0.000000000000000000e+00,0.000000000000000000e+00,1.621120000000031425e-03,2.385919999999999708e-03,-5.395630459009703728e-06
0.000000000000000000e+00,0.000000000000000000e+00,0.000000000000000000e+00,1.620240000000050529e-03,2.285920000000000313e-03,4.536828989777988430e-05
0.000000000000000000e+00,0.000000000000000000e+00,0.000000000000000000e+00,1.620240000000050529e-03,2.285920000000000313e-03,-1.902653592703723584e-05
0.000000000000000000e+00,0.000000000000000000e+00,0.000000000000000000e+00,1.620240000000050529e-03,2.285920000000000313e-03,1.252392108790079117e-06
0.000000000000000000e+00,0.000000000000000000e+00,0.000000000000000000e+00,1.620240000000050529e-03,2.285920000000000313e-03,6.037574047369070884e-06
0.000000000000000000e+00,0.000000000000000000e+00,0.000000000000000000e+00,1.620010000000116079e-03,2.286079999999999363e-03,-4.838490069113826619e-06
0.000000000000000000e+00,0.000000000000000000e+00,0.000000000000000000e+00,1.620010000000116079e-03,2.286079999999999363e-03,-3.154330019837850441e-05
0.000000000000000000e+00,0.000000000000000000e+00,0.000000000000000000e+00,1.620010000000116079e-03,2.286079999999999363e-03,2.575564370173137607e-05
0.000000000000000000e+00,0.000000000000000000e+00,0.000000000000000000e+00,1.619140000000074409e-03,2.186079999999999968e-03,-3.310915832664858283e-05
0.000000000000000000e+00,0.000000000000000000e+00,0.000000000000000000e+00,1.619140000000074409e-03,2.186079999999999968e-03,-8.305206241288054514e-06
0.000000000000000000e+00,0.000000000000000000e+00,0.000000000000000000e+00,1.718920000000068171e-03,2.185380000000000655e-03,-1.734723475976807094e-18
0.000000000000000000e+00,0.000000000000000000e+00,0.000000000000000000e+00,1.718920000000068171e-03,2.185380000000000655e-03,-1.734723475976807094e-18
0.000000000000000000e+00,0.000000000000000000e+00,0.000000000000000000e+00,1.718920000000068171e-03,2.185380000000000655e-03,-1.734723475976807094e-18
0.000000000000000000e+00,0.000000000000000000e+00,0.000000000000000000e+00,1.718920000000068171e-03,2.185380000000000655e-03,-1.734723475976807094e-18
0.000000000000000000e+00,0.000000000000000000e+00,0.000000000000000000e+00,1.718920000000068171e-03,2.185380000000000655e-03,-1.734723475976807094e-18
0.000000000000000000e+00,0.000000000000000000e+00,0.000000000000000000e+00,1.718920000000068171e-03,2.185380000000000655e-03,-1.734723475976807094e-18
0.000000000000000000e+00,0.000000000000000000e+00,0.000000000000000000e+00,1.718920000000068171e-03,2.185380000000000655e-03,-1.734723475976807094e-18
0.000000000000000000e+00,0.000000000000000000e+00,0.000000000000000000e+00,1.718700000000072947e-03,2.185549999999999646e-03,-1.734723475976807094e-18
0.000000000000000000e+00,0.000000000000000000e+00,0.000000000000000000e+00,1.718700000000072947e-03,2.185549999999999646e-03,-1.734723475976807094e-18
0.000000000000000000e+00,0.000000000000000000e+00,0.000000000000000000e+00,1.718700000000072947e-03,2.185549999999999646e-03,-1.734723475976807094e-18
0.000000000000000000e+00,0.000000000000000000e+00,0.000000000000000000e+00,1.717850000000131772e-03,2.085549999999998516e-03,-1.734723475976807094e-18
0.000000000000000000e+00,0.000000000000000000e+00,0.000000000000000000e+00,1.717850000000131772e-03,2.085549999999998516e-03,-1.734723475976807094e-18
0.000000000000000000e+00,0.000000000000000000e+00,0.000000000000000000e+00,1.717850000000131772e-03,2.085549999999998516e-03,-1.734723475976807094e-18
0.000000000000000000e+00,0.000000000000000000e+00,0.000000000000000000e+00,1.717850000000131772e-03,2.085549999999998516e-03,-1.734723475976807094e-18
0.000000000000000000e+00,0.000000000000000000e+00,0.000000000000000000e+00,1.817640000000064759e-03,2.084879999999999026e-03,-1.734723475976807094e-18
0.000000000000000000e+00,0.000000000000000000e+00,0.000000000000000000e+00,1.817640000000064759e-03,2.084879999999999026e-03,-1.734723475976807094e-18
0.000000000000000000e+00,0.000000000000000000e+00,0.000000000000000000e+00,1.817640000000064759e-03,2.084879999999999026e-03,-1.734723475976807094e-18
0.000000000000000000e+00,0.000000000000000000e+00,0.000000000000000000e+00,1.817640000000064759e-03,2.084879999999999026e-03,-1.734723475976807094e-18
0.000000000000000000e+00,0.000000000000000000e+00,0.000000000000000000e+00,1.817640000000064759e-03,2.084879999999999026e-03,-1.734723475976807094e-18
0.000000000000000000e+00,0.000000000000000000e+00,0.000000000000000000e+00,1.817640000000064759e-03,2.084879999999999026e-03,-1.734723475976807094e-18
0.000000000000000000e+00,0.000000000000000000e+00,0.000000000000000000e+00,1.817640000000064759e-03,2.084879999999999026e-03,-1.734723475976807094e-18
0.000000000000000000e+00,0.000000000000000000e+00,0.000000000000000000e+00,1.817640000000064759e-03,2.084879999999999026e-03,-1.734723475976807094e-18
0.000000000000000000e+00,0.000000000000000000e+00,0.000000000000000000e+00,1.816599999999946036e-03,1.985060000000000296e-03,-1.734723475976807094e-18
0.000000000000000000e+00,0.000000000000000000e+00,0.000000000000000000e+00,1.816599999999946036e-03,1.985060000000000296e-03,-1.734723475976807094e-18
0.000000000000000000e+00,0.000000000000000000e+00,0.000000000000000000e+00,1.816599999999946036e-03,1.985060000000000296e-03,-1.734723475976807094e-18
0.000000000000000000e+00,0.000000000000000000e+00,0.000000000000000000e+00,1.816599999999946036e-03,1.985060000000000296e-03,-1.734723475976807094e-18
0.000000000000000000e+00,0.000000000000000000e+00,0.000000000000000000e+00,1.816599999999946036e-03,1.985060000000000296e-03,-1.734723475976807094e-18
0.000000000000000000e+00,0.000000000000000000e+00,0.000000000000000000e+00,1.816599999999946036e-03,1.985060000000000296e-03,-1.734723475976807094e-18
0.000000000000000000e+00,0.000000000000000000e+00,0.000000000000000000e+00,1.816599999999946036e-03,1.985060000000000296e-03,-1.734723475976807094e-18
0.000000000000000000e+00,0.000000000000000000e+00,0.000000000000000000e+00,1.916599999999935022e-03,1.984230000000000022e-03,-1.734723475976807094e-18
0.000000000000000000e+00,0.000000000000000000e+00,0.000000000000000000e+00,1.916599999999935022e-03,1.984230000000000022e-03,-1.734723475976807094e-18
0.000000000000000000e+00,0.000000000000000000e+00,0.000000000000000000e+00,1.916599999999935022e-03,1.984230000000000022e-03,-1.734723475976807094e-18
0.000000000000000000e+00,0.000000000000000000e+00,0.000000000000000000e+00,1.916400000000040293e-03,1.984420000000000628e-03,-1.734723475976807094e-18
0.000000000000000000e+00,0.000000000000000000e+00,0.000000000000000000e+00,1.916400000000040293e-03,1.984420000000000628e-03,-1.734723475976807094e-18
0.000000000000000000e+00,0.000000000000000000e+00,0.000000000000000000e+00,1.916400000000040293e-03,1.984420000000000628e-03,-1.734723475976807094e-18
0.000000000000000000e+00,0.000000000000000000e+00,0.000000000000000000e+00,1.916400000000040293e-03,1.984420000000000628e-03,-1.734723475976807094e-18
0.000000000000000000e+00,0.000000000000000000e+00,0.000000000000000000e+00,1.915579999999916794e-03,1.884420000000000366e-03,-1.734723475976807094e-18
0.000000000000000000e+00,0.000000000000000000e+00,0.000000000000000000e+00,1.915579999999916794e-03,1.884420000000000366e-03,-1.734723475976807094e-18
0.000000000000000000e+00,0.000000000000000000e+00,0.000000000000000000e+00,1.915579999999916794e-03,1.884420000000000366e-03,-1.734723475976807094e-18
0.000000000000000000e+00,0.000000000000000000e+00,0.000000000000000000e+00,1.915579999999916794e-03,1.884420000000000366e-03,-1.734723475976807094e-18
0.000000000000000000e+00,0.000000000000000000e+00,0.000000000000000000e+00,1.915579999999916794e-03,1.884420000000000366e-03,-1.734723475976807094e-18
0.000000000000000000e+00,0.000000000000000000e+00,0.000000000000000000e+00,1.915579999999916794e-03,1.884420000000000366e-03,-1.734723475976807094e-18
0.000000000000000000e+00,0.000000000000000000e+00,0.000000000000000000e+00,1.915579999999916794e-03,1.884420000000000366e-03,-1.734723475976807094e-18
0.000000000000000000e+00,0.000000000000000000e+00,0.000000000000000000e+00,1.915579999999916794e-03,1.884420000000000366e-03,-1.734723475976807094e-18
0.000000000000000000e+00,0.000000000000000000e+00,0.000000000000000000e+00,1.915389999999961290e-03,1.884609999999999237e-03,-1.734723475976807094e-18
0.000000000000000000e+00,0.000000000000000000e+00,0.000000000000000000e+00,1.915389999999961290e-03,1.884609999999999237e-03,-1.734723475976807094e-18
0.000000000000000000e+00,0.000000000000000000e+00,0.000000000000000000e+00,1.915389999999961290e-03,1.884609999999999237e-03,-1.734723475976807094e-18
0.000000000000000000e+00,0.000000000000000000e+00,0.000000000000000000e+00,1.915389999999961290e-03,1.884609999999999237e-03,-1.734723475976807094e-18
0.000000000000000000e+00,0.000000000000000000e+00,0.000000000000000000e+00,1.915389999999961290e-03,1.884609999999999237e-03,-1.734723475976807094e-18
0.000000000000000000e+00,0.000000000000000000e+00,0.000000000000000000e+00,2.015389999999950277e-03,1.883800000000000578e-03,-1.734723475976807094e-18
0.000000000000000000e+00,0.000000000000000000e+00,0.000000000000000000e+00,2.015389999999950277e-03,1.883800000000000578e-03,-1.734723475976807094e-18
0.000000000000000000e+00,0.000000000000000000e+00,0.000000000000000000e+00,2.015389999999950277e-03,1.883800000000000578e-03,-1.734723475976807094e-18
0.000000000000000000e+00,0.000000000000000000e+00,0.000000000000000000e+00,2.015389999999950277e-03,1.883800000000000578e-03,-1.734723475976807094e-18
0.000000000000000000e+00,0.000000000000000000e+00,0.000000000000000000e+00,2.014579999999988047e-03,1.783800000000000316e-03,-1.734723475976807094e-18
0.000000000000000000e+00,0.000000000000000000e+00,0.000000000000000000e+00,2.014579999999988047e-03,1.783800000000000316e-03,-1.734723475976807094e-18
0.000000000000000000e+00,0.000000000000000000e+00,0.000000000000000000e+00,2.014579999999988047e-03,1.783800000000000316e-03,-1.734723475976807094e-18
0.000000000000000000e+00,0.000000000000000000e+00,0.000000000000000000e+00,2.014579999999988047e-03,1.783800000000000316e-03,-1.734723475976807094e-18
0.000000000000000000e+00,0.000000000000000000e+00,0.000000000000000000e+00,2.014579999999988047e-03,1.783800000000000316e-03,-1.734723475976807094e-18
0.000000000000000000e+00,0.000000000000000000e+00,0.000000000000000000e+00,2.014579999999988047e-03,1.783800000000000316e-03,-1.734723475976807094e-18
0.000000000000000000e+00,0.000000000000000000e+00,0.000000000000000000e+00,2.014579999999988047e-03,1.783800000000000316e-03,-1.734723475976807094e-18
0.000000000000000000e+00,0.000000000000000000e+00,0.000000000000000000e+00,2.014579999999988047e-03,1.783800000000000316e-03,-1.734723475976807094e-18
0.000000000000000000e+00,0.000000000000000000e+00,0.000000000000000000e+00,2.014579999999988047e-03,1.783800000000000316e-03,-1.734723475976807094e-18
0.000000000000000000e+00,0.000000000000000000e+00,0.000000000000000000e+00,2.014579999999988047e-03,1.783800000000000316e-03,-1.734723475976807094e-18
0.000000000000000000e+00,0.000000000000000000e+00,0.000000000000000000e+00,2.014579999999988047e-03,1.783800000000000316e-03,-1.734723475976807094e-18
0.000000000000000000e+00,0.000000000000000000e+00,0.000000000000000000e+00,2.014399999999971769e-03,1.783999999999999128e-03,-1.734723475976807094e-18
0.000000000000000000e+00,0.000000000000000000e+00,0.000000000000000000e+00,2.014399999999971769e-03,1.783999999999999128e-03,-1.734723475976807094e-18
0.000000000000000000e+00,0.000000000000000000e+00,0.000000000000000000e+00,2.014399999999971769e-03,1.783999999999999128e-03,-1.734723475976807094e-18
0.000000000000000000e+00,0.000000000000000000e+00,0.000000000000000000e+00,2.014399999999971769e-03,1.783999999999999128e-03,-1.734723475976807094e-18
0.000000000000000000e+00,0.000000000000000000e+00,0.000000000000000000e+00,2.014399999999971769e-03,1.783999999999999128e-03,-1.734723475976807094e-18
0.000000000000000000e+00,0.000000000000000000e+00,0.000000000000000000e+00,2.014399999999971769e-03,1.783999999999999128e-03,-1.734723475976807094e-18
0.000000000000000000e+00,0.000000000000000000e+00,0.000000000000000000e+00,2.014399999999971769e-03,1.783999999999999128e-03,-1.734723475976807094e-18
0.000000000000000000e+00,0.000000000000000000e+00,0.000000000000000000e+00,2.014399999999971769e-03,1.783999999999999128e-03,-1.734723475976807094e-18
0.000000000000000000e+00,0.000000000000000000e+00,0.000000000000000000e+00,2.014399999999971769e-03,1.783999999999999128e-03,-1.734723475976807094e-18
0.000000000000000000e+00,0.000000000000000000e+00,0.000000000000000000e+00,2.014399999999971769e-03,1.783999999999999128e-03,-1.734723475976807094e-18
0.000000000000000000e+00,0.000000000000000000e+00,0.000000000000000000e+00,2.014399999999971769e-03,1.783999999999999128e-03,-1.734723475976807094e-18
0.000000000000000000e+00,0.000000000000000000e+00,0.000000000000000000e+00,2.013599999999948764e-03,1.683999999999999733e-03,-1.734723475976807094e-18
0.000000000000000000e+00,0.000000000000000000e+00,0.000000000000000000e+00,2.013599999999948764e-03,1.683999999999999733e-03,-1.734723475976807094e-18
0.000000000000000000e+00,0.000000000000000000e+00,0.000000000000000000e+00,2.013599999999948764e-03,1.683999999999999733e-03,-1.734723475976807094e-18
0.000000000000000000e+00,0.000000000000000000e+00,0.000000000000000000e+00,2.113599999999937751e-03,1.683200000000001015e-03,-1.734723475976807094e-18
0.000000000000000000e+00,0.000000000000000000e+00,0.000000000000000000e+00,2.113599999999937751e-03,1.683200000000001015e-03,-1.734723475976807094e-18
0.000000000000000000e+00,0.000000000000000000e+00,0.000000000000000000e+00,2.113599999999937751e-03,1.683200000000001015e-03,-1.734723475976807094e-18
0.000000000000000000e+00,0.000000000000000000e+00,0.000000000000000000e+00,2.113599999999937751e-03,1.683200000000001015e-03,-1.734723475976807094e-18
0.000000000000000000e+00,0.000000000000000000e+00,0.000000000000000000e+00,2.113599999999937751e-03,1.683200000000001015e-03,-1.734723475976807094e-18
0.000000000000000000e+00,0.000000000000000000e+00,0.000000000000000000e+00,2.113599999999937751e-03,1.683200000000001015e-03,-1.734723475976807094e-18
0.000000000000000000e+00,0.000000000000000000e+00,0.000000000000000000e+00,2.113599999999937751e-03,1.683200000000001015e-03,-1.734723475976807094e-18
0.000000000000000000e+00,0.000000000000000000e+00,0.000000000000000000e+00,2.113599999999937751e-03,1.683200000000001015e-03,-1.734723475976807094e-18
0.000000000000000000e+00,0.000000000000000000e+00,0.000000000000000000e+00,2.113599999999937751e-03,1.683200000000001015e-03,-1.734723475976807094e-18
0.000000000000000000e+00,0.000000000000000000e+00,0.000000000000000000e+00,2.113599999999937751e-03,1.683200000000001015e-03,-1.734723475976807094e-18
0.000000000000000000e+00,0.000000000000000000e+00,0.000000000000000000e+00,2.113599999999937751e-03,1.683200000000001015e-03,-1.734723475976807094e-18
0.000000000000000000e+00,0.000000000000000000e+00,0.000000000000000000e+00,2.113599999999937751e-03,1.683200000000001015e-03,-1.734723475976807094e-18
0.000000000000000000e+00,0.000000000000000000e+00,0.000000000000000000e+00,2.113599999999937751e-03,1.683200000000001015e-03,-1.734723475976807094e-18
0.000000000000000000e+00,0.000000000000000000e+00,0.000000000000000000e+00,2.113599999999937751e-03,1.683200000000001015e-03,-1.734723475976807094e-18
0.000000000000000000e+00,0.000000000000000000e+00,0.000000000000000000e+00,2.113599999999937751e-03,1.683200000000001015e-03,-1.734723475976807094e-18
0.000000000000000000e+00,0.000000000000000000e+00,0.000000000000000000e+00,2.113599999999937751e-03,1.683200000000001015e-03,-1.734723475976807094e-18
0.000000000000000000e+00,0.000000000000000000e+00,0.000000000000000000e+00,2.113599999999937751e-03,1.683200000000001015e-03,-1.734723475976807094e-18
0.000000000000000000e+00,0.000000000000000000e+00,0.000000000000000000e+00,2.113599999999937751e-03,1.683200000000001015e-03,-1.734723475976807094e-18
0.000000000000000000e+00,0.000000000000000000e+00,0.000000000000000000e+00,2.113599999999937751e-03,1.683200000000001015e-03,-1.734723475976807094e-18
0.000000000000000000e+00,0.000000000000000000e+00,0.000000000000000000e+00,2.113599999999937751e-03,1.683200000000001015e-03,-1.734723475976807094e-18
0.000000000000000000e+00,0.000000000000000000e+00,0.000000000000000000e+00,2.113770000000014804e-03,1.682990000000000527e-03,-1.734723475976807094e-18
0.000000000000000000e+00,0.000000000000000000e+00,0.000000000000000000e+00,2.113770000000014804e-03,1.682990000000000527e-03,-1.734723475976807094e-18
0.000000000000000000e+00,0.000000000000000000e+00,0.000000000000000000e+00,2.113770000000014804e-03,1.682990000000000527e-03,-1.734723475976807094e-18
0.000000000000000000e+00,0.000000000000000000e+00,0.000000000000000000e+00,2.113770000000014804e-03,1.682990000000000527e-03,-1.734723475976807094e-18
0.000000000000000000e+00,0.000000000000000000e+00,0.000000000000000000e+00,2.113770000000014804e-03,1.682990000000000527e-03,-1.734723475976807094e-18
0.000000000000000000e+00,0.000000000000000000e+00,0.000000000000000000e+00,2.113770000000014804e-03,1.682990000000000527e-03,-1.734723475976807094e-18
0.000000000000000000e+00,0.000000000000000000e+00,0.000000000000000000e+00,2.113770000000014804e-03,1.682990000000000527e-03,-1.734723475976807094e-18
0.000000000000000000e+00,0.000000000000000000e+00,0.000000000000000000e+00,2.113770000000014804e-03,1.682990000000000527e-03,-1.734723475976807094e-18
0.000000000000000000e+00,0.000000000000000000e+00,0.000000000000000000e+00,2.113770000000014804e-03,1.682990000000000527e-03,-1.734723475976807094e-18
0.000000000000000000e+00,0.000000000000000000e+00,0.000000000000000000e+00,2.113770000000014804e-03,1.682990000000000527e-03,-1.734723475976807094e-18
0.000000000000000000e+00,0.000000000000000000e+00,0.000000000000000000e+00,2.113770000000014804e-03,1.682990000000000527e-03,-1.734723475976807094e-18
0.000000000000000000e+00,0.000000000000000000e+00,0.000000000000000000e+00,2.113770000000014804e-03,1.682990000000000527e-03,-1.734723475976807094e-18
0.000000000000000000e+00,0.000000000000000000e+00,0.000000000000000000e+00,2.113770000000014804e-03,1.682990000000000527e-03,-1.734723475976807094e-18
0.000000000000000000e+00,0.000000000000000000e+00,0.000000000000000000e+00,2.112960000000052574e-03,1.582990000000000265e-03,-1.734723475976807094e-18
0.000000000000000000e+00,0.000000000000000000e+00,0.000000000000000000e+00,2.112960000000052574e-03,1.582990000000000265e-03,-1.734723475976807094e-18
0.000000000000000000e+00,0.000000000000000000e+00,0.000000000000000000e+00,2.112960000000052574e-03,1.582990000000000265e-03,-1.734723475976807094e-18
0.000000000000000000e+00,0.000000000000000000e+00,0.000000000000000000e+00,2.112960000000052574e-03,1.582990000000000265e-03,-1.734723475976807094e-18
0.000000000000000000e+00,0.000000000000000000e+00,0.000000000000000000e+00,2.112960000000052574e-03,1.582990000000000265e-03,-1.734723475976807094e-18
0.000000000000000000e+00,0.000000000000000000e+00,0.000000000000000000e+00,2.112960000000052574e-03,1.582990000000000265e-03,-1.734723475976807094e-18
0.000000000000000000e+00,0.000000000000000000e+00,0.000000000000000000e+00,2.113119999999968357e-03,1.582779999999999777e-03,-1.734723475976807094e-18
0.000000000000000000e+00,0.000000000000000000e+00,0.000000000000000000e+00,2.113119999999968357e-03,1.582779999999999777e-03,-1.734723475976807094e-18
0.000000000000000000e+00,0.000000000000000000e+00,0.000000000000000000e+00,2.113119999999968357e-03,1.582779999999999777e-03,-1.734723475976807094e-18
0.000000000000000000e+00,0.000000000000000000e+00,0.000000000000000000e+00,2.113119999999968357e-03,1.582779999999999777e-03,-1.734723475976807094e-18
0.000000000000000000e+00,0.000000000000000000e+00,0.000000000000000000e+00,2.113119999999968357e-03,1.582779999999999777e-03,-1.734723475976807094e-18
0.000000000000000000e+00,0.000000000000000000e+00,0.000000000000000000e+00,2.113119999999968357e-03,1.582779999999999777e-03,-1.734723475976807094e-18
0.000000000000000000e+00,0.000000000000000000e+00,0.000000000000000000e+00,2.113119999999968357e-03,1.582779999999999777e-03,-1.734723475976807094e-18
0.000000000000000000e+00,0.000000000000000000e+00,0.000000000000000000e+00,2.113119999999968357e-03,1.582779999999999777e-03,-1.734723475976807094e-18
0.000000000000000000e+00,0.000000000000000000e+00,0.000000000000000000e+00,2.113119999999968357e-03,1.582779999999999777e-03,-1.734723475976807094e-18
0.000000000000000000e+00,0.000000000000000000e+00,0.000000000000000000e+00,2.113119999999968357e-03,1.582779999999999777e-03,-1.734723475976807094e-18
0.000000000000000000e+00,0.000000000000000000e+00,0.000000000000000000e+00,2.113119999999968357e-03,1.582779999999999777e-03,-1.734723475976807094e-18
0.000000000000000000e+00,0.000000000000000000e+00,0.000000000000000000e+00,2.113119999999968357e-03,1.582779999999999777e-03,-1.734723475976807094e-18
0.000000000000000000e+00,0.000000000000000000e+00,0.000000000000000000e+00,2.113279999999884140e-03,1.582569999999999290e-03,-1.734723475976807094e-18
0.000000000000000000e+00,0.000000000000000000e+00,0.000000000000000000e+00,2.113279999999884140e-03,1.582569999999999290e-03,-1.734723475976807094e-18
0.000000000000000000e+00,0.000000000000000000e+00,0.000000000000000000e+00,2.113279999999884140e-03,1.582569999999999290e-03,-1.734723475976807094e-18
0.000000000000000000e+00,0.000000000000000000e+00,0.000000000000000000e+00,2.113279999999884140e-03,1.582569999999999290e-03,-1.734723475976807094e-18
0.000000000000000000e+00,0.000000000000000000e+00,0.000000000000000000e+00,2.113279999999884140e-03,1.582569999999999290e-03,-1.734723475976807094e-18
0.000000000000000000e+00,0.000000000000000000e+00,0.000000000000000000e+00,2.113279999999884140e-03,1.582569999999999290e-03,-1.734723475976807094e-18
0.000000000000000000e+00,0.000000000000000000e+00,0.000000000000000000e+00,2.113279999999884140e-03,1.582569999999999290e-03,-1.734723475976807094e-18
0.000000000000000000e+00,0.000000000000000000e+00,0.000000000000000000e+00,2.113279999999884140e-03,1.582569999999999290e-03,-1.734723475976807094e-18
0.000000000000000000e+00,0.000000000000000000e+00,0.000000000000000000e+00,2.113279999999884140e-03,1.582569999999999290e-03,-1.734723475976807094e-18
0.000000000000000000e+00,0.000000000000000000e+00,0.000000000000000000e+00,2.113279999999884140e-03,1.582569999999999290e-03,-1.734723475976807094e-18
0.000000000000000000e+00,0.000000000000000000e+00,0.000000000000000000e+00,2.113440000000021968e-03,1.582360000000000537e-03,-1.734723475976807094e-18
0.000000000000000000e+00,0.000000000000000000e+00,0.000000000000000000e+00,2.113440000000021968e-03,1.582360000000000537e-03,-1.734723475976807094e-18
0.000000000000000000e+00,0.000000000000000000e+00,0.000000000000000000e+00,2.113440000000021968e-03,1.582360000000000537e-03,-1.734723475976807094e-18
0.000000000000000000e+00,0.000000000000000000e+00,0.000000000000000000e+00,2.013440000000032981e-03,1.583199999999999018e-03,-1.734723475976807094e-18
0.000000000000000000e+00,0.000000000000000000e+00,0.000000000000000000e+00,1.913440000000043995e-03,1.584039999999999233e-03,-1.734723475976807094e-18
0.000000000000000000e+00,0.000000000000000000e+00,0.000000000000000000e+00,1.913440000000043995e-03,1.584039999999999233e-03,-1.734723475976807094e-18
0.000000000000000000e+00,0.000000000000000000e+00,0.000000000000000000e+00,1.913440000000043995e-03,1.584039999999999233e-03,-1.734723475976807094e-18
0.000000000000000000e+00,0.000000000000000000e+00,0.000000000000000000e+00,1.913440000000043995e-03,1.584039999999999233e-03,-1.734723475976807094e-18
0.000000000000000000e+00,0.000000000000000000e+00,0.000000000000000000e+00,1.913440000000043995e-03,1.584039999999999233e-03,-1.734723475976807094e-18
0.000000000000000000e+00,0.000000000000000000e+00,0.000000000000000000e+00,1.913599999999959778e-03,1.583850000000000362e-03,-1.734723475976807094e-18
0.000000000000000000e+00,0.000000000000000000e+00,0.000000000000000000e+00,1.813599999999970791e-03,1.584700000000000518e-03,-1.734723475976807094e-18
0.000000000000000000e+00,0.000000000000000000e+00,0.000000000000000000e+00,1.813599999999970791e-03,1.584700000000000518e-03,-1.734723475976807094e-18
0.000000000000000000e+00,0.000000000000000000e+00,0.000000000000000000e+00,1.813599999999970791e-03,1.584700000000000518e-03,-1.734723475976807094e-18
0.000000000000000000e+00,0.000000000000000000e+00,0.000000000000000000e+00,1.813599999999970791e-03,1.584700000000000518e-03,-1.734723475976807094e-18
0.000000000000000000e+00,0.000000000000000000e+00,0.000000000000000000e+00,1.713599999999981804e-03,1.585549999999998939e-03,-1.734723475976807094e-18
0.000000000000000000e+00,0.000000000000000000e+00,0.000000000000000000e+00,1.713599999999981804e-03,1.585549999999998939e-03,-1.734723475976807094e-18
0.000000000000000000e+00,0.000000000000000000e+00,0.000000000000000000e+00,1.613599999999992818e-03,1.586399999999999096e-03,-1.734723475976807094e-18
0.000000000000000000e+00,0.000000000000000000e+00,0.000000000000000000e+00,1.613599999999992818e-03,1.586399999999999096e-03,-1.734723475976807094e-18
0.000000000000000000e+00,0.000000000000000000e+00,0.000000000000000000e+00,1.613760000000130646e-03,1.586240000000000046e-03,-1.734723475976807094e-18
0.000000000000000000e+00,0.000000000000000000e+00,0.000000000000000000e+00,1.613760000000130646e-03,1.586240000000000046e-03,-1.734723475976807094e-18
0.000000000000000000e+00,0.000000000000000000e+00,0.000000000000000000e+00,1.513760000000141659e-03,1.587100000000000143e-03,-1.734723475976807094e-18
0.000000000000000000e+00,0.000000000000000000e+00,0.000000000000000000e+00,1.513760000000141659e-03,1.587100000000000143e-03,-1.734723475976807094e-18
0.000000000000000000e+00,0.000000000000000000e+00,0.000000000000000000e+00,1.413760000000152672e-03,1.587959999999998505e-03,-1.734723475976807094e-18
0.000000000000000000e+00,0.000000000000000000e+00,0.000000000000000000e+00,1.413760000000152672e-03,1.587959999999998505e-03,-1.734723475976807094e-18
0.000000000000000000e+00,0.000000000000000000e+00,0.000000000000000000e+00,1.412900000000050227e-03,1.487959999999998242e-03,-1.734723475976807094e-18
0.000000000000000000e+00,0.000000000000000000e+00,0.000000000000000000e+00,1.412900000000050227e-03,1.487959999999998242e-03,-1.734723475976807094e-18
0.000000000000000000e+00,0.000000000000000000e+00,0.000000000000000000e+00,1.412900000000050227e-03,1.487959999999998242e-03,-1.734723475976807094e-18
0.000000000000000000e+00,0.000000000000000000e+00,0.000000000000000000e+00,1.413050000000026785e-03,1.487819999999999074e-03,-1.734723475976807094e-18
0.000000000000000000e+00,0.000000000000000000e+00,0.000000000000000000e+00,1.413050000000026785e-03,1.487819999999999074e-03,-1.734723475976807094e-18
0.000000000000000000e+00,0.000000000000000000e+00,0.000000000000000000e+00,1.413050000000026785e-03,1.487819999999999074e-03,-1.734723475976807094e-18
0.000000000000000000e+00,0.000000000000000000e+00,0.000000000000000000e+00,1.413050000000026785e-03,1.487819999999999074e-03,-1.734723475976807094e-18
0.000000000000000000e+00,0.000000000000000000e+00,0.000000000000000000e+00,1.413050000000026785e-03,1.487819999999999074e-03,-1.734723475976807094e-18
0.000000000000000000e+00,0.000000000000000000e+00,0.000000000000000000e+00,1.413050000000026785e-03,1.487819999999999074e-03,-1.734723475976807094e-18
0.000000000000000000e+00,0.000000000000000000e+00,0.000000000000000000e+00,1.413050000000026785e-03,1.487819999999999074e-03,-1.734723475976807094e-18
0.000000000000000000e+00,0.000000000000000000e+00,0.000000000000000000e+00,1.313050000000037798e-03,1.488689999999999111e-03,-1.734723475976807094e-18
0.000000000000000000e+00,0.000000000000000000e+00,0.000000000000000000e+00,1.213050000000048811e-03,1.489559999999999149e-03,-1.734723475976807094e-18
0.000000000000000000e+00,0.000000000000000000e+00,0.000000000000000000e+00,1.213200000000025369e-03,1.489439999999998127e-03,-1.734723475976807094e-18
0.000000000000000000e+00,0.000000000000000000e+00,0.000000000000000000e+00,1.213200000000025369e-03,1.489439999999998127e-03,-1.734723475976807094e-18
0.000000000000000000e+00,0.000000000000000000e+00,0.000000000000000000e+00,1.213200000000025369e-03,1.489439999999998127e-03,-1.734723475976807094e-18
0.000000000000000000e+00,0.000000000000000000e+00,0.000000000000000000e+00,1.213200000000025369e-03,1.489439999999998127e-03,-1.734723475976807094e-18
0.000000000000000000e+00,0.000000000000000000e+00,0.000000000000000000e+00,1.213200000000025369e-03,1.489439999999998127e-03,-1.734723475976807094e-18
0.000000000000000000e+00,0.000000000000000000e+00,0.000000000000000000e+00,1.213200000000025369e-03,1.489439999999998127e-03,-1.734723475976807094e-18
0.000000000000000000e+00,0.000000000000000000e+00,0.000000000000000000e+00,1.113200000000036383e-03,1.490319999999998105e-03,-1.734723475976807094e-18
0.000000000000000000e+00,0.000000000000000000e+00,0.000000000000000000e+00,1.013199999999825351e-03,1.491199999999999817e-03,-1.734723475976807094e-18
0.000000000000000000e+00,0.000000000000000000e+00,0.000000000000000000e+00,1.012319999999844455e-03,1.391200000000000422e-03,-1.734723475976807094e-18
0.000000000000000000e+00,0.000000000000000000e+00,0.000000000000000000e+00,1.012459999999881788e-03,1.391100000000001016e-03,-1.734723475976807094e-18
0.000000000000000000e+00,0.000000000000000000e+00,0.000000000000000000e+00,1.012459999999881788e-03,1.391100000000001016e-03,-1.734723475976807094e-18
0.000000000000000000e+00,0.000000000000000000e+00,0.000000000000000000e+00,1.012459999999881788e-03,1.391100000000001016e-03,-1.734723475976807094e-18
0.000000000000000000e+00,0.000000000000000000e+00,0.000000000000000000e+00,1.012459999999881788e-03,1.391100000000001016e-03,-1.734723475976807094e-18
0.000000000000000000e+00,0.000000000000000000e+00,0.000000000000000000e+00,1.012459999999881788e-03,1.391100000000001016e-03,-1.734723475976807094e-18
0.000000000000000000e+00,0.000000000000000000e+00,0.000000000000000000e+00,1.012459999999881788e-03,1.391100000000001016e-03,-1.734723475976807094e-18
0.000000000000000000e+00,0.000000000000000000e+00,0.000000000000000000e+00,1.012459999999881788e-03,1.391100000000001016e-03,-1.734723475976807094e-18
0.000000000000000000e+00,0.000000000000000000e+00,0.000000000000000000e+00,1.012459999999881788e-03,1.391100000000001016e-03,-1.734723475976807094e-18
0.000000000000000000e+00,0.000000000000000000e+00,0.000000000000000000e+00,1.012459999999881788e-03,1.391100000000001016e-03,-1.734723475976807094e-18
0.000000000000000000e+00,0.000000000000000000e+00,0.000000000000000000e+00,1.012459999999881788e-03,1.391100000000001016e-03,-1.734723475976807094e-18
0.000000000000000000e+00,0.000000000000000000e+00,0.000000000000000000e+00,1.012599999999919120e-03,1.391000000000001610e-03,-1.734723475976807094e-18
0.000000000000000000e+00,0.000000000000000000e+00,0.000000000000000000e+00,9.125999999999301338e-04,1.391900000000001469e-03,-1.734723475976807094e-18
0.000000000000000000e+00,0.000000000000000000e+00,0.000000000000000000e+00,9.125999999999301338e-04,1.391900000000001469e-03,-1.734723475976807094e-18
0.000000000000000000e+00,0.000000000000000000e+00,0.000000000000000000e+00,9.125999999999301338e-04,1.391900000000001469e-03,-1.734723475976807094e-18
0.000000000000000000e+00,0.000000000000000000e+00,0.000000000000000000e+00,9.116999999998487425e-04,1.291900000000001207e-03,-1.734723475976807094e-18
0.000000000000000000e+00,0.000000000000000000e+00,0.000000000000000000e+00,9.116999999998487425e-04,1.291900000000001207e-03,-1.734723475976807094e-18
0.000000000000000000e+00,0.000000000000000000e+00,0.000000000000000000e+00,9.116999999998487425e-04,1.291900000000001207e-03,-1.734723475976807094e-18
0.000000000000000000e+00,0.000000000000000000e+00,0.000000000000000000e+00,9.116999999998487425e-04,1.291900000000001207e-03,-1.734723475976807094e-18
0.000000000000000000e+00,0.000000000000000000e+00,0.000000000000000000e+00,8.116999999998597559e-04,1.292800000000001066e-03,-1.734723475976807094e-18
0.000000000000000000e+00,0.000000000000000000e+00,0.000000000000000000e+00,9.118299999999468497e-04,1.291810000000000007e-03,-1.734723475976807094e-18
0.000000000000000000e+00,0.000000000000000000e+00,0.000000000000000000e+00,8.118299999999578631e-04,1.292720000000001541e-03,-1.734723475976807094e-18
0.000000000000000000e+00,0.000000000000000000e+00,0.000000000000000000e+00,8.118299999999578631e-04,1.292720000000001541e-03,-1.734723475976807094e-18
0.000000000000000000e+00,0.000000000000000000e+00,0.000000000000000000e+00,8.118299999999578631e-04,1.292720000000001541e-03,-1.734723475976807094e-18
0.000000000000000000e+00,0.000000000000000000e+00,0.000000000000000000e+00,8.118299999999578631e-04,1.292720000000001541e-03,-1.734723475976807094e-18
0.000000000000000000e+00,0.000000000000000000e+00,0.000000000000000000e+00,8.118299999999578631e-04,1.292720000000001541e-03,-1.734723475976807094e-18
0.000000000000000000e+00,0.000000000000000000e+00,0.000000000000000000e+00,8.118299999999578631e-04,1.292720000000001541e-03,-1.734723475976807094e-18
0.000000000000000000e+00,0.000000000000000000e+00,0.000000000000000000e+00,8.109199999999372466e-04,1.192720000000001279e-03,-1.734723475976807094e-18
0.000000000000000000e+00,0.000000000000000000e+00,0.000000000000000000e+00,8.109199999999372466e-04,1.192720000000001279e-03,-1.734723475976807094e-18
0.000000000000000000e+00,0.000000000000000000e+00,0.000000000000000000e+00,8.110399999998740839e-04,1.192640000000000020e-03,-1.734723475976807094e-18
0.000000000000000000e+00,0.000000000000000000e+00,0.000000000000000000e+00,8.110399999998740839e-04,1.192640000000000020e-03,-1.734723475976807094e-18
0.000000000000000000e+00,0.000000000000000000e+00,0.000000000000000000e+00,8.110399999998740839e-04,1.192640000000000020e-03,-1.734723475976807094e-18
0.000000000000000000e+00,0.000000000000000000e+00,0.000000000000000000e+00,8.110399999998740839e-04,1.192640000000000020e-03,-1.734723475976807094e-18
0.000000000000000000e+00,0.000000000000000000e+00,0.000000000000000000e+00,8.110399999998740839e-04,1.192640000000000020e-03,-1.734723475976807094e-18
0.000000000000000000e+00,0.000000000000000000e+00,0.000000000000000000e+00,8.110399999998740839e-04,1.192640000000000020e-03,-1.734723475976807094e-18
0.000000000000000000e+00,0.000000000000000000e+00,0.000000000000000000e+00,7.110399999998850973e-04,1.193559999999999760e-03,-1.734723475976807094e-18
0.000000000000000000e+00,0.000000000000000000e+00,0.000000000000000000e+00,7.110399999998850973e-04,1.193559999999999760e-03,-1.734723475976807094e-18
0.000000000000000000e+00,0.000000000000000000e+00,0.000000000000000000e+00,7.110399999998850973e-04,1.193559999999999760e-03,-1.734723475976807094e-18
0.000000000000000000e+00,0.000000000000000000e+00,0.000000000000000000e+00,7.111599999998219346e-04,1.193490000000000176e-03,-1.734723475976807094e-18
0.000000000000000000e+00,0.000000000000000000e+00,0.000000000000000000e+00,7.102299999999228675e-04,1.093490000000000781e-03,-1.734723475976807094e-18
0.000000000000000000e+00,0.000000000000000000e+00,0.000000000000000000e+00,7.102299999999228675e-04,1.093490000000000781e-03,-1.734723475976807094e-18
0.000000000000000000e+00,0.000000000000000000e+00,0.000000000000000000e+00,7.102299999999228675e-04,1.093490000000000781e-03,-1.734723475976807094e-18
0.000000000000000000e+00,0.000000000000000000e+00,0.000000000000000000e+00,7.102299999999228675e-04,1.093490000000000781e-03,-1.734723475976807094e-18
0.000000000000000000e+00,0.000000000000000000e+00,0.000000000000000000e+00,7.102299999999228675e-04,1.093490000000000781e-03,-1.734723475976807094e-18
0.000000000000000000e+00,0.000000000000000000e+00,0.000000000000000000e+00,7.102299999999228675e-04,1.093490000000000781e-03,-1.734723475976807094e-18
0.000000000000000000e+00,0.000000000000000000e+00,0.000000000000000000e+00,7.102299999999228675e-04,1.093490000000000781e-03,-1.734723475976807094e-18
0.000000000000000000e+00,0.000000000000000000e+00,0.000000000000000000e+00,7.102299999999228675e-04,1.093490000000000781e-03,-1.734723475976807094e-18
0.000000000000000000e+00,0.000000000000000000e+00,0.000000000000000000e+00,7.102299999999228675e-04,1.093490000000000781e-03,-1.734723475976807094e-18
0.000000000000000000e+00,0.000000000000000000e+00,0.000000000000000000e+00,7.103399999999204795e-04,1.093420000000001197e-03,-1.734723475976807094e-18
0.000000000000000000e+00,0.000000000000000000e+00,0.000000000000000000e+00,7.103399999999204795e-04,1.093420000000001197e-03,-1.734723475976807094e-18
0.000000000000000000e+00,0.000000000000000000e+00,0.000000000000000000e+00,7.103399999999204795e-04,1.093420000000001197e-03,-1.734723475976807094e-18
0.000000000000000000e+00,0.000000000000000000e+00,0.000000000000000000e+00,7.093999999998601425e-04,9.934200000000000669e-04,-1.734723475976807094e-18
0.000000000000000000e+00,0.000000000000000000e+00,0.000000000000000000e+00,7.093999999998601425e-04,9.934200000000000669e-04,-1.734723475976807094e-18
0.000000000000000000e+00,0.000000000000000000e+00,0.000000000000000000e+00,7.093999999998601425e-04,9.934200000000000669e-04,-1.734723475976807094e-18
0.000000000000000000e+00,0.000000000000000000e+00,0.000000000000000000e+00,7.093999999998601425e-04,9.934200000000000669e-04,-1.734723475976807094e-18
0.000000000000000000e+00,0.000000000000000000e+00,0.000000000000000000e+00,7.093999999998601425e-04,9.934200000000000669e-04,-1.734723475976807094e-18
0.000000000000000000e+00,0.000000000000000000e+00,0.000000000000000000e+00,7.093999999998601425e-04,9.934200000000000669e-04,-1.734723475976807094e-18
0.000000000000000000e+00,0.000000000000000000e+00,0.000000000000000000e+00,7.094999999999185292e-04,9.933500000000022173e-04,-1.734723475976807094e-18
0.000000000000000000e+00,0.000000000000000000e+00,0.000000000000000000e+00,7.094999999999185292e-04,9.933500000000022173e-04,-1.734723475976807094e-18
0.000000000000000000e+00,0.000000000000000000e+00,0.000000000000000000e+00,7.094999999999185292e-04,9.933500000000022173e-04,-1.734723475976807094e-18
0.000000000000000000e+00,0.000000000000000000e+00,0.000000000000000000e+00,7.094999999999185292e-04,9.933500000000022173e-04,-1.734723475976807094e-18
0.000000000000000000e+00,0.000000000000000000e+00,0.000000000000000000e+00,7.094999999999185292e-04,9.933500000000022173e-04,-1.734723475976807094e-18
0.000000000000000000e+00,0.000000000000000000e+00,0.000000000000000000e+00,7.085499999999189669e-04,8.933500000000010877e-04,-1.734723475976807094e-18
0.000000000000000000e+00,0.000000000000000000e+00,0.000000000000000000e+00,7.085499999999189669e-04,8.933500000000010877e-04,-1.734723475976807094e-18
0.000000000000000000e+00,0.000000000000000000e+00,0.000000000000000000e+00,7.085499999999189669e-04,8.933500000000010877e-04,-1.734723475976807094e-18
0.000000000000000000e+00,0.000000000000000000e+00,0.000000000000000000e+00,7.085499999999189669e-04,8.933500000000010877e-04,-1.734723475976807094e-18
0.000000000000000000e+00,0.000000000000000000e+00,0.000000000000000000e+00,7.085499999999189669e-04,8.933500000000010877e-04,-1.734723475976807094e-18
0.000000000000000000e+00,0.000000000000000000e+00,0.000000000000000000e+00,7.086399999998160837e-04,8.932799999999997687e-04,-1.734723475976807094e-18
0.000000000000000000e+00,0.000000000000000000e+00,0.000000000000000000e+00,7.086399999998160837e-04,8.932799999999997687e-04,-1.734723475976807094e-18
0.000000000000000000e+00,0.000000000000000000e+00,0.000000000000000000e+00,7.086399999998160837e-04,8.932799999999997687e-04,-1.734723475976807094e-18
0.000000000000000000e+00,0.000000000000000000e+00,0.000000000000000000e+00,7.086399999998160837e-04,8.932799999999997687e-04,-1.734723475976807094e-18
0.000000000000000000e+00,0.000000000000000000e+00,0.000000000000000000e+00,7.086399999998160837e-04,8.932799999999997687e-04,-1.734723475976807094e-18
0.000000000000000000e+00,0.000000000000000000e+00,0.000000000000000000e+00,7.086399999998160837e-04,8.932799999999997687e-04,-1.734723475976807094e-18
0.000000000000000000e+00,0.000000000000000000e+00,0.000000000000000000e+00,7.076799999998772961e-04,7.932800000000003737e-04,-1.734723475976807094e-18
0.000000000000000000e+00,0.000000000000000000e+00,0.000000000000000000e+00,7.076799999998772961e-04,7.932800000000003737e-04,-1.734723475976807094e-18
0.000000000000000000e+00,0.000000000000000000e+00,0.000000000000000000e+00,7.076799999998772961e-04,7.932800000000003737e-04,-1.734723475976807094e-18
0.000000000000000000e+00,0.000000000000000000e+00,0.000000000000000000e+00,7.077599999998351876e-04,7.932100000000007894e-04,-1.734723475976807094e-18
0.000000000000000000e+00,0.000000000000000000e+00,0.000000000000000000e+00,7.077599999998351876e-04,7.932100000000007894e-04,-1.734723475976807094e-18
0.000000000000000000e+00,0.000000000000000000e+00,0.000000000000000000e+00,7.077599999998351876e-04,7.932100000000007894e-04,-1.734723475976807094e-18
0.000000000000000000e+00,0.000000000000000000e+00,0.000000000000000000e+00,7.077599999998351876e-04,7.932100000000007894e-04,-1.734723475976807094e-18
0.000000000000000000e+00,0.000000000000000000e+00,0.000000000000000000e+00,7.077599999998351876e-04,7.932100000000007894e-04,-1.734723475976807094e-18
0.000000000000000000e+00,0.000000000000000000e+00,0.000000000000000000e+00,7.077599999998351876e-04,7.932100000000007894e-04,-1.734723475976807094e-18
0.000000000000000000e+00,0.000000000000000000e+00,0.000000000000000000e+00,7.077599999998351876e-04,7.932100000000007894e-04,-1.734723475976807094e-18
0.000000000000000000e+00,0.000000000000000000e+00,0.000000000000000000e+00,7.077599999998351876e-04,7.932100000000007894e-04,-1.734723475976807094e-18
0.000000000000000000e+00,0.000000000000000000e+00,0.000000000000000000e+00,7.067899999999571747e-04,6.932099999999996598e-04,-1.734723475976807094e-18
0.000000000000000000e+00,0.000000000000000000e+00,0.000000000000000000e+00,7.067899999999571747e-04,6.932099999999996598e-04,-1.734723475976807094e-18
0.000000000000000000e+00,0.000000000000000000e+00,0.000000000000000000e+00,7.068599999999758410e-04,6.931400000000000755e-04,-1.734723475976807094e-18
0.000000000000000000e+00,0.000000000000000000e+00,0.000000000000000000e+00,7.068599999999758410e-04,6.931400000000000755e-04,-1.734723475976807094e-18
0.000000000000000000e+00,0.000000000000000000e+00,0.000000000000000000e+00,7.068599999999758410e-04,6.931400000000000755e-04,-1.734723475976807094e-18
0.000000000000000000e+00,0.000000000000000000e+00,0.000000000000000000e+00,7.068599999999758410e-04,6.931400000000000755e-04,-1.734723475976807094e-18
0.000000000000000000e+00,0.000000000000000000e+00,0.000000000000000000e+00,7.068599999999758410e-04,6.931400000000000755e-04,-1.734723475976807094e-18
0.000000000000000000e+00,0.000000000000000000e+00,0.000000000000000000e+00,7.068599999999758410e-04,6.931400000000000755e-04,-1.734723475976807094e-18
0.000000000000000000e+00,0.000000000000000000e+00,0.000000000000000000e+00,7.068599999999758410e-04,6.931400000000000755e-04,-1.734723475976807094e-18
0.000000000000000000e+00,0.000000000000000000e+00,0.000000000000000000e+00,7.068599999999758410e-04,6.931400000000000755e-04,-1.734723475976807094e-18
0.000000000000000000e+00,0.000000000000000000e+00,0.000000000000000000e+00,7.068599999999758410e-04,6.931400000000000755e-04,-1.734723475976807094e-18
0.000000000000000000e+00,0.000000000000000000e+00,0.000000000000000000e+00,7.059400000000159991e-04,5.930700000000010963e-04,-1.734723475976807094e-18
0.000000000000000000e+00,0.000000000000000000e+00,0.000000000000000000e+00,7.059400000000159991e-04,5.930700000000010963e-04,-1.734723475976807094e-18
0.000000000000000000e+00,0.000000000000000000e+00,0.000000000000000000e+00,7.059400000000159991e-04,5.930700000000010963e-04,-1.734723475976807094e-18
0.000000000000000000e+00,0.000000000000000000e+00,0.000000000000000000e+00,7.059400000000159991e-04,5.930700000000010963e-04,-1.734723475976807094e-18
0.000000000000000000e+00,0.000000000000000000e+00,0.000000000000000000e+00,7.059400000000159991e-04,5.930700000000010963e-04,-1.734723475976807094e-18
0.000000000000000000e+00,0.000000000000000000e+00,0.000000000000000000e+00,7.059400000000159991e-04,5.930700000000010963e-04,-1.734723475976807094e-18
0.000000000000000000e+00,0.000000000000000000e+00,0.000000000000000000e+00,7.059400000000159991e-04,5.930700000000010963e-04,-1.734723475976807094e-18
0.000000000000000000e+00,0.000000000000000000e+00,0.000000000000000000e+00,7.059400000000159991e-04,5.930700000000010963e-04,-1.734723475976807094e-18
0.000000000000000000e+00,0.000000000000000000e+00,0.000000000000000000e+00,7.059400000000159991e-04,5.930700000000010963e-04,-1.734723475976807094e-18
0.000000000000000000e+00,0.000000000000000000e+00,0.000000000000000000e+00,7.059400000000159991e-04,5.930700000000010963e-04,-1.734723475976807094e-18
0.000000000000000000e+00,0.000000000000000000e+00,0.000000000000000000e+00,7.059999999998733955e-04,5.929999999999997773e-04,-1.734723475976807094e-18
0.000000000000000000e+00,0.000000000000000000e+00,0.000000000000000000e+00,7.049999999999556621e-04,4.930000000000003824e-04,-1.734723475976807094e-18
0.000000000000000000e+00,0.000000000000000000e+00,0.000000000000000000e+00,7.049999999999556621e-04,4.930000000000003824e-04,-1.734723475976807094e-18
0.000000000000000000e+00,0.000000000000000000e+00,0.000000000000000000e+00,7.049999999999556621e-04,4.930000000000003824e-04,-1.734723475976807094e-18
0.000000000000000000e+00,0.000000000000000000e+00,0.000000000000000000e+00,7.049999999999556621e-04,4.930000000000003824e-04,-1.734723475976807094e-18
0.000000000000000000e+00,0.000000000000000000e+00,0.000000000000000000e+00,7.049999999999556621e-04,4.930000000000003824e-04,-1.734723475976807094e-18
0.000000000000000000e+00,0.000000000000000000e+00,-1.000033334666723846e-02,7.024592930104173660e-04,4.964706592887958066e-04,-1.734723475976807094e-18
0.000000000000000000e+00,0.000000000000000000e+00,0.000000000000000000e+00,7.049499999998154465e-04,4.930700000000017014e-04,-1.734723475976807094e-18
0.000000000000000000e+00,0.000000000000000000e+00,0.000000000000000000e+00,7.049499999998154465e-04,4.930700000000017014e-04,-1.734723475976807094e-18
0.000000000000000000e+00,0.000000000000000000e+00,0.000000000000000000e+00,7.049499999998154465e-04,4.930700000000017014e-04,-1.734723475976807094e-18
0.000000000000000000e+00,0.000000000000000000e+00,0.000000000000000000e+00,7.049499999998154465e-04,4.930700000000017014e-04,-1.734723475976807094e-18
0.000000000000000000e+00,0.000000000000000000e+00,0.000000000000000000e+00,7.049999999999556621e-04,4.930000000000003824e-04,-1.734723475976807094e-18
0.000000000000000000e+00,0.000000000000000000e+00,0.000000000000000000e+00,7.039999999998158842e-04,3.929999999999992527e-04,-1.734723475976807094e-18
0.000000000000000000e+00,0.000000000000000000e+00,0.000000000000000000e+00,7.039999999998158842e-04,3.929999999999992527e-04,-1.734723475976807094e-18
0.000000000000000000e+00,0.000000000000000000e+00,0.000000000000000000e+00,7.039999999998158842e-04,3.929999999999992527e-04,-1.734723475976807094e-18
0.000000000000000000e+00,0.000000000000000000e+00,0.000000000000000000e+00,6.039999999998268976e-04,3.940000000000002528e-04,-1.734723475976807094e-18
0.000000000000000000e+00,0.000000000000000000e+00,0.000000000000000000e+00,6.039999999998268976e-04,3.940000000000002528e-04,-1.734723475976807094e-18
0.000000000000000000e+00,0.000000000000000000e+00,0.000000000000000000e+00,6.039999999998268976e-04,3.940000000000002528e-04,-1.734723475976807094e-18
0.000000000000000000e+00,0.000000000000000000e+00,-1.000033334666723846e-02,6.019651011514686985e-04,3.969765174308688784e-04,-1.734723475976807094e-18
0.000000000000000000e+00,0.000000000000000000e+00,0.000000000000000000e+00,6.039599999998479518e-04,3.940599999999998965e-04,-1.734723475976807094e-18
0.000000000000000000e+00,0.000000000000000000e+00,0.000000000000000000e+00,6.039599999998479518e-04,3.940599999999998965e-04,-1.734723475976807094e-18
0.000000000000000000e+00,0.000000000000000000e+00,0.000000000000000000e+00,6.039599999998479518e-04,3.940599999999998965e-04,-1.734723475976807094e-18
0.000000000000000000e+00,0.000000000000000000e+00,0.000000000000000000e+00,6.029699999998694437e-04,2.940600000000005015e-04,-1.734723475976807094e-18
0.000000000000000000e+00,0.000000000000000000e+00,0.000000000000000000e+00,6.029699999998694437e-04,2.940600000000005015e-04,-1.734723475976807094e-18
0.000000000000000000e+00,0.000000000000000000e+00,0.000000000000000000e+00,6.029699999998694437e-04,2.940600000000005015e-04,-1.734723475976807094e-18
0.000000000000000000e+00,0.000000000000000000e+00,0.000000000000000000e+00,6.029699999998694437e-04,2.940600000000005015e-04,-1.734723475976807094e-18
0.000000000000000000e+00,0.000000000000000000e+00,0.000000000000000000e+00,6.029999999999091642e-04,2.940000000000008579e-04,-1.734723475976807094e-18
0.000000000000000000e+00,0.000000000000000000e+00,0.000000000000000000e+00,6.029999999999091642e-04,2.940000000000008579e-04,-1.734723475976807094e-18
0.000000000000000000e+00,0.000000000000000000e+00,0.000000000000000000e+00,6.029999999999091642e-04,2.940000000000008579e-04,-1.734723475976807094e-18
0.000000000000000000e+00,0.000000000000000000e+00,0.000000000000000000e+00,6.029999999999091642e-04,2.940000000000008579e-04,-1.734723475976807094e-18
0.000000000000000000e+00,0.000000000000000000e+00,0.000000000000000000e+00,6.029999999999091642e-04,2.940000000000008579e-04,-1.734723475976807094e-18
0.000000000000000000e+00,0.000000000000000000e+00,0.000000000000000000e+00,6.029999999999091642e-04,2.940000000000008579e-04,-1.734723475976807094e-18
0.000000000000000000e+00,0.000000000000000000e+00,0.000000000000000000e+00,6.019999999999914309e-04,1.940000000000014629e-04,-1.734723475976807094e-18
0.000000000000000000e+00,0.000000000000000000e+00,0.000000000000000000e+00,6.019999999999914309e-04,1.940000000000014629e-04,-1.734723475976807094e-18
0.000000000000000000e+00,0.000000000000000000e+00,0.000000000000000000e+00,6.019999999999914309e-04,1.940000000000014629e-04,-1.734723475976807094e-18
0.000000000000000000e+00,0.000000000000000000e+00,-1.000033334666723846e-02,5.009708842926297858e-04,1.974882087146027606e-04,-1.734723475976807094e-18
0.000000000000000000e+00,0.000000000000000000e+00,0.000000000000000000e+00,5.019799999999019491e-04,1.950500000000004314e-04,-1.734723475976807094e-18
0.000000000000000000e+00,0.000000000000000000e+00,0.000000000000000000e+00,5.019799999999019491e-04,1.950500000000004314e-04,-1.734723475976807094e-18
0.000000000000000000e+00,0.000000000000000000e+00,0.000000000000000000e+00,5.019799999999019491e-04,1.950500000000004314e-04,-1.734723475976807094e-18
0.000000000000000000e+00,0.000000000000000000e+00,0.000000000000000000e+00,5.019799999999019491e-04,1.950500000000004314e-04,-1.734723475976807094e-18
0.000000000000000000e+00,0.000000000000000000e+00,0.000000000000000000e+00,5.019799999999019491e-04,1.950500000000004314e-04,-1.734723475976807094e-18
0.000000000000000000e+00,0.000000000000000000e+00,0.000000000000000000e+00,5.009899999999234410e-04,9.504999999999930171e-05,-1.734723475976807094e-18
0.000000000000000000e+00,0.000000000000000000e+00,0.000000000000000000e+00,5.009899999999234410e-04,9.504999999999930171e-05,-1.734723475976807094e-18
0.000000000000000000e+00,0.000000000000000000e+00,0.000000000000000000e+00,5.009899999999234410e-04,9.504999999999930171e-05,-1.734723475976807094e-18
0.000000000000000000e+00,0.000000000000000000e+00,0.000000000000000000e+00,5.009899999999234410e-04,9.504999999999930171e-05,-1.734723475976807094e-18
0.000000000000000000e+00,0.000000000000000000e+00,0.000000000000000000e+00,5.009899999999234410e-04,9.504999999999930171e-05,-1.734723475976807094e-18
0.000000000000000000e+00,0.000000000000000000e+00,0.000000000000000000e+00,5.009899999999234410e-04,9.504999999999930171e-05,-1.734723475976807094e-18
0.000000000000000000e+00,0.000000000000000000e+00,0.000000000000000000e+00,5.009899999999234410e-04,9.504999999999930171e-05,-1.734723475976807094e-18
0.000000000000000000e+00,0.000000000000000000e+00,0.000000000000000000e+00,5.009899999999234410e-04,9.504999999999930171e-05,-1.734723475976807094e-18
0.000000000000000000e+00,0.000000000000000000e+00,0.000000000000000000e+00,5.009899999999234410e-04,9.504999999999930171e-05,-1.734723475976807094e-18
0.000000000000000000e+00,0.000000000000000000e+00,0.000000000000000000e+00,4.009899999999344544e-04,9.604000000000036119e-05,-1.734723475976807094e-18
0.000000000000000000e+00,0.000000000000000000e+00,0.000000000000000000e+00,3.999999999999559464e-04,-3.959999999999033737e-06,-1.734723475976807094e-18
0.000000000000000000e+00,0.000000000000000000e+00,0.000000000000000000e+00,3.999999999999559464e-04,-3.959999999999033737e-06,-1.734723475976807094e-18
0.000000000000000000e+00,0.000000000000000000e+00,0.000000000000000000e+00,3.999999999999559464e-04,-3.959999999999033737e-06,-1.734723475976807094e-18
0.000000000000000000e+00,0.000000000000000000e+00,0.000000000000000000e+00,3.999999999999559464e-04,-3.959999999999033737e-06,-1.734723475976807094e-18
0.000000000000000000e+00,0.000000000000000000e+00,0.000000000000000000e+00,3.999999999999559464e-04,-3.959999999999033737e-06,-1.734723475976807094e-18
0.000000000000000000e+00,0.000000000000000000e+00,0.000000000000000000e+00,3.999999999999559464e-04,-3.999999999998796185e-06,-1.734723475976807094e-18
0.000000000000000000e+00,0.000000000000000000e+00,0.000000000000000000e+00,3.999999999999559464e-04,-3.999999999998796185e-06,-1.734723475976807094e-18
0.000000000000000000e+00,0.000000000000000000e+00,0.000000000000000000e+00,3.999999999999559464e-04,-3.999999999998796185e-06,-1.734723475976807094e-18
0.000000000000000000e+00,0.000000000000000000e+00,0.000000000000000000e+00,3.999999999999559464e-04,-3.999999999998796185e-06,-1.734723475976807094e-18
0.000000000000000000e+00,0.000000000000000000e+00,0.000000000000000000e+00,3.990000000000382130e-04,-1.039999999999981911e-04,-1.734723475976807094e-18
0.000000000000000000e+00,0.000000000000000000e+00,0.000000000000000000e+00,3.990000000000382130e-04,-1.039999999999981911e-04,-1.734723475976807094e-18
0.000000000000000000e+00,0.000000000000000000e+00,0.000000000000000000e+00,2.990000000000492264e-04,-1.029999999999989257e-04,-1.734723475976807094e-18
0.000000000000000000e+00,0.000000000000000000e+00,0.000000000000000000e+00,2.990000000000492264e-04,-1.029999999999989257e-04,-1.734723475976807094e-18
0.000000000000000000e+00,0.000000000000000000e+00,0.000000000000000000e+00,2.990000000000492264e-04,-1.029999999999989257e-04,-1.734723475976807094e-18
0.000000000000000000e+00,0.000000000000000000e+00,0.000000000000000000e+00,2.990099999999884517e-04,-1.029699999999991039e-04,-1.734723475976807094e-18
0.000000000000000000e+00,0.000000000000000000e+00,0.000000000000000000e+00,2.990099999999884517e-04,-1.029699999999991039e-04,-1.734723475976807094e-18
0.000000000000000000e+00,0.000000000000000000e+00,0.000000000000000000e+00,2.990099999999884517e-04,-1.029699999999991039e-04,-1.734723475976807094e-18
0.000000000000000000e+00,0.000000000000000000e+00,0.000000000000000000e+00,2.980200000000099436e-04,-2.029700000000002336e-04,-1.734723475976807094e-18
0.000000000000000000e+00,0.000000000000000000e+00,0.000000000000000000e+00,2.980200000000099436e-04,-2.029700000000002336e-04,-1.734723475976807094e-18
0.000000000000000000e+00,0.000000000000000000e+00,0.000000000000000000e+00,2.980200000000099436e-04,-2.029700000000002336e-04,-1.734723475976807094e-18
0.000000000000000000e+00,0.000000000000000000e+00,0.000000000000000000e+00,2.980200000000099436e-04,-2.029700000000002336e-04,-1.734723475976807094e-18
0.000000000000000000e+00,0.000000000000000000e+00,0.000000000000000000e+00,2.980200000000099436e-04,-2.029700000000002336e-04,-1.734723475976807094e-18
0.000000000000000000e+00,0.000000000000000000e+00,0.000000000000000000e+00,2.980200000000099436e-04,-2.029700000000002336e-04,-1.734723475976807094e-18
0.000000000000000000e+00,0.000000000000000000e+00,0.000000000000000000e+00,1.980200000000209570e-04,-2.019800000000009088e-04,-1.734723475976807094e-18
0.000000000000000000e+00,0.000000000000000000e+00,0.000000000000000000e+00,1.980200000000209570e-04,-2.019800000000009088e-04,-1.734723475976807094e-18
0.000000000000000000e+00,0.000000000000000000e+00,0.000000000000000000e+00,1.980200000000209570e-04,-2.019800000000009088e-04,-1.734723475976807094e-18
0.000000000000000000e+00,0.000000000000000000e+00,0.000000000000000000e+00,1.970300000000424490e-04,-3.019800000000003037e-04,-1.734723475976807094e-18
0.000000000000000000e+00,0.000000000000000000e+00,0.000000000000000000e+00,1.970300000000424490e-04,-3.019800000000003037e-04,-1.734723475976807094e-18
0.000000000000000000e+00,0.000000000000000000e+00,0.000000000000000000e+00,1.970300000000424490e-04,-3.019800000000003037e-04,-1.734723475976807094e-18
0.000000000000000000e+00,0.000000000000000000e+00,0.000000000000000000e+00,1.970300000000424490e-04,-3.019800000000003037e-04,-1.734723475976807094e-18
0.000000000000000000e+00,0.000000000000000000e+00,0.000000000000000000e+00,1.970300000000424490e-04,-3.019800000000003037e-04,-1.734723475976807094e-18
0.000000000000000000e+00,0.000000000000000000e+00,0.000000000000000000e+00,1.970300000000424490e-04,-3.019800000000003037e-04,-1.734723475976807094e-18
0.000000000000000000e+00,0.000000000000000000e+00,0.000000000000000000e+00,9.703000000005346237e-05,-3.009899999999992443e-04,-1.734723475976807094e-18
0.000000000000000000e+00,0.000000000000000000e+00,0.000000000000000000e+00,9.703000000005346237e-05,-3.009899999999992443e-04,-1.734723475976807094e-18
0.000000000000000000e+00,0.000000000000000000e+00,0.000000000000000000e+00,9.604000000007495430e-05,-4.009899999999986392e-04,-1.734723475976807094e-18
0.000000000000000000e+00,0.000000000000000000e+00,0.000000000000000000e+00,9.604000000007495430e-05,-4.009899999999986392e-04,-1.734723475976807094e-18
0.000000000000000000e+00,0.000000000000000000e+00,0.000000000000000000e+00,9.604000000007495430e-05,-4.009899999999986392e-04,-1.734723475976807094e-18
0.000000000000000000e+00,0.000000000000000000e+00,0.000000000000000000e+00,9.604000000007495430e-05,-4.009899999999986392e-04,-1.734723475976807094e-18
0.000000000000000000e+00,0.000000000000000000e+00,0.000000000000000000e+00,9.604000000007495430e-05,-4.009899999999986392e-04,-1.734723475976807094e-18
0.000000000000000000e+00,0.000000000000000000e+00,0.000000000000000000e+00,9.604000000007495430e-05,-4.009899999999986392e-04,-1.734723475976807094e-18
0.000000000000000000e+00,0.000000000000000000e+00,0.000000000000000000e+00,9.604000000007495430e-05,-4.009899999999986392e-04,-1.734723475976807094e-18
0.000000000000000000e+00,0.000000000000000000e+00,0.000000000000000000e+00,9.604000000007495430e-05,-4.009899999999986392e-04,-1.734723475976807094e-18
0.000000000000000000e+00,0.000000000000000000e+00,0.000000000000000000e+00,-4.950000000003562661e-06,-5.000000000000004441e-04,-1.734723475976807094e-18
0.000000000000000000e+00,0.000000000000000000e+00,0.000000000000000000e+00,-4.950000000003562661e-06,-5.000000000000004441e-04,-1.734723475976807094e-18
0.000000000000000000e+00,0.000000000000000000e+00,0.000000000000000000e+00,-4.950000000003562661e-06,-5.000000000000004441e-04,-1.734723475976807094e-18
0.000000000000000000e+00,0.000000000000000000e+00,0.000000000000000000e+00,-4.950000000003562661e-06,-5.000000000000004441e-04,-1.734723475976807094e-18
0.000000000000000000e+00,0.000000000000000000e+00,0.000000000000000000e+00,-4.950000000003562661e-06,-5.000000000000004441e-04,-1.734723475976807094e-18
0.000000000000000000e+00,0.000000000000000000e+00,0.000000000000000000e+00,-4.899999999974369302e-06,-5.000000000000004441e-04,-1.734723475976807094e-18
0.000000000000000000e+00,0.000000000000000000e+00,0.000000000000000000e+00,-4.899999999974369302e-06,-5.000000000000004441e-04,-1.734723475976807094e-18
0.000000000000000000e+00,0.000000000000000000e+00,0.000000000000000000e+00,-4.899999999974369302e-06,-5.000000000000004441e-04,-1.734723475976807094e-18
0.000000000000000000e+00,0.000000000000000000e+00,0.000000000000000000e+00,-5.880000000013652084e-06,-5.999999999999998390e-04,-1.734723475976807094e-18
0.000000000000000000e+00,0.000000000000000000e+00,0.000000000000000000e+00,-1.058800000000026387e-04,-5.990200000000004549e-04,-1.734723475976807094e-18
0.000000000000000000e+00,0.000000000000000000e+00,0.000000000000000000e+00,-1.058800000000026387e-04,-5.990200000000004549e-04,-1.734723475976807094e-18
0.000000000000000000e+00,0.000000000000000000e+00,0.000000000000000000e+00,-1.058800000000026387e-04,-5.990200000000004549e-04,-1.734723475976807094e-18
0.000000000000000000e+00,0.000000000000000000e+00,0.000000000000000000e+00,-1.058800000000026387e-04,-5.990200000000004549e-04,-1.734723475976807094e-18
0.000000000000000000e+00,0.000000000000000000e+00,0.000000000000000000e+00,-1.058800000000026387e-04,-5.990200000000004549e-04,-1.734723475976807094e-18
0.000000000000000000e+00,0.000000000000000000e+00,0.000000000000000000e+00,-1.058800000000026387e-04,-5.990200000000004549e-04,-1.734723475976807094e-18
0.000000000000000000e+00,0.000000000000000000e+00,0.000000000000000000e+00,-1.058800000000026387e-04,-5.990200000000004549e-04,-1.734723475976807094e-18
0.000000000000000000e+00,0.000000000000000000e+00,0.000000000000000000e+00,-1.068600000000419215e-04,-6.990199999999998498e-04,-1.734723475976807094e-18
0.000000000000000000e+00,0.000000000000000000e+00,0.000000000000000000e+00,-2.068600000000309080e-04,-6.980399999999987309e-04,-1.734723475976807094e-18
0.000000000000000000e+00,0.000000000000000000e+00,0.000000000000000000e+00,-2.067900000000122418e-04,-6.980599999999986122e-04,-1.734723475976807094e-18
0.000000000000000000e+00,0.000000000000000000e+00,0.000000000000000000e+00,-2.067900000000122418e-04,-6.980599999999986122e-04,-1.734723475976807094e-18
0.000000000000000000e+00,0.000000000000000000e+00,0.000000000000000000e+00,-2.067900000000122418e-04,-6.980599999999986122e-04,-1.734723475976807094e-18
0.000000000000000000e+00,0.000000000000000000e+00,0.000000000000000000e+00,-2.067900000000122418e-04,-6.980599999999986122e-04,-1.734723475976807094e-18
0.000000000000000000e+00,0.000000000000000000e+00,0.000000000000000000e+00,-2.067900000000122418e-04,-6.980599999999986122e-04,-1.734723475976807094e-18
0.000000000000000000e+00,0.000000000000000000e+00,0.000000000000000000e+00,-2.067900000000122418e-04,-6.980599999999986122e-04,-1.734723475976807094e-18
0.000000000000000000e+00,0.000000000000000000e+00,0.000000000000000000e+00,-2.077600000000012770e-04,-7.980599999999997418e-04,-1.734723475976807094e-18
0.000000000000000000e+00,0.000000000000000000e+00,0.000000000000000000e+00,-2.077600000000012770e-04,-7.980599999999997418e-04,-1.734723475976807094e-18
0.000000000000000000e+00,0.000000000000000000e+00,0.000000000000000000e+00,-3.077599999999902636e-04,-7.970900000000002983e-04,-1.734723475976807094e-18
0.000000000000000000e+00,0.000000000000000000e+00,0.000000000000000000e+00,-3.077599999999902636e-04,-7.970900000000002983e-04,-1.734723475976807094e-18
0.000000000000000000e+00,0.000000000000000000e+00,0.000000000000000000e+00,-3.076799999999213497e-04,-7.971200000000001201e-04,-1.734723475976807094e-18
0.000000000000000000e+00,0.000000000000000000e+00,0.000000000000000000e+00,-3.076799999999213497e-04,-7.971200000000001201e-04,-1.734723475976807094e-18
0.000000000000000000e+00,0.000000000000000000e+00,0.000000000000000000e+00,-3.076799999999213497e-04,-7.971200000000001201e-04,-1.734723475976807094e-18
0.000000000000000000e+00,0.000000000000000000e+00,0.000000000000000000e+00,-3.086399999999711596e-04,-8.971199999999995151e-04,-1.734723475976807094e-18
0.000000000000000000e+00,0.000000000000000000e+00,0.000000000000000000e+00,-3.086399999999711596e-04,-8.971199999999995151e-04,-1.734723475976807094e-18
0.000000000000000000e+00,0.000000000000000000e+00,0.000000000000000000e+00,-3.086399999999711596e-04,-8.971199999999995151e-04,-1.734723475976807094e-18
0.000000000000000000e+00,0.000000000000000000e+00,0.000000000000000000e+00,-4.086399999999601462e-04,-8.961600000000000121e-04,-1.734723475976807094e-18
0.000000000000000000e+00,0.000000000000000000e+00,0.000000000000000000e+00,-4.086399999999601462e-04,-8.961600000000000121e-04,-1.734723475976807094e-18
0.000000000000000000e+00,0.000000000000000000e+00,0.000000000000000000e+00,-4.085499999999520071e-04,-8.961999999999997746e-04,-1.734723475976807094e-18
0.000000000000000000e+00,0.000000000000000000e+00,0.000000000000000000e+00,-4.085499999999520071e-04,-8.961999999999997746e-04,-1.734723475976807094e-18
0.000000000000000000e+00,0.000000000000000000e+00,0.000000000000000000e+00,-4.085499999999520071e-04,-8.961999999999997746e-04,-1.734723475976807094e-18
0.000000000000000000e+00,0.000000000000000000e+00,0.000000000000000000e+00,-4.094999999999515694e-04,-9.962000000000009042e-04,-1.734723475976807094e-18
0.000000000000000000e+00,0.000000000000000000e+00,0.000000000000000000e+00,-4.094999999999515694e-04,-9.962000000000009042e-04,-1.734723475976807094e-18
0.000000000000000000e+00,0.000000000000000000e+00,0.000000000000000000e+00,-4.094999999999515694e-04,-9.962000000000009042e-04,-1.734723475976807094e-18
0.000000000000000000e+00,0.000000000000000000e+00,0.000000000000000000e+00,-5.094999999999405560e-04,-9.952500000000013419e-04,-1.734723475976807094e-18
0.000000000000000000e+00,0.000000000000000000e+00,0.000000000000000000e+00,-5.094999999999405560e-04,-9.952500000000013419e-04,-1.734723475976807094e-18
0.000000000000000000e+00,0.000000000000000000e+00,0.000000000000000000e+00,-5.093999999999931916e-04,-9.952999999999993103e-04,-1.734723475976807094e-18
0.000000000000000000e+00,0.000000000000000000e+00,0.000000000000000000e+00,-5.093999999999931916e-04,-9.952999999999993103e-04,-1.734723475976807094e-18
0.000000000000000000e+00,0.000000000000000000e+00,0.000000000000000000e+00,-5.093999999999931916e-04,-9.952999999999993103e-04,-1.734723475976807094e-18
0.000000000000000000e+00,0.000000000000000000e+00,0.000000000000000000e+00,-5.103399999999425063e-04,-1.095300000000000440e-03,-1.734723475976807094e-18
0.000000000000000000e+00,0.000000000000000000e+00,0.000000000000000000e+00,-5.103399999999425063e-04,-1.095300000000000440e-03,-1.734723475976807094e-18
0.000000000000000000e+00,0.000000000000000000e+00,0.000000000000000000e+00,-5.103399999999425063e-04,-1.095300000000000440e-03,-1.734723475976807094e-18
0.000000000000000000e+00,0.000000000000000000e+00,0.000000000000000000e+00,-6.102300000000449032e-04,-1.094420000000000462e-03,-1.734723475976807094e-18
0.000000000000000000e+00,0.000000000000000000e+00,0.000000000000000000e+00,-6.102300000000449032e-04,-1.094420000000000462e-03,-1.734723475976807094e-18
0.000000000000000000e+00,0.000000000000000000e+00,0.000000000000000000e+00,-6.102300000000449032e-04,-1.094420000000000462e-03,-1.734723475976807094e-18
0.000000000000000000e+00,0.000000000000000000e+00,0.000000000000000000e+00,-6.102300000000449032e-04,-1.094420000000000462e-03,-1.734723475976807094e-18
0.000000000000000000e+00,0.000000000000000000e+00,0.000000000000000000e+00,-6.111600000000549926e-04,-1.194419999999999857e-03,-1.734723475976807094e-18
0.000000000000000000e+00,0.000000000000000000e+00,0.000000000000000000e+00,-6.111600000000549926e-04,-1.194419999999999857e-03,-1.734723475976807094e-18
0.000000000000000000e+00,0.000000000000000000e+00,0.000000000000000000e+00,-6.110400000000071330e-04,-1.194479999999999500e-03,-1.734723475976807094e-18
0.000000000000000000e+00,0.000000000000000000e+00,0.000000000000000000e+00,-6.110400000000071330e-04,-1.194479999999999500e-03,-1.734723475976807094e-18
0.000000000000000000e+00,0.000000000000000000e+00,0.000000000000000000e+00,-7.110399999999961196e-04,-1.193559999999999760e-03,-1.734723475976807094e-18
0.000000000000000000e+00,0.000000000000000000e+00,0.000000000000000000e+00,-7.110399999999961196e-04,-1.193559999999999760e-03,-1.734723475976807094e-18
0.000000000000000000e+00,0.000000000000000000e+00,0.000000000000000000e+00,-7.110399999999961196e-04,-1.193559999999999760e-03,-1.734723475976807094e-18
0.000000000000000000e+00,0.000000000000000000e+00,0.000000000000000000e+00,-7.110399999999961196e-04,-1.193559999999999760e-03,-1.734723475976807094e-18
0.000000000000000000e+00,0.000000000000000000e+00,0.000000000000000000e+00,-7.118300000000798988e-04,-1.293630000000000474e-03,-1.734723475976807094e-18
0.000000000000000000e+00,0.000000000000000000e+00,0.000000000000000000e+00,-7.118300000000798988e-04,-1.293630000000000474e-03,-1.734723475976807094e-18
0.000000000000000000e+00,0.000000000000000000e+00,0.000000000000000000e+00,-7.118300000000798988e-04,-1.293630000000000474e-03,-1.734723475976807094e-18
0.000000000000000000e+00,0.000000000000000000e+00,0.000000000000000000e+00,-7.118300000000798988e-04,-1.293630000000000474e-03,-1.734723475976807094e-18
0.000000000000000000e+00,0.000000000000000000e+00,0.000000000000000000e+00,-8.118300000000688854e-04,-1.292720000000000674e-03,-1.734723475976807094e-18
0.000000000000000000e+00,0.000000000000000000e+00,0.000000000000000000e+00,-8.116999999999707782e-04,-1.292799999999998464e-03,-1.734723475976807094e-18
0.000000000000000000e+00,0.000000000000000000e+00,0.000000000000000000e+00,-8.116999999999707782e-04,-1.292799999999998464e-03,-1.734723475976807094e-18
0.000000000000000000e+00,0.000000000000000000e+00,0.000000000000000000e+00,-8.116999999999707782e-04,-1.292799999999998464e-03,-1.734723475976807094e-18
0.000000000000000000e+00,0.000000000000000000e+00,0.000000000000000000e+00,-8.126000000000521695e-04,-1.392799999999999594e-03,-1.734723475976807094e-18
0.000000000000000000e+00,0.000000000000000000e+00,0.000000000000000000e+00,-8.126000000000521695e-04,-1.392799999999999594e-03,-1.734723475976807094e-18
0.000000000000000000e+00,0.000000000000000000e+00,0.000000000000000000e+00,-8.124600000000148370e-04,-1.392880000000000854e-03,-1.734723475976807094e-18
0.000000000000000000e+00,0.000000000000000000e+00,0.000000000000000000e+00,-8.124600000000148370e-04,-1.392880000000000854e-03,-1.734723475976807094e-18
0.000000000000000000e+00,0.000000000000000000e+00,0.000000000000000000e+00,-9.124600000000038236e-04,-1.391990000000000935e-03,-1.734723475976807094e-18
0.000000000000000000e+00,0.000000000000000000e+00,0.000000000000000000e+00,-9.124600000000038236e-04,-1.391990000000000935e-03,-1.734723475976807094e-18
0.000000000000000000e+00,0.000000000000000000e+00,0.000000000000000000e+00,-9.124600000000038236e-04,-1.391990000000000935e-03,-1.734723475976807094e-18
0.000000000000000000e+00,0.000000000000000000e+00,0.000000000000000000e+00,-9.123199999999664911e-04,-1.392080000000000400e-03,-1.734723475976807094e-18
0.000000000000000000e+00,0.000000000000000000e+00,0.000000000000000000e+00,-9.132000000000584095e-04,-1.492079999999999795e-03,-1.734723475976807094e-18
0.000000000000000000e+00,0.000000000000000000e+00,0.000000000000000000e+00,-9.132000000000584095e-04,-1.492079999999999795e-03,-1.734723475976807094e-18
0.000000000000000000e+00,0.000000000000000000e+00,0.000000000000000000e+00,-9.132000000000584095e-04,-1.492079999999999795e-03,-1.734723475976807094e-18
0.000000000000000000e+00,0.000000000000000000e+00,0.000000000000000000e+00,-9.130499999999708294e-04,-1.492169999999999261e-03,-1.734723475976807094e-18
0.000000000000000000e+00,0.000000000000000000e+00,0.000000000000000000e+00,-9.130499999999708294e-04,-1.492169999999999261e-03,-1.734723475976807094e-18
0.000000000000000000e+00,0.000000000000000000e+00,0.000000000000000000e+00,-1.013049999999959816e-03,-1.491299999999999223e-03,-1.734723475976807094e-18
0.000000000000000000e+00,0.000000000000000000e+00,0.000000000000000000e+00,-1.013049999999959816e-03,-1.491299999999999223e-03,-1.734723475976807094e-18
0.000000000000000000e+00,0.000000000000000000e+00,0.000000000000000000e+00,-1.013049999999959816e-03,-1.491299999999999223e-03,-1.734723475976807094e-18
0.000000000000000000e+00,0.000000000000000000e+00,0.000000000000000000e+00,-1.013759999999974681e-03,-1.591400000000001494e-03,-1.734723475976807094e-18
0.000000000000000000e+00,0.000000000000000000e+00,0.000000000000000000e+00,-1.013759999999974681e-03,-1.591400000000001494e-03,-1.734723475976807094e-18
0.000000000000000000e+00,0.000000000000000000e+00,0.000000000000000000e+00,-1.013759999999974681e-03,-1.591400000000001494e-03,-1.734723475976807094e-18
0.000000000000000000e+00,0.000000000000000000e+00,0.000000000000000000e+00,-1.013759999999974681e-03,-1.591400000000001494e-03,-1.734723475976807094e-18
0.000000000000000000e+00,0.000000000000000000e+00,0.000000000000000000e+00,-1.013599999999947876e-03,-1.591500000000000900e-03,-1.734723475976807094e-18
0.000000000000000000e+00,0.000000000000000000e+00,0.000000000000000000e+00,-1.113599999999936863e-03,-1.590650000000000744e-03,-1.734723475976807094e-18
0.000000000000000000e+00,0.000000000000000000e+00,0.000000000000000000e+00,-1.113599999999936863e-03,-1.590650000000000744e-03,-1.734723475976807094e-18
0.000000000000000000e+00,0.000000000000000000e+00,0.000000000000000000e+00,-1.113599999999936863e-03,-1.590650000000000744e-03,-1.734723475976807094e-18
0.000000000000000000e+00,0.000000000000000000e+00,0.000000000000000000e+00,-1.113440000000021080e-03,-1.590760000000000091e-03,-1.734723475976807094e-18
0.000000000000000000e+00,0.000000000000000000e+00,0.000000000000000000e+00,-1.114280000000023030e-03,-1.690759999999999486e-03,-1.734723475976807094e-18
0.000000000000000000e+00,0.000000000000000000e+00,0.000000000000000000e+00,-1.114280000000023030e-03,-1.690759999999999486e-03,-1.734723475976807094e-18
0.000000000000000000e+00,0.000000000000000000e+00,0.000000000000000000e+00,-1.114280000000023030e-03,-1.690759999999999486e-03,-1.734723475976807094e-18
0.000000000000000000e+00,0.000000000000000000e+00,0.000000000000000000e+00,-1.114109999999945977e-03,-1.690870000000000567e-03,-1.734723475976807094e-18
0.000000000000000000e+00,0.000000000000000000e+00,0.000000000000000000e+00,-1.114109999999945977e-03,-1.690870000000000567e-03,-1.734723475976807094e-18
0.000000000000000000e+00,0.000000000000000000e+00,0.000000000000000000e+00,-1.214109999999934963e-03,-1.690040000000000292e-03,-1.734723475976807094e-18
0.000000000000000000e+00,0.000000000000000000e+00,0.000000000000000000e+00,-1.213939999999968933e-03,-1.690159999999999579e-03,-1.734723475976807094e-18
0.000000000000000000e+00,0.000000000000000000e+00,0.000000000000000000e+00,-1.213939999999968933e-03,-1.690159999999999579e-03,-1.734723475976807094e-18
0.000000000000000000e+00,0.000000000000000000e+00,0.000000000000000000e+00,-1.213939999999968933e-03,-1.690159999999999579e-03,-1.734723475976807094e-18
0.000000000000000000e+00,0.000000000000000000e+00,0.000000000000000000e+00,-1.214759999999981410e-03,-1.790159999999998974e-03,-1.734723475976807094e-18
0.000000000000000000e+00,0.000000000000000000e+00,0.000000000000000000e+00,-1.214579999999965132e-03,-1.790279999999999996e-03,-1.734723475976807094e-18
0.000000000000000000e+00,0.000000000000000000e+00,0.000000000000000000e+00,-1.214579999999965132e-03,-1.790279999999999996e-03,-1.734723475976807094e-18
0.000000000000000000e+00,0.000000000000000000e+00,0.000000000000000000e+00,-1.214579999999965132e-03,-1.790279999999999996e-03,-1.734723475976807094e-18
0.000000000000000000e+00,0.000000000000000000e+00,0.000000000000000000e+00,-1.214579999999965132e-03,-1.790279999999999996e-03,-1.734723475976807094e-18
0.000000000000000000e+00,0.000000000000000000e+00,0.000000000000000000e+00,-1.314399999999937840e-03,-1.789600000000000565e-03,-1.734723475976807094e-18
0.000000000000000000e+00,0.000000000000000000e+00,0.000000000000000000e+00,-1.314399999999937840e-03,-1.789600000000000565e-03,-1.734723475976807094e-18
0.000000000000000000e+00,0.000000000000000000e+00,0.000000000000000000e+00,-1.314399999999937840e-03,-1.789600000000000565e-03,-1.734723475976807094e-18
0.000000000000000000e+00,0.000000000000000000e+00,0.000000000000000000e+00,-1.314219999999921562e-03,-1.789729999999999793e-03,-1.734723475976807094e-18
0.000000000000000000e+00,0.000000000000000000e+00,0.000000000000000000e+00,-1.314219999999921562e-03,-1.789729999999999793e-03,-1.734723475976807094e-18
0.000000000000000000e+00,0.000000000000000000e+00,0.000000000000000000e+00,-1.315010000000005341e-03,-1.889730000000000923e-03,-1.734723475976807094e-18
0.000000000000000000e+00,0.000000000000000000e+00,0.000000000000000000e+00,-1.315010000000005341e-03,-1.889730000000000923e-03,-1.734723475976807094e-18
0.000000000000000000e+00,0.000000000000000000e+00,0.000000000000000000e+00,-1.314819999999938815e-03,-1.889860000000000151e-03,-1.734723475976807094e-18
0.000000000000000000e+00,0.000000000000000000e+00,0.000000000000000000e+00,-1.314819999999938815e-03,-1.889860000000000151e-03,-1.734723475976807094e-18
0.000000000000000000e+00,0.000000000000000000e+00,0.000000000000000000e+00,-1.414819999999927802e-03,-1.889080000000001314e-03,-1.734723475976807094e-18
0.000000000000000000e+00,0.000000000000000000e+00,0.000000000000000000e+00,-1.414629999999972298e-03,-1.889220000000000482e-03,-1.734723475976807094e-18
0.000000000000000000e+00,0.000000000000000000e+00,0.000000000000000000e+00,-1.414629999999972298e-03,-1.889220000000000482e-03,-1.734723475976807094e-18
0.000000000000000000e+00,0.000000000000000000e+00,0.000000000000000000e+00,-1.414629999999972298e-03,-1.889220000000000482e-03,-1.734723475976807094e-18
0.000000000000000000e+00,0.000000000000000000e+00,0.000000000000000000e+00,-1.414439999999905773e-03,-1.889360000000000518e-03,-1.734723475976807094e-18
0.000000000000000000e+00,0.000000000000000000e+00,0.000000000000000000e+00,-1.414439999999905773e-03,-1.889360000000000518e-03,-1.734723475976807094e-18
0.000000000000000000e+00,0.000000000000000000e+00,0.000000000000000000e+00,-1.414439999999905773e-03,-1.889360000000000518e-03,-1.734723475976807094e-18
0.000000000000000000e+00,0.000000000000000000e+00,0.000000000000000000e+00,-1.414999999999944080e-03,-1.989499999999999949e-03,-1.734723475976807094e-18
0.000000000000000000e+00,0.000000000000000000e+00,0.000000000000000000e+00,-1.414999999999944080e-03,-1.989499999999999949e-03,-1.734723475976807094e-18
0.000000000000000000e+00,0.000000000000000000e+00,0.000000000000000000e+00,-1.414999999999944080e-03,-1.989499999999999949e-03,-1.734723475976807094e-18
0.000000000000000000e+00,0.000000000000000000e+00,0.000000000000000000e+00,-1.414999999999944080e-03,-1.989499999999999949e-03,-1.734723475976807094e-18
0.000000000000000000e+00,0.000000000000000000e+00,0.000000000000000000e+00,-1.514799999999927316e-03,-1.988900000000000043e-03,-1.734723475976807094e-18
0.000000000000000000e+00,0.000000000000000000e+00,0.000000000000000000e+00,-1.514799999999927316e-03,-1.988900000000000043e-03,-1.734723475976807094e-18
0.000000000000000000e+00,0.000000000000000000e+00,0.000000000000000000e+00,-1.514799999999927316e-03,-1.988900000000000043e-03,-1.734723475976807094e-18
0.000000000000000000e+00,0.000000000000000000e+00,0.000000000000000000e+00,-1.514599999999921565e-03,-1.989050000000000019e-03,-1.734723475976807094e-18
0.000000000000000000e+00,0.000000000000000000e+00,0.000000000000000000e+00,-1.514599999999921565e-03,-1.989050000000000019e-03,-1.734723475976807094e-18
0.000000000000000000e+00,0.000000000000000000e+00,0.000000000000000000e+00,-1.514599999999921565e-03,-1.989050000000000019e-03,-1.734723475976807094e-18
0.000000000000000000e+00,0.000000000000000000e+00,0.000000000000000000e+00,-1.514399999999915813e-03,-1.989200000000001731e-03,-1.734723475976807094e-18
0.000000000000000000e+00,0.000000000000000000e+00,0.000000000000000000e+00,-1.515119999999980926e-03,-2.089200000000001126e-03,-1.734723475976807094e-18
0.000000000000000000e+00,0.000000000000000000e+00,0.000000000000000000e+00,-1.515119999999980926e-03,-2.089200000000001126e-03,-1.734723475976807094e-18
0.000000000000000000e+00,0.000000000000000000e+00,0.000000000000000000e+00,-1.514909999999924928e-03,-2.089350000000000235e-03,-1.734723475976807094e-18
0.000000000000000000e+00,0.000000000000000000e+00,0.000000000000000000e+00,-1.514909999999924928e-03,-2.089350000000000235e-03,-1.734723475976807094e-18
0.000000000000000000e+00,0.000000000000000000e+00,0.000000000000000000e+00,-1.614910000000024937e-03,-2.088639999999999247e-03,-1.734723475976807094e-18
0.000000000000000000e+00,0.000000000000000000e+00,0.000000000000000000e+00,-1.614700000000079960e-03,-2.088799999999999164e-03,-1.734723475976807094e-18
0.000000000000000000e+00,0.000000000000000000e+00,0.000000000000000000e+00,-1.614700000000079960e-03,-2.088799999999999164e-03,-1.734723475976807094e-18
0.000000000000000000e+00,0.000000000000000000e+00,0.000000000000000000e+00,-1.614490000000023961e-03,-2.088959999999999081e-03,-1.734723475976807094e-18
0.000000000000000000e+00,0.000000000000000000e+00,0.000000000000000000e+00,-1.614490000000023961e-03,-2.088959999999999081e-03,-1.734723475976807094e-18
0.000000000000000000e+00,0.000000000000000000e+00,0.000000000000000000e+00,-1.614490000000023961e-03,-2.088959999999999081e-03,-1.734723475976807094e-18
0.000000000000000000e+00,0.000000000000000000e+00,0.000000000000000000e+00,-1.614280000000078985e-03,-2.089119999999998999e-03,-1.734723475976807094e-18
0.000000000000000000e+00,0.000000000000000000e+00,0.000000000000000000e+00,-1.614280000000078985e-03,-2.089119999999998999e-03,-1.734723475976807094e-18
0.000000000000000000e+00,0.000000000000000000e+00,0.000000000000000000e+00,-1.614280000000078985e-03,-2.089119999999998999e-03,-1.734723475976807094e-18
0.000000000000000000e+00,0.000000000000000000e+00,0.000000000000000000e+00,-1.614070000000022986e-03,-2.089279999999999783e-03,-1.734723475976807094e-18
0.000000000000000000e+00,0.000000000000000000e+00,0.000000000000000000e+00,-1.614740000000058906e-03,-2.189279999999999178e-03,-1.734723475976807094e-18
0.000000000000000000e+00,0.000000000000000000e+00,0.000000000000000000e+00,-1.614740000000058906e-03,-2.189279999999999178e-03,-1.734723475976807094e-18
0.000000000000000000e+00,0.000000000000000000e+00,0.000000000000000000e+00,-1.614520000000063682e-03,-2.189439999999999095e-03,-1.734723475976807094e-18
0.000000000000000000e+00,0.000000000000000000e+00,0.000000000000000000e+00,-1.714520000000052669e-03,-2.188779999999999545e-03,-1.734723475976807094e-18
0.000000000000000000e+00,0.000000000000000000e+00,0.000000000000000000e+00,-1.714300000000057445e-03,-2.188949999999999403e-03,-1.734723475976807094e-18
0.000000000000000000e+00,0.000000000000000000e+00,0.000000000000000000e+00,-1.714300000000057445e-03,-2.188949999999999403e-03,-1.734723475976807094e-18
0.000000000000000000e+00,0.000000000000000000e+00,0.000000000000000000e+00,-1.714300000000057445e-03,-2.188949999999999403e-03,-1.734723475976807094e-18
0.000000000000000000e+00,0.000000000000000000e+00,0.000000000000000000e+00,-1.714080000000062221e-03,-2.189120000000000128e-03,-1.734723475976807094e-18
0.000000000000000000e+00,0.000000000000000000e+00,0.000000000000000000e+00,-1.714080000000062221e-03,-2.189120000000000128e-03,-1.734723475976807094e-18
0.000000000000000000e+00,0.000000000000000000e+00,0.000000000000000000e+00,-1.714080000000062221e-03,-2.189120000000000128e-03,-1.734723475976807094e-18
0.000000000000000000e+00,0.000000000000000000e+00,0.000000000000000000e+00,-1.713860000000066997e-03,-2.189289999999999986e-03,-1.734723475976807094e-18
0.000000000000000000e+00,0.000000000000000000e+00,0.000000000000000000e+00,-1.713860000000066997e-03,-2.189289999999999986e-03,-1.734723475976807094e-18
0.000000000000000000e+00,0.000000000000000000e+00,0.000000000000000000e+00,-1.713640000000071772e-03,-2.189459999999999844e-03,-1.734723475976807094e-18
0.000000000000000000e+00,0.000000000000000000e+00,0.000000000000000000e+00,-1.713640000000071772e-03,-2.189459999999999844e-03,-1.734723475976807094e-18
0.000000000000000000e+00,0.000000000000000000e+00,0.000000000000000000e+00,-1.713640000000071772e-03,-2.189459999999999844e-03,-1.734723475976807094e-18
0.000000000000000000e+00,0.000000000000000000e+00,0.000000000000000000e+00,-1.713420000000076548e-03,-2.189630000000000569e-03,-1.734723475976807094e-18
0.000000000000000000e+00,0.000000000000000000e+00,0.000000000000000000e+00,-1.713420000000076548e-03,-2.189630000000000569e-03,-1.734723475976807094e-18
0.000000000000000000e+00,0.000000000000000000e+00,0.000000000000000000e+00,-1.814030000000022014e-03,-2.289020000000000117e-03,-1.734723475976807094e-18
0.000000000000000000e+00,0.000000000000000000e+00,0.000000000000000000e+00,-1.813799999999976542e-03,-2.289199999999999915e-03,-1.734723475976807094e-18
0.000000000000000000e+00,0.000000000000000000e+00,0.000000000000000000e+00,-1.813799999999976542e-03,-2.289199999999999915e-03,-1.734723475976807094e-18
0.000000000000000000e+00,0.000000000000000000e+00,0.000000000000000000e+00,-1.813570000000042093e-03,-2.289379999999999714e-03,-1.734723475976807094e-18
0.000000000000000000e+00,0.000000000000000000e+00,0.000000000000000000e+00,-1.813570000000042093e-03,-2.289379999999999714e-03,-1.734723475976807094e-18
0.000000000000000000e+00,0.000000000000000000e+00,0.000000000000000000e+00,-1.813570000000042093e-03,-2.289379999999999714e-03,-1.734723475976807094e-18
0.000000000000000000e+00,0.000000000000000000e+00,0.000000000000000000e+00,-1.813339999999996621e-03,-2.289559999999999512e-03,-1.734723475976807094e-18
0.000000000000000000e+00,0.000000000000000000e+00,0.000000000000000000e+00,-1.813339999999996621e-03,-2.289559999999999512e-03,-1.734723475976807094e-18
0.000000000000000000e+00,0.000000000000000000e+00,0.000000000000000000e+00,-1.813110000000062172e-03,-2.289740000000000178e-03,-1.734723475976807094e-18
0.000000000000000000e+00,0.000000000000000000e+00,0.000000000000000000e+00,-1.813110000000062172e-03,-2.289740000000000178e-03,-1.734723475976807094e-18
0.000000000000000000e+00,0.000000000000000000e+00,0.000000000000000000e+00,-1.813110000000062172e-03,-2.289740000000000178e-03,-1.734723475976807094e-18
0.000000000000000000e+00,0.000000000000000000e+00,0.000000000000000000e+00,-1.812880000000016700e-03,-2.289919999999999976e-03,-1.734723475976807094e-18
0.000000000000000000e+00,0.000000000000000000e+00,0.000000000000000000e+00,-1.812880000000016700e-03,-2.289919999999999976e-03,-1.734723475976807094e-18
0.000000000000000000e+00,0.000000000000000000e+00,0.000000000000000000e+00,-1.812649999999971229e-03,-2.290099999999999775e-03,-1.734723475976807094e-18
0.000000000000000000e+00,0.000000000000000000e+00,0.000000000000000000e+00,-1.812649999999971229e-03,-2.290099999999999775e-03,-1.734723475976807094e-18
0.000000000000000000e+00,0.000000000000000000e+00,0.000000000000000000e+00,-1.812420000000036779e-03,-2.290279999999999573e-03,-1.734723475976807094e-18
0.000000000000000000e+00,0.000000000000000000e+00,0.000000000000000000e+00,-1.812420000000036779e-03,-2.290279999999999573e-03,-1.734723475976807094e-18
0.000000000000000000e+00,0.000000000000000000e+00,0.000000000000000000e+00,-1.812420000000036779e-03,-2.290279999999999573e-03,-1.734723475976807094e-18
0.000000000000000000e+00,0.000000000000000000e+00,0.000000000000000000e+00,-1.812189999999991308e-03,-2.290460000000000239e-03,-1.734723475976807094e-18
0.000000000000000000e+00,0.000000000000000000e+00,0.000000000000000000e+00,-1.812189999999991308e-03,-2.290460000000000239e-03,-1.734723475976807094e-18
0.000000000000000000e+00,0.000000000000000000e+00,0.000000000000000000e+00,-1.911960000000045845e-03,-2.290119999999999656e-03,-1.734723475976807094e-18
0.000000000000000000e+00,0.000000000000000000e+00,0.000000000000000000e+00,-1.911960000000045845e-03,-2.290119999999999656e-03,-1.734723475976807094e-18
0.000000000000000000e+00,0.000000000000000000e+00,0.000000000000000000e+00,-1.911960000000045845e-03,-2.290119999999999656e-03,-1.734723475976807094e-18
0.000000000000000000e+00,0.000000000000000000e+00,0.000000000000000000e+00,-1.911730000000000373e-03,-2.290310000000000262e-03,-1.734723475976807094e-18
0.000000000000000000e+00,0.000000000000000000e+00,0.000000000000000000e+00,-1.911730000000000373e-03,-2.290310000000000262e-03,-1.734723475976807094e-18
0.000000000000000000e+00,0.000000000000000000e+00,0.000000000000000000e+00,-1.911500000000065924e-03,-2.290500000000000001e-03,-1.734723475976807094e-18
0.000000000000000000e+00,0.000000000000000000e+00,0.000000000000000000e+00,-1.911500000000065924e-03,-2.290500000000000001e-03,-1.734723475976807094e-18
0.000000000000000000e+00,0.000000000000000000e+00,0.000000000000000000e+00,-1.911270000000020453e-03,-2.290689999999999740e-03,-1.734723475976807094e-18
0.000000000000000000e+00,0.000000000000000000e+00,0.000000000000000000e+00,-1.911270000000020453e-03,-2.290689999999999740e-03,-1.734723475976807094e-18
0.000000000000000000e+00,0.000000000000000000e+00,0.000000000000000000e+00,-1.911520000000055397e-03,-2.390879999999998874e-03,-1.734723475976807094e-18
0.000000000000000000e+00,0.000000000000000000e+00,0.000000000000000000e+00,-1.911520000000055397e-03,-2.390879999999998874e-03,-1.734723475976807094e-18
0.000000000000000000e+00,0.000000000000000000e+00,0.000000000000000000e+00,-1.911520000000055397e-03,-2.390879999999998874e-03,-1.734723475976807094e-18
0.000000000000000000e+00,0.000000000000000000e+00,0.000000000000000000e+00,-1.911279999999959678e-03,-2.391069999999999481e-03,-1.734723475976807094e-18
0.000000000000000000e+00,0.000000000000000000e+00,0.000000000000000000e+00,-1.911279999999959678e-03,-2.391069999999999481e-03,-1.734723475976807094e-18
0.000000000000000000e+00,0.000000000000000000e+00,0.000000000000000000e+00,-1.911039999999974981e-03,-2.391259999999999220e-03,-1.734723475976807094e-18
0.000000000000000000e+00,0.000000000000000000e+00,0.000000000000000000e+00,-1.911039999999974981e-03,-2.391259999999999220e-03,-1.734723475976807094e-18
0.000000000000000000e+00,0.000000000000000000e+00,0.000000000000000000e+00,-1.910799999999990284e-03,-2.391449999999998959e-03,-1.734723475976807094e-18
0.000000000000000000e+00,0.000000000000000000e+00,0.000000000000000000e+00,-1.910799999999990284e-03,-2.391449999999998959e-03,-1.734723475976807094e-18
0.000000000000000000e+00,0.000000000000000000e+00,0.000000000000000000e+00,-1.910560000000005587e-03,-2.391639999999999565e-03,-1.734723475976807094e-18
0.000000000000000000e+00,0.000000000000000000e+00,0.000000000000000000e+00,-1.910560000000005587e-03,-2.391639999999999565e-03,-1.734723475976807094e-18
0.000000000000000000e+00,0.000000000000000000e+00,0.000000000000000000e+00,-1.910560000000005587e-03,-2.391639999999999565e-03,-1.734723475976807094e-18
0.000000000000000000e+00,0.000000000000000000e+00,0.000000000000000000e+00,-1.910320000000020890e-03,-2.391829999999999304e-03,-1.734723475976807094e-18
0.000000000000000000e+00,0.000000000000000000e+00,0.000000000000000000e+00,-1.910320000000020890e-03,-2.391829999999999304e-03,-1.734723475976807094e-18
0.000000000000000000e+00,0.000000000000000000e+00,0.000000000000000000e+00,-1.910080000000036193e-03,-2.392019999999999043e-03,-1.734723475976807094e-18
0.000000000000000000e+00,0.000000000000000000e+00,0.000000000000000000e+00,-1.910080000000036193e-03,-2.392019999999999043e-03,-1.734723475976807094e-18
0.000000000000000000e+00,0.000000000000000000e+00,0.000000000000000000e+00,-1.909840000000051496e-03,-2.392209999999999649e-03,-1.734723475976807094e-18
0.000000000000000000e+00,0.000000000000000000e+00,0.000000000000000000e+00,-1.909840000000051496e-03,-2.392209999999999649e-03,-1.734723475976807094e-18
0.000000000000000000e+00,0.000000000000000000e+00,0.000000000000000000e+00,-1.909600000000066800e-03,-2.392399999999999388e-03,-1.734723475976807094e-18
0.000000000000000000e+00,0.000000000000000000e+00,0.000000000000000000e+00,-1.909600000000066800e-03,-2.392399999999999388e-03,-1.734723475976807094e-18
0.000000000000000000e+00,0.000000000000000000e+00,0.000000000000000000e+00,-1.909359999999971080e-03,-2.392589999999999127e-03,-1.734723475976807094e-18
0.000000000000000000e+00,0.000000000000000000e+00,0.000000000000000000e+00,-1.909359999999971080e-03,-2.392589999999999127e-03,-1.734723475976807094e-18
0.000000000000000000e+00,0.000000000000000000e+00,0.000000000000000000e+00,-1.909119999999986383e-03,-2.392780000000000167e-03,-1.734723475976807094e-18
0.000000000000000000e+00,0.000000000000000000e+00,0.000000000000000000e+00,-1.909119999999986383e-03,-2.392780000000000167e-03,-1.734723475976807094e-18
0.000000000000000000e+00,0.000000000000000000e+00,0.000000000000000000e+00,-1.909119999999986383e-03,-2.392780000000000167e-03,-1.734723475976807094e-18
0.000000000000000000e+00,0.000000000000000000e+00,0.000000000000000000e+00,-1.908880000000001687e-03,-2.392969999999999473e-03,-1.734723475976807094e-18
0.000000000000000000e+00,0.000000000000000000e+00,0.000000000000000000e+00,-1.908880000000001687e-03,-2.392969999999999473e-03,-1.734723475976807094e-18
0.000000000000000000e+00,0.000000000000000000e+00,0.000000000000000000e+00,-1.908640000000016990e-03,-2.393159999999999211e-03,-1.734723475976807094e-18
0.000000000000000000e+00,0.000000000000000000e+00,0.000000000000000000e+00,-1.908640000000016990e-03,-2.393159999999999211e-03,-1.734723475976807094e-18
0.000000000000000000e+00,0.000000000000000000e+00,0.000000000000000000e+00,-1.908400000000032293e-03,-2.393350000000000252e-03,-1.734723475976807094e-18
0.000000000000000000e+00,0.000000000000000000e+00,0.000000000000000000e+00,-2.008400000000021279e-03,-2.392999999999999728e-03,-1.734723475976807094e-18
0.000000000000000000e+00,0.000000000000000000e+00,0.000000000000000000e+00,-2.008160000000036582e-03,-2.393200000000000275e-03,-1.734723475976807094e-18
0.000000000000000000e+00,0.000000000000000000e+00,0.000000000000000000e+00,-2.008160000000036582e-03,-2.393200000000000275e-03,-1.734723475976807094e-18
0.000000000000000000e+00,0.000000000000000000e+00,0.000000000000000000e+00,-2.007920000000051886e-03,-2.393399999999999521e-03,-1.734723475976807094e-18
0.000000000000000000e+00,0.000000000000000000e+00,0.000000000000000000e+00,-2.007589999999948027e-03,-2.293400000000000126e-03,-1.734723475976807094e-18
0.000000000000000000e+00,0.000000000000000000e+00,0.000000000000000000e+00,-2.007360000000013578e-03,-2.293599999999999372e-03,-1.734723475976807094e-18
0.000000000000000000e+00,0.000000000000000000e+00,0.000000000000000000e+00,-2.007360000000013578e-03,-2.293599999999999372e-03,-1.734723475976807094e-18
0.000000000000000000e+00,0.000000000000000000e+00,0.000000000000000000e+00,-1.907129999999979120e-03,-2.294109999999999813e-03,-1.734723475976807094e-18
0.000000000000000000e+00,0.000000000000000000e+00,0.000000000000000000e+00,-2.007129999999968106e-03,-2.293799999999999919e-03,-1.734723475976807094e-18
0.000000000000000000e+00,0.000000000000000000e+00,0.000000000000000000e+00,-1.906900000000044670e-03,-2.294299999999999985e-03,-1.734723475976807094e-18
0.000000000000000000e+00,0.000000000000000000e+00,0.000000000000000000e+00,-1.906900000000044670e-03,-2.294299999999999985e-03,-1.734723475976807094e-18
0.000000000000000000e+00,0.000000000000000000e+00,0.000000000000000000e+00,-1.906669999999999199e-03,-2.294489999999999724e-03,-1.734723475976807094e-18
0.000000000000000000e+00,0.000000000000000000e+00,0.000000000000000000e+00,-1.906669999999999199e-03,-2.294489999999999724e-03,-1.734723475976807094e-18
0.000000000000000000e+00,0.000000000000000000e+00,0.000000000000000000e+00,-1.906440000000064749e-03,-2.294679999999999897e-03,-1.734723475976807094e-18
0.000000000000000000e+00,0.000000000000000000e+00,0.000000000000000000e+00,-1.906440000000064749e-03,-2.294679999999999897e-03,-1.734723475976807094e-18
0.000000000000000000e+00,0.000000000000000000e+00,0.000000000000000000e+00,-1.906210000000019278e-03,-2.294870000000000070e-03,-1.734723475976807094e-18
0.000000000000000000e+00,0.000000000000000000e+00,0.000000000000000000e+00,-1.906210000000019278e-03,-2.294870000000000070e-03,-1.734723475976807094e-18
0.000000000000000000e+00,0.000000000000000000e+00,0.000000000000000000e+00,-1.905979999999973806e-03,-2.295059999999999809e-03,-1.734723475976807094e-18
0.000000000000000000e+00,0.000000000000000000e+00,0.000000000000000000e+00,-1.905979999999973806e-03,-2.295059999999999809e-03,-1.734723475976807094e-18
0.000000000000000000e+00,0.000000000000000000e+00,0.000000000000000000e+00,-1.905750000000039357e-03,-2.295249999999999981e-03,-1.734723475976807094e-18
0.000000000000000000e+00,0.000000000000000000e+00,0.000000000000000000e+00,-1.905750000000039357e-03,-2.295249999999999981e-03,-1.734723475976807094e-18
0.000000000000000000e+00,0.000000000000000000e+00,0.000000000000000000e+00,-1.905519999999993885e-03,-2.295439999999999720e-03,-1.734723475976807094e-18
0.000000000000000000e+00,0.000000000000000000e+00,0.000000000000000000e+00,-1.905519999999993885e-03,-2.295439999999999720e-03,-1.734723475976807094e-18
0.000000000000000000e+00,0.000000000000000000e+00,0.000000000000000000e+00,-1.905290000000059436e-03,-2.295629999999999893e-03,-1.734723475976807094e-18
0.000000000000000000e+00,0.000000000000000000e+00,0.000000000000000000e+00,-1.905290000000059436e-03,-2.295629999999999893e-03,-1.734723475976807094e-18
0.000000000000000000e+00,0.000000000000000000e+00,0.000000000000000000e+00,-1.905060000000013964e-03,-2.295820000000000066e-03,-8.305206241305401749e-06
0.000000000000000000e+00,0.000000000000000000e+00,0.000000000000000000e+00,-1.905060000000013964e-03,-2.295820000000000066e-03,-3.310915832667113423e-05
0.000000000000000000e+00,0.000000000000000000e+00,0.000000000000000000e+00,-1.904829999999968493e-03,-2.296009999999999805e-03,2.575564370170188577e-05
0.000000000000000000e+00,0.000000000000000000e+00,0.000000000000000000e+00,-1.904829999999968493e-03,-2.296009999999999805e-03,-3.154330019837330024e-05
0.000000000000000000e+00,0.000000000000000000e+00,0.000000000000000000e+00,-1.904600000000034044e-03,-2.296199999999999977e-03,-4.838490069094744661e-06
0.000000000000000000e+00,0.000000000000000000e+00,0.000000000000000000e+00,-1.904600000000034044e-03,-2.296199999999999977e-03,6.037574047351723650e-06
0.000000000000000000e+00,0.000000000000000000e+00,0.000000000000000000e+00,-1.904369999999988572e-03,-2.296389999999999716e-03,1.252392108770997159e-06
0.000000000000000000e+00,0.000000000000000000e+00,0.000000000000000000e+00,-1.904369999999988572e-03,-2.296389999999999716e-03,-1.902653592703029695e-05
0.000000000000000000e+00,0.000000000000000000e+00,0.000000000000000000e+00,-1.904140000000054123e-03,-2.296579999999999889e-03,4.536828989775906762e-05
0.000000000000000000e+00,0.000000000000000000e+00,0.000000000000000000e+00,-1.904140000000054123e-03,-2.296579999999999889e-03,-5.395630459054806538e-06
0.000000000000000000e+00,0.000000000000000000e+00,0.000000000000000000e+00,-1.903740000000042620e-03,-2.196769999999999799e-03,2.884920296033349763e-05
0.000000000000000000e+00,0.000000000000000000e+00,0.000000000000000000e+00,-1.903740000000042620e-03,-2.196769999999999799e-03,4.827029011373121237e-05
0.000000000000000000e+00,0.000000000000000000e+00,0.000000000000000000e+00,-1.903520000000047396e-03,-2.196960000000000406e-03,5.303513095895537321e-05
0.000000000000000000e+00,0.000000000000000000e+00,0.000000000000000000e+00,-1.903520000000047396e-03,-2.196960000000000406e-03,4.331122545380219901e-05
0.000000000000000000e+00,0.000000000000000000e+00,0.000000000000000000e+00,-1.903300000000052172e-03,-2.197150000000000145e-03,1.926607355608178640e-05
0.000000000000000000e+00,0.000000000000000000e+00,0.000000000000000000e+00,-1.903300000000052172e-03,-2.197150000000000145e-03,-1.893282477639229855e-05
0.000000000000000000e+00,0.000000000000000000e+00,0.000000000000000000e+00,-1.903080000000056948e-03,-2.197339999999999884e-03,2.888203041418596628e-05
0.000000000000000000e+00,0.000000000000000000e+00,0.000000000000000000e+00,-1.903080000000056948e-03,-2.197339999999999884e-03,6.287813908562034371e-05
0.000000000000000000e+00,0.000000000000000000e+00,0.000000000000000000e+00,-1.902860000000061724e-03,-2.197530000000000056e-03,-1.677699880427846457e-05
0.000000000000000000e+00,0.000000000000000000e+00,0.000000000000000000e+00,-1.902860000000061724e-03,-2.197530000000000056e-03,-9.915883297701572063e-06
0.000000000000000000e+00,0.000000000000000000e+00,0.000000000000000000e+00,-1.802640000000077514e-03,-2.197840000000000384e-03,-1.637101443684868540e-05
0.000000000000000000e+00,0.000000000000000000e+00,0.000000000000000000e+00,-1.802640000000077514e-03,-2.197840000000000384e-03,6.402510773610009531e-05
0.000000000000000000e+00,0.000000000000000000e+00,0.000000000000000000e+00,-1.802520000000029654e-03,-2.097840000000000121e-03,3.143998317894219907e-05
0.000000000000000000e+00,0.000000000000000000e+00,0.000000000000000000e+00,-1.802309999999973655e-03,-2.098019999999999920e-03,-1.395888815050594367e-05
0.000000000000000000e+00,0.000000000000000000e+00,0.000000000000000000e+00,-1.802309999999973655e-03,-2.098019999999999920e-03,2.799599370555475031e-05
0.000000000000000000e+00,0.000000000000000000e+00,0.000000000000000000e+00,-1.802100000000028679e-03,-2.098199999999999718e-03,5.747212870493498271e-05
0.000000000000000000e+00,0.000000000000000000e+00,0.000000000000000000e+00,-1.802100000000028679e-03,-2.098199999999999718e-03,-2.536298319455107531e-05
0.000000000000000000e+00,0.000000000000000000e+00,0.000000000000000000e+00,-1.801889999999972680e-03,-2.098379999999999516e-03,-2.034184203510494560e-05
0.000000000000000000e+00,0.000000000000000000e+00,0.000000000000000000e+00,-1.801889999999972680e-03,-2.098379999999999516e-03,-2.729694785891592645e-05
0.000000000000000000e+00,0.000000000000000000e+00,0.000000000000000000e+00,-1.801680000000027704e-03,-2.098559999999999749e-03,5.393919929182894313e-05
0.000000000000000000e+00,0.000000000000000000e+00,0.000000000000000000e+00,-1.801680000000027704e-03,-2.098559999999999749e-03,2.353409937493403103e-05
0.000000000000000000e+00,0.000000000000000000e+00,0.000000000000000000e+00,-1.801469999999971705e-03,-2.098739999999999981e-03,-1.834474765180157951e-05
0.000000000000000000e+00,0.000000000000000000e+00,0.000000000000000000e+00,-1.801400000000064061e-03,-1.998739999999999718e-03,2.847015816944548083e-05
0.000000000000000000e+00,0.000000000000000000e+00,0.000000000000000000e+00,-1.701200000000069323e-03,-1.998980000000000028e-03,6.414631679647897489e-05
0.000000000000000000e+00,0.000000000000000000e+00,0.000000000000000000e+00,-1.701200000000069323e-03,-1.998980000000000028e-03,-1.114877181290427344e-05
0.000000000000000000e+00,0.000000000000000000e+00,0.000000000000000000e+00,-1.701000000000063572e-03,-1.999149999999999885e-03,2.752392299111561247e-06
0.000000000000000000e+00,0.000000000000000000e+00,0.000000000000000000e+00,-1.701000000000063572e-03,-1.999149999999999885e-03,6.017309090337180644e-06
0.000000000000000000e+00,0.000000000000000000e+00,0.000000000000000000e+00,-1.700800000000057821e-03,-1.999319999999999743e-03,-1.186521481427726954e-06
0.000000000000000000e+00,0.000000000000000000e+00,0.000000000000000000e+00,-1.700800000000057821e-03,-1.999319999999999743e-03,-1.869159945836959547e-05
0.000000000000000000e+00,0.000000000000000000e+00,0.000000000000000000e+00,-1.700600000000052070e-03,-1.999490000000000035e-03,5.366957511732106667e-05
0.000000000000000000e+00,0.000000000000000000e+00,0.000000000000000000e+00,-1.700600000000052070e-03,-1.999490000000000035e-03,1.606450220344515789e-05
0.000000000000000000e+00,0.000000000000000000e+00,0.000000000000000000e+00,-1.700400000000046319e-03,-1.999659999999999892e-03,-3.133931824218089135e-05
0.000000000000000000e+00,0.000000000000000000e+00,0.000000000000000000e+00,-1.700400000000046319e-03,-1.999659999999999892e-03,1.162561373824547162e-05
0.000000000000000000e+00,0.000000000000000000e+00,0.000000000000000000e+00,-1.700200000000040568e-03,-1.999830000000000184e-03,4.512679810252800960e-05
0.000000000000000000e+00,0.000000000000000000e+00,0.000000000000000000e+00,-1.700000000000034817e-03,-1.899999999999999996e-03,-3.066826519151910624e-05
0.000000000000000000e+00,0.000000000000000000e+00,0.000000000000000000e+00,-1.700000000000034817e-03,-1.899999999999999996e-03,-1.559207618609045887e-05
0.000000000000000000e+00,0.000000000000000000e+00,0.000000000000000000e+00,-1.699810000000079313e-03,-1.900170000000000071e-03,-9.477134923375346576e-06
0.000000000000000000e+00,0.000000000000000000e+00,0.000000000000000000e+00,-1.699810000000079313e-03,-1.900170000000000071e-03,-1.215594144557061163e-05
0.000000000000000000e+00,0.000000000000000000e+00,0.000000000000000000e+00,-1.699620000000012787e-03,-1.900340000000000145e-03,-2.346099579486615738e-05
0.000000000000000000e+00,0.000000000000000000e+00,0.000000000000000000e+00,-1.699620000000012787e-03,-1.900340000000000145e-03,5.677520198654750772e-05
0.000000000000000000e+00,0.000000000000000000e+00,0.000000000000000000e+00,-1.699430000000057284e-03,-1.900510000000000003e-03,2.872015185648169044e-05
0.000000000000000000e+00,0.000000000000000000e+00,0.000000000000000000e+00,-1.699430000000057284e-03,-1.900510000000000003e-03,-7.458646227274934315e-06
0.000000000000000000e+00,0.000000000000000000e+00,0.000000000000000000e+00,-1.699239999999990758e-03,-1.900679999999999861e-03,4.840630769310794168e-05
0.000000000000000000e+00,0.000000000000000000e+00,0.000000000000000000e+00,-1.699050000000035254e-03,-1.900849999999999936e-03,-3.517486424575722026e-06
0.000000000000000000e+00,0.000000000000000000e+00,0.000000000000000000e+00,-1.699050000000035254e-03,-1.900849999999999936e-03,3.693747137748643050e-05
0.000000000000000000e+00,0.000000000000000000e+00,0.000000000000000000e+00,-1.698860000000079751e-03,-1.901019999999999793e-03,-3.006131894289082451e-05
0.000000000000000000e+00,0.000000000000000000e+00,0.000000000000000000e+00,-1.698670000000013225e-03,-1.901190000000000085e-03,-4.346357427902070025e-06
0.000000000000000000e+00,0.000000000000000000e+00,0.000000000000000000e+00,-1.698670000000013225e-03,-1.901190000000000085e-03,1.424985588024257899e-05
0.000000000000000000e+00,0.000000000000000000e+00,0.000000000000000000e+00,-1.698480000000057721e-03,-1.901359999999999943e-03,2.589482093937056639e-05
0.000000000000000000e+00,0.000000000000000000e+00,0.000000000000000000e+00,-1.698289999999991196e-03,-1.901530000000000017e-03,3.075603770728158048e-05
0.000000000000000000e+00,0.000000000000000000e+00,0.000000000000000000e+00,-1.698289999999991196e-03,-1.901530000000000017e-03,2.900100614179612624e-05
0.000000000000000000e+00,0.000000000000000000e+00,0.000000000000000000e+00,-1.698000000000088328e-03,-2.001700000000000354e-03,2.079722620069307526e-05
0.000000000000000000e+00,0.000000000000000000e+00,0.000000000000000000e+00,-1.697800000000082576e-03,-2.001870000000000212e-03,6.312197841813749211e-06
0.000000000000000000e+00,0.000000000000000000e+00,0.000000000000000000e+00,-1.697800000000082576e-03,-2.001870000000000212e-03,-1.428657897705604141e-05
0.000000000000000000e+00,0.000000000000000000e+00,0.000000000000000000e+00,-1.697600000000076825e-03,-2.002040000000000070e-03,5.916839570189319497e-05
0.000000000000000000e+00,0.000000000000000000e+00,0.000000000000000000e+00,-1.697400000000071074e-03,-2.002209999999999927e-03,2.684462183649011235e-05
0.000000000000000000e+00,0.000000000000000000e+00,0.000000000000000000e+00,-1.697400000000071074e-03,-2.002209999999999927e-03,-1.109040061549049216e-05
0.000000000000000000e+00,0.000000000000000000e+00,0.000000000000000000e+00,-1.697200000000065323e-03,-2.002379999999999785e-03,4.553082830379556745e-05
0.000000000000000000e+00,0.000000000000000000e+00,0.000000000000000000e+00,-1.797000000000048558e-03,-2.002700000000000053e-03,-3.124191447892443740e-06
0.000000000000000000e+00,0.000000000000000000e+00,0.000000000000000000e+00,-1.796800000000042807e-03,-2.002880000000000285e-03,4.311204008730640247e-05
0.000000000000000000e+00,0.000000000000000000e+00,0.000000000000000000e+00,-1.796430000000071026e-03,-2.103059999999999912e-03,-1.559297713282781217e-05
0.000000000000000000e+00,0.000000000000000000e+00,0.000000000000000000e+00,-1.796430000000071026e-03,-2.103059999999999912e-03,2.092825684951726828e-05
0.000000000000000000e+00,0.000000000000000000e+00,0.000000000000000000e+00,-1.796220000000015027e-03,-2.103240000000000144e-03,5.284324199214540663e-05
0.000000000000000000e+00,0.000000000000000000e+00,0.000000000000000000e+00,-1.796010000000070050e-03,-2.103419999999999943e-03,-1.968052174714657321e-05
0.000000000000000000e+00,0.000000000000000000e+00,0.000000000000000000e+00,-1.795800000000014052e-03,-2.103599999999999741e-03,3.524465589481440286e-06
0.000000000000000000e+00,0.000000000000000000e+00,0.000000000000000000e+00,-1.895590000000058062e-03,-2.103990000000000027e-03,2.262570395981239324e-05
0.000000000000000000e+00,0.000000000000000000e+00,0.000000000000000000e+00,-1.895160000000006839e-03,-2.204180000000000028e-03,3.779069332165985173e-05
0.000000000000000000e+00,0.000000000000000000e+00,0.000000000000000000e+00,-1.894940000000011615e-03,-2.204370000000000201e-03,4.918693363283044295e-05
0.000000000000000000e+00,0.000000000000000000e+00,0.000000000000000000e+00,-1.894940000000011615e-03,-2.204370000000000201e-03,5.698192485115161077e-05
0.000000000000000000e+00,0.000000000000000000e+00,0.000000000000000000e+00,-1.894720000000016391e-03,-2.204560000000000373e-03,6.134316693439528789e-05
0.000000000000000000e+00,0.000000000000000000e+00,0.000000000000000000e+00,-1.994249999999975209e-03,-2.304999999999999757e-03,6.243815984038891820e-05
0.000000000000000000e+00,0.000000000000000000e+00,0.000000000000000000e+00,-1.994020000000040760e-03,-2.305199999999999871e-03,6.043440352692525108e-05
0.000000000000000000e+00,0.000000000000000000e+00,0.000000000000000000e+00,-1.993789999999995288e-03,-2.305399999999999984e-03,5.549939795185254710e-05
0.000000000000000000e+00,0.000000000000000000e+00,0.000000000000000000e+00,-1.993279999999986174e-03,-2.405599999999999926e-03,4.780064307293580006e-05
0.000000000000000000e+00,0.000000000000000000e+00,0.000000000000000000e+00,-2.093039999999990464e-03,-2.406089999999999618e-03,3.750563884800939274e-05
0.000000000000000000e+00,0.000000000000000000e+00,0.000000000000000000e+00,-2.092800000000005767e-03,-2.406299999999999672e-03,2.478188523486607453e-05
0.000000000000000000e+00,0.000000000000000000e+00,0.000000000000000000e+00,-1.992250000000028720e-03,-2.506200000000000094e-03,9.796882191326350409e-06
0.000000000000000000e+00,0.000000000000000000e+00,0.000000000000000000e+00,-1.892000000000004789e-03,-2.506079999999999940e-03,-7.281870324837846908e-06
0.000000000000000000e+00,0.000000000000000000e+00,0.000000000000000000e+00,-1.891500000000045922e-03,-2.506460000000000285e-03,-2.628687235576437908e-05
0.000000000000000000e+00,0.000000000000000000e+00,0.000000000000000000e+00,-1.790900000000039682e-03,-2.606299999999999763e-03,5.294937605631461208e-05
0.000000000000000000e+00,0.000000000000000000e+00,0.000000000000000000e+00,-1.690999999999998060e-03,-2.506120000000000136e-03,3.059437486922778060e-05
0.000000000000000000e+00,0.000000000000000000e+00,0.000000000000000000e+00,-1.691120000000045920e-03,-2.406289999999999731e-03,6.815624040756862456e-06
0.000000000000000000e+00,0.000000000000000000e+00,0.000000000000000000e+00,-1.590880000000072236e-03,-2.406080000000000111e-03,-1.821937647125682069e-05
0.000000000000000000e+00,0.000000000000000000e+00,0.000000000000000000e+00,-1.591030000000048794e-03,-2.306240000000000200e-03,5.565687329098234493e-05
0.000000000000000000e+00,0.000000000000000000e+00,0.000000000000000000e+00,-1.490799999999903314e-03,-2.305999999999999890e-03,2.861187328526137996e-05
0.000000000000000000e+00,0.000000000000000000e+00,0.000000000000000000e+00,-1.390759999999935381e-03,-2.205879999999999907e-03,8.131234694314093403e-07
0.000000000000000000e+00,0.000000000000000000e+00,0.000000000000000000e+00,-1.390539999999940157e-03,-2.206019999999999943e-03,-2.757187619874257312e-05
0.000000000000000000e+00,0.000000000000000000e+00,0.000000000000000000e+00,-1.290759999999946395e-03,-2.105719999999999727e-03,4.362437423854892415e-05
0.000000000000000000e+00,0.000000000000000000e+00,0.000000000000000000e+00,-1.290550000000001418e-03,-2.105849999999999823e-03,1.456937473914843295e-05
0.000000000000000000e+00,0.000000000000000000e+00,0.000000000000000000e+00,-1.190799999999936354e-03,-2.005520000000000219e-03,-1.456937473914843295e-05
0.000000000000000000e+00,0.000000000000000000e+00,0.000000000000000000e+00,-1.190399999999924852e-03,-2.005759999999999661e-03,5.637562576145394022e-05
0.000000000000000000e+00,0.000000000000000000e+00,0.000000000000000000e+00,-1.090689999999949755e-03,-1.905389999999999862e-03,2.757187619875645090e-05
0.000000000000000000e+00,0.000000000000000000e+00,0.000000000000000000e+00,-1.090499999999994252e-03,-1.905500000000000076e-03,-8.131234694175315525e-07
0.000000000000000000e+00,0.000000000000000000e+00,0.000000000000000000e+00,-1.090310000000038748e-03,-1.905609999999999422e-03,-2.861187328526137996e-05
0.000000000000000000e+00,0.000000000000000000e+00,0.000000000000000000e+00,-9.904600000000263194e-04,-1.805299999999999700e-03,4.434312670903439724e-05
0.000000000000000000e+00,0.000000000000000000e+00,0.000000000000000000e+00,-9.902800000000100411e-04,-1.805399999999999974e-03,1.821937647125682069e-05
0.000000000000000000e+00,0.000000000000000000e+00,0.000000000000000000e+00,-8.906499999999928363e-04,-1.704950000000000215e-03,-6.815624040756862456e-06
0.000000000000000000e+00,0.000000000000000000e+00,0.000000000000000000e+00,-8.903100000000607750e-04,-1.705130000000000014e-03,-3.059437486922778060e-05
0.000000000000000000e+00,0.000000000000000000e+00,0.000000000000000000e+00,-8.901399999999837220e-04,-1.705220000000000347e-03,4.705062394366743561e-05
0.000000000000000000e+00,0.000000000000000000e+00,0.000000000000000000e+00,-7.898000000000626741e-04,-1.704800000000000239e-03,2.628687235575744019e-05
0.000000000000000000e+00,0.000000000000000000e+00,0.000000000000000000e+00,-7.902400000000531222e-04,-1.604880000000000369e-03,7.281870324851724696e-06
0.000000000000000000e+00,0.000000000000000000e+00,0.000000000000000000e+00,-7.900800000000263168e-04,-1.604959999999999894e-03,-9.796882191326350409e-06
0.000000000000000000e+00,0.000000000000000000e+00,0.000000000000000000e+00,-6.897599999999837195e-04,-1.604480000000000142e-03,-2.478188523487301342e-05
0.000000000000000000e+00,0.000000000000000000e+00,0.000000000000000000e+00,-6.896000000000679364e-04,-1.604549999999999726e-03,6.249436115200734942e-05
0.000000000000000000e+00,0.000000000000000000e+00,0.000000000000000000e+00,-6.899500000000502453e-04,-1.504690000000000367e-03,5.219935692704624763e-05
0.000000000000000000e+00,0.000000000000000000e+00,0.000000000000000000e+00,-6.898000000000736875e-04,-1.504759999999999952e-03,4.450060204812256170e-05
0.000000000000000000e+00,0.000000000000000000e+00,0.000000000000000000e+00,-5.895000000000205631e-04,-1.504199999999999808e-03,3.956559647305679661e-05
0.000000000000000000e+00,0.000000000000000000e+00,0.000000000000000000e+00,-5.893500000000440053e-04,-1.504260000000000319e-03,3.756184015960006839e-05
0.000000000000000000e+00,0.000000000000000000e+00,0.000000000000000000e+00,-5.890500000000908898e-04,-1.504380000000000474e-03,3.865683306558675980e-05
0.000000000000000000e+00,0.000000000000000000e+00,0.000000000000000000e+00,-5.889000000000033097e-04,-1.504440000000000985e-03,4.301807514885125361e-05
0.000000000000000000e+00,0.000000000000000000e+00,0.000000000000000000e+00,-5.893600000000942529e-04,-1.404560000000000877e-03,5.081306636715854363e-05
0.000000000000000000e+00,0.000000000000000000e+00,0.000000000000000000e+00,-4.892199999999569116e-04,-1.403849999999999890e-03,-3.779069332164597395e-05
0.000000000000000000e+00,0.000000000000000000e+00,0.000000000000000000e+00,-4.889399999999932689e-04,-1.403949999999999296e-03,-2.262570395981933213e-05
0.000000000000000000e+00,0.000000000000000000e+00,0.000000000000000000e+00,-4.886599999999186039e-04,-1.404050000000000437e-03,-3.524465589488379180e-06
0.000000000000000000e+00,0.000000000000000000e+00,0.000000000000000000e+00,-4.885199999999922937e-04,-1.404100000000000140e-03,1.968052174713963431e-05
0.000000000000000000e+00,0.000000000000000000e+00,0.000000000000000000e+00,-4.882399999999176288e-04,-1.404199999999999546e-03,4.715675800787133554e-05
0.000000000000000000e+00,0.000000000000000000e+00,0.000000000000000000e+00,-4.880999999999913186e-04,-1.404249999999999249e-03,-2.092825684951726828e-05
0.000000000000000000e+00,0.000000000000000000e+00,0.000000000000000000e+00,-4.878199999999166536e-04,-1.404350000000000390e-03,1.559297713282781217e-05
0.000000000000000000e+00,0.000000000000000000e+00,0.000000000000000000e+00,-4.875399999999530110e-04,-1.404449999999999796e-03,5.688795991266870633e-05
0.000000000000000000e+00,0.000000000000000000e+00,0.000000000000000000e+00,-4.873999999999156785e-04,-1.404499999999999499e-03,3.124191447878565953e-06
0.000000000000000000e+00,0.000000000000000000e+00,0.000000000000000000e+00,-3.871199999999630492e-04,-1.403679999999999164e-03,5.446917169621423582e-05
0.000000000000000000e+00,0.000000000000000000e+00,0.000000000000000000e+00,-3.868399999999994066e-04,-1.403760000000000424e-03,1.109040061550436995e-05
0.000000000000000000e+00,0.000000000000000000e+00,0.000000000000000000e+00,-3.866999999999620741e-04,-1.403800000000000187e-03,-2.684462183649705125e-05
0.000000000000000000e+00,0.000000000000000000e+00,0.000000000000000000e+00,-3.864199999999984314e-04,-1.403879999999999711e-03,4.083160429810273051e-05
0.000000000000000000e+00,0.000000000000000000e+00,0.000000000000000000e+00,-3.861399999999237664e-04,-1.403959999999999236e-03,1.428657897704910251e-05
0.000000000000000000e+00,0.000000000000000000e+00,1.010033668013391069e-02,-3.929066513114857508e-04,-1.401939608895667443e-03,-6.312197841792932529e-06
0.000000000000000000e+00,0.000000000000000000e+00,1.010033668013391069e-02,-3.929066513114857508e-04,-1.401939608895667443e-03,-2.079722620071389194e-05
0.000000000000000000e+00,0.000000000000000000e+00,1.020034001360058465e-02,-3.928369885996081863e-04,-1.401960793419875862e-03,-2.900100614181000402e-05
0.000000000000000000e+00,0.000000000000000000e+00,1.030034334706725514e-02,-3.927673292927333555e-04,-1.401981989590886076e-03,-3.075603770727464159e-05
0.000000000000000000e+00,0.000000000000000000e+00,1.040034668053392737e-02,-3.926976733913392290e-04,-1.402003197408498592e-03,-2.589482093937056639e-05
0.000000000000000000e+00,0.000000000000000000e+00,1.040034668053392737e-02,-3.921776480981477493e-04,-1.501997704282483168e-03,-1.424985588023564009e-05
0.000000000000000000e+00,0.000000000000000000e+00,1.050035001400060133e-02,-3.921029955427902621e-04,-1.502019010833836703e-03,4.346357427909008919e-06
0.000000000000000000e+00,0.000000000000000000e+00,1.060035334746727356e-02,-3.920283463996749977e-04,-1.502040329864763818e-03,3.006131894292551898e-05
0.000000000000000000e+00,0.000000000000000000e+00,1.060035334746727356e-02,-4.920230282816472761e-04,-1.502570355273330016e-03,-3.693747137747949161e-05
0.000000000000000000e+00,0.000000000000000000e+00,1.070035668093394406e-02,-4.919484713054959055e-04,-1.502596686833396287e-03,3.517486424547966450e-06
0.000000000000000000e+00,0.000000000000000000e+00,1.080036001440061802e-02,-4.918739185765695025e-04,-1.502623030867285096e-03,5.159369230692267827e-05
0.000000000000000000e+00,0.000000000000000000e+00,1.080036001440061802e-02,-4.918739185765695025e-04,-1.502623030867285096e-03,7.458646227281873209e-06
0.000000000000000000e+00,0.000000000000000000e+00,1.090036334786729025e-02,-4.917993700955072042e-04,-1.502649387374747295e-03,-2.872015185648169044e-05
0.000000000000000000e+00,0.000000000000000000e+00,1.090036334786729025e-02,-4.917993700955072042e-04,-1.502649387374747295e-03,4.322479801345535666e-05
0.000000000000000000e+00,0.000000000000000000e+00,1.100036668133396074e-02,-4.917248258630588448e-04,-1.502675756355532433e-03,2.346099579486615738e-05
0.000000000000000000e+00,0.000000000000000000e+00,1.110037001480063470e-02,-4.916502858799746923e-04,-1.502702137809392444e-03,1.215594144558795886e-05
0.000000000000000000e+00,0.000000000000000000e+00,1.110037001480063470e-02,-4.910952602765611408e-04,-1.602697271795555612e-03,9.477134923371877129e-06
0.000000000000000000e+00,0.000000000000000000e+00,1.120037334826730693e-02,-4.910157245210276192e-04,-1.602723758643178351e-03,1.559207618610780610e-05
0.000000000000000000e+00,0.000000000000000000e+00,1.120037334826730693e-02,-4.910157245210276192e-04,-1.602723758643178351e-03,3.066826519151910624e-05
0.000000000000000000e+00,0.000000000000000000e+00,1.130037668173397916e-02,-4.909361930219586362e-04,-1.602750258796745760e-03,-4.512679810254882629e-05
0.000000000000000000e+00,0.000000000000000000e+00,1.130037668173397916e-02,-4.909361930219586362e-04,-1.602750258796745760e-03,-1.162561373825587996e-05
0.000000000000000000e+00,0.000000000000000000e+00,1.140038001520065139e-02,-4.908566657802654635e-04,-1.602776772256007173e-03,3.133931824218783024e-05
0.000000000000000000e+00,0.000000000000000000e+00,1.140038001520065139e-02,-4.908566657802654635e-04,-1.602776772256007173e-03,-1.606450220344168844e-05
0.000000000000000000e+00,0.000000000000000000e+00,1.140038001520065139e-02,-4.908566657802654635e-04,-1.602776772256007173e-03,4.633042488268179770e-05
0.000000000000000000e+00,0.000000000000000000e+00,1.150038334866732362e-02,-4.907771427965259810e-04,-1.602803299020713872e-03,1.869159945837306491e-05
0.000000000000000000e+00,0.000000000000000000e+00,1.150038334866732362e-02,-4.907771427965259810e-04,-1.602803299020713872e-03,1.186521481413849166e-06
0.000000000000000000e+00,0.000000000000000000e+00,1.150038334866732362e-02,-4.907771427965259810e-04,-1.602803299020713872e-03,-6.017309090333711197e-06
0.000000000000000000e+00,0.000000000000000000e+00,1.160038668213399585e-02,-4.906976240716512437e-04,-1.602829839090615409e-03,-2.752392299132377929e-06
0.000000000000000000e+00,0.000000000000000000e+00,1.160038668213399585e-02,-4.906976240716512437e-04,-1.602829839090615409e-03,1.114877181286610952e-05
0.000000000000000000e+00,0.000000000000000000e+00,1.160038668213399585e-02,-4.906976240716512437e-04,-1.602829839090615409e-03,3.585368320353776728e-05
0.000000000000000000e+00,0.000000000000000000e+00,1.160038668213399585e-02,-4.906976240716512437e-04,-1.602829839090615409e-03,-2.847015816945241973e-05
0.000000000000000000e+00,0.000000000000000000e+00,1.170039001560066981e-02,-4.906181096064413929e-04,-1.602856392465463282e-03,1.834474765179117117e-05
0.000000000000000000e+00,0.000000000000000000e+00,1.170039001560066981e-02,-4.906181096064413929e-04,-1.602856392465463282e-03,-2.353409937494443938e-05
0.000000000000000000e+00,0.000000000000000000e+00,1.170039001560066981e-02,-4.906181096064413929e-04,-1.602856392465463282e-03,4.606080070816698235e-05
0.000000000000000000e+00,0.000000000000000000e+00,1.170039001560066981e-02,-4.906181096064413929e-04,-1.602856392465463282e-03,2.729694785892633480e-05
0.000000000000000000e+00,0.000000000000000000e+00,1.170039001560066981e-02,-3.912074312475732657e-04,-1.502275662799617889e-03,2.034184203514310951e-05
0.000000000000000000e+00,0.000000000000000000e+00,1.170039001560066981e-02,-3.912074312475732657e-04,-1.502275662799617889e-03,2.536298319454066696e-05
0.000000000000000000e+00,0.000000000000000000e+00,1.170039001560066981e-02,-3.912074312475732657e-04,-1.502275662799617889e-03,4.252787129503665664e-05
0.000000000000000000e+00,0.000000000000000000e+00,1.170039001560066981e-02,-3.912074312475732657e-04,-1.502275662799617889e-03,-2.799599370553740307e-05
0.000000000000000000e+00,0.000000000000000000e+00,1.170039001560066981e-02,-3.912074312475732657e-04,-1.502275662799617889e-03,1.395888815050594367e-05
0.000000000000000000e+00,0.000000000000000000e+00,1.170039001560066981e-02,-3.917924569010287493e-04,-1.402279958787231665e-03,-3.143998317894913797e-05
0.000000000000000000e+00,0.000000000000000000e+00,1.170039001560066981e-02,-2.917967528885940078e-04,-1.401694933133771411e-03,3.597489226389583017e-05
0.000000000000000000e+00,0.000000000000000000e+00,1.170039001560066981e-02,-2.917967528885940078e-04,-1.401694933133771411e-03,1.637101443684174651e-05
0.000000000000000000e+00,0.000000000000000000e+00,1.160038668213399585e-02,-2.924464872008957547e-04,-1.301682966997961058e-03,9.915883297711980404e-06
0.000000000000000000e+00,0.000000000000000000e+00,1.160038668213399585e-02,-1.924508802763714240e-04,-1.301102941338510991e-03,1.677699880431315904e-05
0.000000000000000000e+00,0.000000000000000000e+00,1.160038668213399585e-02,-1.924508802763714240e-04,-1.301102941338510991e-03,3.712186091438252067e-05
0.000000000000000000e+00,0.000000000000000000e+00,1.150038334866732362e-02,-1.930907134246977186e-04,-1.201096179361170252e-03,-2.888203041416514960e-05
0.000000000000000000e+00,0.000000000000000000e+00,1.150038334866732362e-02,-9.309520275449009307e-05,-1.200521153701532805e-03,1.893282477638535966e-05
0.000000000000000000e+00,0.000000000000000000e+00,1.150038334866732362e-02,-9.367022841413321851e-05,-1.100525643031375310e-03,-1.926607355608178640e-05
0.000000000000000000e+00,0.000000000000000000e+00,1.140038001520065139e-02,6.270282194783167847e-06,-1.099949567740118829e-03,-4.331122545379872957e-05
0.000000000000000000e+00,0.000000000000000000e+00,1.140038001520065139e-02,5.700256540752339514e-06,-9.999541524910180237e-04,-5.303513095895884266e-05
0.000000000000000000e+00,0.000000000000000000e+00,1.130037668173397916e-02,1.050805514467074742e-04,-8.993928603099436703e-04,-4.827029011369998734e-05
0.000000000000000000e+00,0.000000000000000000e+00,1.120037334826730693e-02,1.055954831660370135e-04,-9.993922434451461920e-04,-2.884920296032655873e-05
0.000000000000000000e+00,0.000000000000000000e+00,1.120037334826730693e-02,2.055907100731915315e-04,-9.988322178192455582e-04,5.395630459009703728e-06
0.000000000000000000e+00,0.000000000000000000e+00,1.110037001480063470e-02,1.055453900199051728e-04,-9.993963142582485987e-04,-4.536828989779029264e-05
0.000000000000000000e+00,0.000000000000000000e+00,1.100036668133396074e-02,1.060453232271628545e-04,-1.099395435309213128e-03,1.902653592703029695e-05
0.000000000000000000e+00,0.000000000000000000e+00,1.100036668133396074e-02,1.060453232271628545e-04,-1.099395435309213128e-03,-1.252392108783140223e-06
0.000000000000000000e+00,0.000000000000000000e+00,1.090036334786729025e-02,5.995280959316960655e-06,-1.099944457088362221e-03,-6.037574047365601437e-06
0.000000000000000000e+00,0.000000000000000000e+00,1.080036001440061802e-02,5.940280530160974378e-06,-1.099943462459275663e-03,4.838490069103418278e-06
0.000000000000000000e+00,0.000000000000000000e+00,1.070035668093394406e-02,5.885280041600820929e-06,-1.099942476997279586e-03,3.154330019837503496e-05
0.000000000000000000e+00,0.000000000000000000e+00,1.060035334746727356e-02,-9.416440238778574538e-05,-1.100471526110936068e-03,-2.575564370173311080e-05
0.000000000000000000e+00,0.000000000000000000e+00,1.050035001400060133e-02,-9.421931507279305131e-05,-1.100465558928047632e-03,3.310915832664684810e-05
0.000000000000000000e+00,0.000000000000000000e+00,1.040034668053392737e-02,-9.427422864892607212e-05,-1.100459600906998885e-03,8.305206241288054514e-06
